217.22 41.52 6
223.51 41.02 7
233.37 42.14 11
241.79 41.87 11
250.56 40.19 7
261.68 41.04 7
459.36 37.92 4
493.50 38.00 11
271.08 42.60 7
453.68 38.70 10
467.16 38.04 5
475.92 37.68 6
483.31 38.26 4
498.75 37.99 4
545.88 37.93 8
584.43 37.40 11
592.60 36.09 6
599.57 35.37 6
606.85 35.54 13
619.39 35.82 7
646.54 35.07 7
680.31 34.12 9
707.40 34.26 7
718.98 33.57 7
727.88 33.34 7
735.88 33.78 7
747.91 33.12 7
756.39 33.31 4
762.28 33.33 9
768.47 32.59 4
774.92 32.45 10
281.90 43.66 7
291.32 41.85 7
301.58 41.07 7
311.11 41.06 7
325.97 41.98 8
349.86 41.55 5
357.97 41.32 6
365.86 42.01 7
377.16 38.88 9
420.70 40.51 7
430.58 41.20 8
442.75 39.15 7
507.13 38.46 7
523.74 37.93 7
535.03 37.64 7
557.62 37.59 7
566.69 38.53 7
627.89 37.69 7
635.66 36.18 7
656.29 37.22 7
666.27 35.86 7
691.96 36.80 9
342.26 42.58 10
391.58 41.87 8
401.95 41.82 7
412.99 43.40 7
839.77 42.32 8
856.78 40.83 9
869.08 41.79 7
879.51 40.70 9
800.56 43.02 9
810.42 43.81 7
818.74 43.10 7
828.65 43.08 7
892.50 41.77 7
900.84 41.79 6
914.67 41.78 11
908.26 41.25 7
217.14 56.39 8
233.18 55.91 8
243.92 55.51 7
252.15 56.24 6
261.50 56.16 7
303.90 54.91 7
316.14 55.65 7
526.69 50.85 4
576.03 50.23 6
620.44 49.33 6
629.55 49.46 7
707.52 48.26 7
717.06 47.28 7
726.09 48.27 8
744.48 47.46 7
754.88 45.70 9
762.26 45.51 9
269.87 56.95 4
275.14 56.72 7
284.68 56.65 4
291.37 56.55 9
330.64 56.04 9
338.77 56.23 6
371.72 54.32 8
443.92 53.09 7
452.13 52.99 7
481.95 53.32 7
492.09 53.74 7
500.52 52.57 6
509.50 51.29 6
517.55 51.43 7
533.35 51.54 9
539.98 51.64 9
560.65 51.58 4
567.28 51.62 5
582.51 51.13 7
592.20 51.82 7
600.65 50.58 7
611.98 50.33 6
639.85 50.60 7
656.53 49.45 4
660.52 50.24 9
674.76 49.74 7
684.39 49.40 7
693.80 50.33 7
730.74 48.44 4
736.25 49.31 4
774.57 47.73 7
348.14 55.86 6
358.76 56.40 7
381.83 55.26 7
391.54 55.29 7
401.16 55.84 7
410.89 55.82 8
426.60 54.74 7
435.87 55.59 7
462.20 55.22 7
470.20 55.00 5
551.39 53.22 7
648.47 52.25 9
836.77 54.22 9
857.00 55.13 9
806.21 56.75 7
817.28 57.19 9
825.39 56.49 9
845.64 56.48 7
865.29 57.42 7
873.95 55.97 7
880.35 56.22 7
888.40 55.65 8
900.56 55.65 8
916.27 55.32 7
796.36 58.83 9
250.62 71.02 7
751.22 62.91 11
214.72 72.21 10
232.51 71.98 7
242.00 70.72 7
263.75 70.99 8
272.78 71.82 11
288.77 71.15 7
301.46 70.54 9
447.76 68.54 10
501.96 67.07 7
510.90 67.36 7
529.73 66.53 10
613.43 64.44 10
625.32 64.70 5
662.44 62.29 6
685.39 63.71 7
697.19 59.64 11
709.15 61.33 11
717.66 63.33 11
729.27 62.98 7
739.49 61.76 7
757.29 61.47 11
768.64 63.20 10
311.79 70.88 7
320.16 72.85 9
334.08 70.78 7
345.50 70.84 7
354.49 72.02 11
361.64 70.41 10
369.01 69.25 10
379.80 69.89 7
388.90 69.77 7
395.78 69.06 5
404.99 69.35 7
415.65 68.85 7
423.86 69.50 4
453.61 68.65 5
472.41 68.14 6
481.07 68.07 7
490.31 68.19 11
520.89 67.81 7
534.75 66.27 10
546.21 66.50 5
581.08 67.23 9
591.90 65.89 7
598.76 65.38 5
605.54 66.18 7
633.70 65.69 7
640.16 64.31 7
647.47 65.23 4
656.12 65.39 6
670.65 64.86 4
774.76 63.37 9
436.66 68.55 11
459.83 69.61 3
465.25 69.31 4
557.84 67.37 9
568.95 67.87 4
915.90 70.24 7
794.09 73.63 7
803.53 73.27 8
812.32 72.09 8
817.46 72.36 9
824.05 72.23 4
837.76 71.79 7
844.11 71.70 9
857.18 72.03 9
865.02 71.20 4
871.09 70.85 4
882.93 70.60 8
894.51 71.09 7
908.03 70.45 7
905.23 84.70 7
913.67 84.93 10
75.11 100.11 9
858.40 86.80 7
865.43 86.57 11
874.55 85.14 8
884.28 86.77 7
894.44 85.36 7
922.64 83.68 10
55.44 101.11 7
61.43 100.65 11
86.03 101.25 7
94.43 100.92 6
104.86 100.67 7
123.44 101.05 9
794.18 88.75 9
807.61 88.49 9
819.60 88.39 10
826.84 88.28 7
838.20 86.36 7
847.56 87.29 7
113.94 100.54 6
134.44 101.37 9
148.04 102.10 7
156.95 102.60 7
167.12 102.50 7
178.38 101.77 12
914.41 98.90 9
61.25 116.13 11
89.54 114.81 7
820.20 101.99 7
827.70 102.39 6
837.15 101.34 7
848.55 101.99 7
861.43 101.68 7
886.61 100.03 9
71.14 116.99 6
78.77 116.77 7
96.57 116.08 7
107.07 115.27 8
429.22 109.18 11
442.46 109.45 7
473.03 109.78 11
808.17 102.61 7
869.43 102.38 7
875.91 100.98 9
896.61 101.49 7
903.94 101.56 7
125.25 118.48 9
455.60 109.44 9
793.21 105.80 10
800.23 104.50 11
134.71 117.58 7
144.38 117.22 7
156.10 117.22 7
169.51 116.60 7
260.05 116.90 14
274.96 113.94 21
293.91 116.19 17
331.83 112.96 14
351.37 113.37 11
366.51 112.09 11
382.63 113.31 11
409.37 113.81 11
487.94 110.91 9
516.90 110.15 17
764.68 104.38 16
182.67 117.23 11
230.48 115.02 11
308.29 113.80 17
313.76 115.37 13
394.94 114.95 11
497.47 116.09 17
526.24 110.91 7
540.24 113.22 17
551.56 111.06 11
573.83 110.23 14
617.27 110.07 11
635.49 109.39 14
655.75 109.06 11
746.18 107.10 6
214.69 115.74 17
285.21 115.64 7
587.07 111.59 7
598.54 110.83 6
604.88 110.49 7
672.00 109.66 10
701.97 109.90 11
718.72 108.99 11
731.90 108.16 7
738.29 109.01 5
755.80 108.86 5
241.72 118.71 7
687.38 111.34 11
80.86 130.29 9
58.72 131.49 8
68.95 130.88 7
854.21 116.80 8
883.47 116.12 6
892.05 114.99 7
904.22 116.03 9
914.56 114.18 9
87.76 130.80 5
95.22 131.84 7
823.79 118.21 4
830.98 119.12 10
841.88 117.37 9
864.89 116.45 7
872.41 116.89 7
107.28 131.87 7
116.59 131.68 7
796.69 120.62 12
807.30 118.98 7
813.83 119.38 9
126.87 131.82 7
136.61 132.56 7
144.29 132.14 7
153.53 131.50 7
163.67 132.59 9
170.50 132.50 10
178.20 133.28 10
185.55 134.82 9
55.48 145.63 10
71.77 145.25 8
82.66 143.91 7
890.83 130.13 7
92.51 145.89 7
100.20 145.48 7
875.23 132.47 4
881.96 131.72 9
896.83 132.86 11
904.94 131.50 11
911.81 131.35 10
117.03 146.55 8
835.95 133.68 9
850.12 135.12 11
857.61 130.99 11
867.64 131.84 7
126.52 147.10 7
135.52 147.28 7
788.62 136.09 9
798.24 135.65 7
807.27 134.95 7
816.56 135.67 7
824.95 135.52 7
143.62 148.24 7
155.16 148.61 8
168.16 148.86 7
177.79 148.16 7
272.69 147.25 7
305.51 146.37 16
357.30 145.29 14
423.18 145.03 7
484.16 141.46 7
502.83 141.77 7
540.97 141.02 9
187.54 149.11 7
222.61 148.22 21
237.00 146.14 17
283.95 146.98 7
297.07 146.90 6
369.57 148.50 11
409.17 147.62 14
446.10 144.09 16
459.61 144.08 11
473.62 141.71 24
492.50 142.99 5
553.39 142.64 11
261.61 148.02 11
322.64 147.82 11
388.48 145.14 11
433.37 145.50 6
510.23 144.65 9
525.14 144.62 11
663.93 141.92 4
337.49 147.57 9
570.34 146.14 22
576.30 143.26 15
599.29 145.01 19
683.19 142.41 7
733.71 140.02 12
608.31 144.45 11
624.79 144.83 11
644.23 145.06 17
672.41 143.37 19
692.68 144.21 7
704.24 143.58 6
713.63 142.50 16
747.83 143.00 11
762.44 143.21 7
767.94 144.72 16
656.16 144.13 7
57.47 159.92 9
70.03 162.38 7
79.06 160.42 9
91.24 159.99 9
101.40 160.57 7
117.67 160.85 7
111.09 161.65 6
868.36 147.67 7
876.49 147.69 4
910.76 146.67 10
126.53 161.87 7
133.82 163.73 7
793.05 150.62 7
802.47 150.82 7
813.90 149.75 7
825.22 149.73 7
836.98 149.19 7
846.46 148.04 6
855.62 148.44 7
882.89 147.18 10
892.87 147.22 7
902.79 147.70 7
142.19 164.33 10
147.72 163.02 4
171.92 163.42 7
786.76 151.95 11
158.85 164.47 9
179.31 162.58 11
67.22 176.81 7
77.89 176.75 7
58.46 177.17 9
95.83 177.42 9
85.85 178.71 11
108.38 177.40 7
115.40 177.11 5
791.13 164.28 11
802.20 165.31 7
812.31 165.28 7
824.26 164.36 7
832.77 164.72 7
844.42 164.86 7
872.72 164.38 7
881.20 164.39 4
888.15 164.74 9
903.66 162.44 11
123.50 179.53 7
135.16 177.93 7
150.56 179.02 11
854.67 165.35 7
863.47 164.89 7
897.00 162.27 14
912.50 164.07 13
143.06 177.72 10
158.06 179.46 7
165.21 180.23 11
174.07 177.92 9
304.02 179.43 7
326.41 179.38 7
283.82 181.21 7
314.55 181.48 6
338.32 180.60 7
355.45 182.53 14
293.90 182.17 6
369.14 181.89 9
560.42 177.69 7
721.86 175.07 5
211.94 184.10 20
232.54 184.47 14
250.00 184.05 17
272.60 182.98 11
510.09 179.97 7
539.48 179.25 4
548.01 179.24 7
711.28 176.88 7
729.89 176.49 7
742.88 175.10 7
384.12 183.19 11
502.76 179.55 20
526.69 180.29 16
566.74 178.82 13
581.89 180.87 11
627.13 178.67 7
684.60 177.14 13
763.47 177.70 16
593.74 178.67 7
604.38 176.94 16
669.16 179.40 10
700.67 178.14 6
751.77 177.32 6
617.90 179.77 7
657.88 179.85 17
637.22 182.55 7
57.12 193.30 8
68.44 192.63 9
78.29 191.96 9
88.19 192.83 9
101.22 191.57 7
108.87 192.95 7
833.23 180.26 7
845.02 178.37 8
880.65 178.44 7
116.34 192.61 10
793.68 180.66 9
805.49 181.27 7
818.13 179.68 7
825.74 181.25 7
858.94 180.74 7
870.06 179.88 8
132.15 192.81 7
141.55 193.59 7
152.45 195.27 11
161.77 191.08 11
170.34 193.49 7
177.44 193.15 4
57.65 209.54 8
66.43 208.36 7
76.58 208.89 7
84.67 209.89 7
93.70 210.57 7
105.54 210.08 7
114.30 210.31 7
124.71 208.36 11
131.96 212.05 11
140.80 210.16 7
146.90 211.03 11
158.82 211.40 7
168.14 210.22 7
178.13 211.25 7
218.11 220.77 17
244.01 220.16 11
282.10 217.30 12
205.20 221.29 21
271.03 221.84 17
289.66 217.38 15
298.63 219.44 6
355.35 220.89 19
615.81 214.27 4
641.91 213.99 9
673.07 214.08 6
749.37 212.61 28
765.21 211.88 14
330.88 222.71 7
368.85 219.92 7
567.98 215.72 7
575.59 216.45 7
622.52 215.38 5
631.29 214.64 6
654.08 213.75 7
663.05 215.46 5
689.79 214.07 11
710.66 212.02 17
724.87 213.58 7
733.80 212.54 19
56.90 225.63 11
308.05 222.60 6
379.85 218.76 17
517.47 218.73 7
552.95 219.56 9
595.93 217.19 7
603.91 216.07 16
313.88 223.05 5
322.50 223.01 4
340.69 222.70 7
500.86 219.14 21
539.62 220.06 9
74.66 226.65 7
86.30 228.32 7
94.19 227.38 6
103.32 227.75 7
117.77 226.50 7
526.09 221.49 6
129.63 229.16 7
140.15 228.92 8
151.73 228.03 7
162.75 229.59 7
176.93 229.19 9
52.98 244.48 5
86.83 245.11 8
103.58 245.39 9
64.50 246.94 8
76.58 246.53 7
115.47 246.41 7
126.40 247.28 7
130.22 247.07 7
140.64 243.81 7
151.98 245.66 9
163.88 245.75 9
174.98 245.31 9
252.54 261.43 14
309.99 263.01 13
329.95 258.97 14
52.88 262.51 10
62.50 261.28 9
208.85 262.07 7
264.67 263.83 7
275.40 262.22 5
283.52 262.85 6
76.79 261.60 9
120.44 265.94 11
129.63 264.30 9
198.49 263.53 18
222.23 264.42 7
292.98 262.28 9
364.27 264.59 9
81.95 264.55 4
88.42 264.57 7
103.74 264.37 8
115.44 264.22 10
231.99 266.66 17
350.33 265.14 11
683.26 257.28 19
755.22 252.91 4
140.23 266.70 8
152.57 265.87 9
165.24 268.39 8
375.10 262.00 20
522.10 265.33 16
543.55 264.72 15
605.96 258.99 11
652.88 260.70 9
669.52 258.96 11
712.96 257.36 13
747.97 254.48 4
758.85 253.55 19
175.70 267.47 9
499.28 265.62 16
565.49 264.72 11
591.21 262.11 6
622.51 259.64 11
642.59 261.70 17
691.97 258.80 7
738.26 257.66 21
583.71 264.55 11
725.10 257.62 10
85.12 279.25 7
52.23 279.90 8
64.72 279.61 7
73.15 281.00 7
97.32 281.08 8
108.95 280.99 7
121.56 280.21 8
132.01 281.83 7
142.98 284.67 7
150.29 283.55 7
172.27 284.52 7
163.13 284.30 7
47.54 296.48 10
64.48 295.46 7
74.10 295.82 7
82.05 297.05 7
91.62 297.23 4
98.24 296.63 9
121.65 296.81 7
243.56 298.07 14
298.83 298.90 7
104.49 297.69 11
112.16 297.66 7
129.39 298.86 7
201.20 298.73 17
138.37 300.22 7
153.46 299.24 6
161.09 299.81 4
168.55 299.55 7
222.19 300.83 14
257.41 299.74 7
270.08 299.73 7
280.89 300.35 5
288.02 300.62 6
354.06 300.12 9
687.93 290.30 4
752.64 286.92 7
176.57 299.22 10
308.46 300.26 6
317.40 301.04 7
329.33 301.64 9
343.32 300.90 9
526.24 294.68 19
623.76 294.18 7
670.64 292.21 6
679.62 292.80 6
762.65 286.11 17
383.35 301.00 14
422.50 302.07 11
432.19 300.91 7
459.78 300.59 11
495.14 299.42 7
504.17 299.29 7
537.03 298.54 7
571.22 296.72 6
595.53 296.70 9
609.70 294.75 9
658.61 293.82 9
697.23 292.00 7
707.88 291.11 7
746.29 289.63 14
366.01 301.95 7
375.27 300.96 17
405.36 301.48 15
445.41 300.40 11
482.39 300.70 14
561.67 297.58 7
585.76 298.13 18
642.95 294.30 9
717.88 291.49 7
729.60 290.42 18
549.67 299.92 8
631.83 296.40 6
48.20 307.75 9
72.43 308.16 5
79.01 306.98 7
54.50 308.67 10
66.50 310.15 10
89.09 308.89 7
99.71 308.90 6
109.91 309.17 7
131.37 309.42 7
142.82 307.60 11
150.98 308.31 7
118.72 309.79 7
159.70 309.50 7
168.87 311.02 14
175.39 310.37 10
59.48 318.44 10
71.77 318.77 11
82.29 317.55 11
87.94 319.62 4
47.50 320.64 9
100.50 320.14 9
109.72 321.70 7
119.89 321.85 9
136.39 320.88 7
726.49 310.57 7
212.29 322.49 14
249.87 322.15 16
272.68 321.61 14
705.33 313.57 9
749.48 310.83 11
427.92 321.37 11
733.41 312.57 6
757.76 313.51 22
195.73 320.69 25
225.98 321.83 23
232.82 323.96 7
243.62 323.01 6
327.20 322.75 11
342.38 322.09 9
351.88 321.77 7
363.89 323.45 20
376.51 321.19 18
396.10 319.60 14
413.72 320.33 11
472.94 320.18 9
490.23 319.83 12
536.15 317.48 11
594.77 316.84 9
660.76 315.22 11
684.57 314.87 7
694.25 314.22 6
715.16 313.32 21
298.14 322.08 24
312.11 323.64 11
385.89 322.26 4
442.66 321.02 11
459.64 320.57 10
506.41 320.03 11
521.56 319.25 7
546.76 318.56 7
569.74 318.08 8
607.52 317.24 11
620.20 316.55 11
636.38 317.15 11
673.39 316.47 7
558.90 317.37 21
578.70 319.13 4
583.40 318.89 9
648.50 318.44 7
797.04 387.09 7
787.87 387.35 7
805.58 387.49 4
777.69 389.48 14
