0.226272 0.043247 0.006250
0.232818 0.042728 0.007292
0.243090 0.043891 0.011458
0.251866 0.043609 0.011458
0.260997 0.041869 0.007292
0.272586 0.042753 0.007292
0.478499 0.039502 0.004167
0.514058 0.039581 0.011458
0.282373 0.044371 0.007292
0.472588 0.040312 0.010417
0.486623 0.039627 0.005208
0.495745 0.039249 0.006250
0.503448 0.039850 0.004167
0.519533 0.039573 0.004167
0.568624 0.039513 0.008333
0.608783 0.038960 0.011458
0.617296 0.037598 0.006250
0.624550 0.036842 0.006250
0.632138 0.037016 0.013542
0.645198 0.037313 0.007292
0.673477 0.036529 0.007292
0.708655 0.035541 0.009375
0.736870 0.035687 0.007292
0.748940 0.034973 0.007292
0.758210 0.034725 0.007292
0.766537 0.035192 0.007292
0.779077 0.034498 0.007292
0.787910 0.034694 0.004167
0.794046 0.034723 0.009375
0.800487 0.033949 0.004167
0.807209 0.033805 0.010417
0.293645 0.045479 0.007292
0.303461 0.043596 0.007292
0.314141 0.042778 0.007292
0.324071 0.042766 0.007292
0.339553 0.043731 0.008333
0.364436 0.043276 0.005208
0.372887 0.043044 0.006250
0.381106 0.043759 0.007292
0.392874 0.040495 0.009375
0.438227 0.042194 0.007292
0.448523 0.042920 0.008333
0.461195 0.040781 0.007292
0.528261 0.040065 0.007292
0.545559 0.039509 0.007292
0.557322 0.039205 0.007292
0.580856 0.039154 0.007292
0.590306 0.040135 0.007292
0.654056 0.039257 0.007292
0.662146 0.037685 0.007292
0.683637 0.038770 0.007292
0.694029 0.037356 0.007292
0.720793 0.038331 0.009375
0.356524 0.044357 0.010417
0.407893 0.043619 0.008333
0.418693 0.043566 0.007292
0.430202 0.045205 0.007292
0.874758 0.044084 0.008333
0.892481 0.042530 0.009375
0.905295 0.043532 0.007292
0.916158 0.042396 0.009375
0.833915 0.044808 0.009375
0.844190 0.045632 0.007292
0.852850 0.044901 0.007292
0.863182 0.044877 0.007292
0.929685 0.043507 0.007292
0.938378 0.043531 0.006250
0.952778 0.043521 0.011458
0.946100 0.042972 0.007292
0.226191 0.058735 0.008333
0.242892 0.058239 0.008333
0.254083 0.057827 0.007292
0.262656 0.058587 0.006250
0.272398 0.058500 0.007292
0.316564 0.057195 0.007292
0.329310 0.057966 0.007292
0.548638 0.052971 0.004167
0.600036 0.052321 0.006250
0.646287 0.051389 0.006250
0.655779 0.051517 0.007292
0.737003 0.050269 0.007292
0.746937 0.049246 0.007292
0.756348 0.050281 0.008333
0.775496 0.049435 0.007292
0.786331 0.047602 0.009375
0.794022 0.047408 0.009375
0.281120 0.059323 0.004167
0.286606 0.059084 0.007292
0.296542 0.059012 0.004167
0.303512 0.058902 0.009375
0.344414 0.058380 0.009375
0.352886 0.058570 0.006250
0.387208 0.056586 0.008333
0.462421 0.055297 0.007292
0.470965 0.055195 0.007292
0.502036 0.055543 0.007292
0.512599 0.055981 0.007292
0.521379 0.054763 0.006250
0.530728 0.053430 0.006250
0.539119 0.053568 0.007292
0.555576 0.053688 0.009375
0.562483 0.053796 0.009375
0.584009 0.053726 0.004167
0.590921 0.053773 0.005208
0.606783 0.053265 0.007292
0.616879 0.053976 0.007292
0.625677 0.052686 0.007292
0.637476 0.052432 0.006250
0.666505 0.052709 0.007292
0.683889 0.051506 0.004167
0.688044 0.052336 0.009375
0.702870 0.051808 0.007292
0.712901 0.051463 0.007292
0.722708 0.052426 0.007292
0.761183 0.050458 0.004167
0.766923 0.051361 0.004167
0.806845 0.049722 0.007292
0.362647 0.058184 0.006250
0.373712 0.058749 0.007292
0.397743 0.057564 0.007292
0.407853 0.057595 0.007292
0.417879 0.058169 0.007292
0.428006 0.058143 0.008333
0.444375 0.057023 0.007292
0.454026 0.057906 0.007292
0.481463 0.057524 0.007292
0.489787 0.057288 0.005208
0.574361 0.055441 0.007292
0.675489 0.054424 0.009375
0.871639 0.056482 0.009375
0.892709 0.057422 0.009375
0.839802 0.059114 0.007292
0.851328 0.059576 0.009375
0.859778 0.058841 0.009375
0.880875 0.058835 0.007292
0.901346 0.059811 0.007292
0.910364 0.058302 0.007292
0.917031 0.058565 0.007292
0.925418 0.057968 0.008333
0.938088 0.057971 0.008333
0.954451 0.057624 0.007292
0.829544 0.061286 0.009375
0.261058 0.073981 0.007292
0.782517 0.065534 0.011458
0.223664 0.075219 0.010417
0.242199 0.074983 0.007292
0.252088 0.073662 0.007292
0.274740 0.073944 0.008333
0.284144 0.074811 0.011458
0.300804 0.074110 0.007292
0.314017 0.073482 0.009375
0.466421 0.071393 0.010417
0.522872 0.069868 0.007292
0.532185 0.070166 0.007292
0.551803 0.069297 0.010417
0.638990 0.067124 0.010417
0.651373 0.067392 0.005208
0.690037 0.064890 0.006250
0.713947 0.066360 0.007292
0.726240 0.062125 0.011458
0.738699 0.063886 0.011458
0.747568 0.065970 0.011458
0.759660 0.065600 0.007292
0.770305 0.064332 0.007292
0.788839 0.064027 0.011458
0.800672 0.065833 0.010417
0.324784 0.073833 0.007292
0.333498 0.075886 0.009375
0.348002 0.073731 0.007292
0.359893 0.073787 0.007292
0.369258 0.075018 0.011458
0.376710 0.073339 0.010417
0.384386 0.072138 0.010417
0.395625 0.072804 0.007292
0.405107 0.072682 0.007292
0.412275 0.071937 0.005208
0.421865 0.072236 0.007292
0.432971 0.071717 0.007292
0.441520 0.072397 0.004167
0.472515 0.071509 0.005208
0.492091 0.070981 0.006250
0.501119 0.070908 0.007292
0.510738 0.071035 0.011458
0.542596 0.070637 0.007292
0.557033 0.069035 0.010417
0.568971 0.069269 0.005208
0.605296 0.070036 0.009375
0.616566 0.068631 0.007292
0.623706 0.068109 0.005208
0.630772 0.068937 0.007292
0.660108 0.068422 0.007292
0.666834 0.066992 0.007292
0.674451 0.067946 0.004167
0.683462 0.068111 0.006250
0.698593 0.067566 0.004167
0.807047 0.066008 0.009375
0.454856 0.071403 0.011458
0.478984 0.072510 0.003125
0.484639 0.072202 0.004167
0.581080 0.070173 0.009375
0.592659 0.070698 0.004167
0.954065 0.073165 0.007292
0.827179 0.076695 0.007292
0.837006 0.076327 0.008333
0.846164 0.075094 0.008333
0.851523 0.075377 0.009375
0.858389 0.075244 0.004167
0.872671 0.074779 0.007292
0.879280 0.074690 0.009375
0.892891 0.075030 0.009375
0.901060 0.074166 0.004167
0.907384 0.073801 0.004167
0.919721 0.073542 0.008333
0.931777 0.074052 0.007292
0.945869 0.073384 0.007292
0.942946 0.088225 0.007292
0.951745 0.088472 0.010417
0.078244 0.104283 0.009375
0.894168 0.090417 0.007292
0.901489 0.090179 0.011458
0.910990 0.088691 0.008333
0.921124 0.090382 0.007292
0.931709 0.088916 0.007292
0.961080 0.087165 0.010417
0.057751 0.105322 0.007292
0.063992 0.104843 0.011458
0.089618 0.105469 0.007292
0.098369 0.105123 0.006250
0.109226 0.104861 0.007292
0.128585 0.105257 0.009375
0.827269 0.092451 0.009375
0.841260 0.092179 0.009375
0.853755 0.092072 0.010417
0.861290 0.091957 0.007292
0.873120 0.089956 0.007292
0.882876 0.090925 0.007292
0.118689 0.104726 0.006250
0.140045 0.105599 0.009375
0.154204 0.106351 0.007292
0.163486 0.106873 0.007292
0.174088 0.106776 0.007292
0.185816 0.106013 0.012500
0.952506 0.103016 0.009375
0.063800 0.120967 0.011458
0.093274 0.119590 0.007292
0.854371 0.106243 0.007292
0.862186 0.106658 0.006250
0.872035 0.105560 0.007292
0.883905 0.106241 0.007292
0.897321 0.105916 0.007292
0.923553 0.104194 0.009375
0.074103 0.121870 0.006250
0.082049 0.121637 0.007292
0.100597 0.120912 0.007292
0.111527 0.120077 0.008333
0.447107 0.113725 0.011458
0.460892 0.114010 0.007292
0.492744 0.114350 0.011458
0.841846 0.106883 0.007292
0.905659 0.106649 0.007292
0.912411 0.105193 0.009375
0.933967 0.105719 0.007292
0.941602 0.105787 0.007292
0.130466 0.123411 0.009375
0.474579 0.113995 0.009375
0.826260 0.110211 0.010417
0.833576 0.108854 0.011458
0.140323 0.122481 0.007292
0.150392 0.122108 0.007292
0.162607 0.122102 0.007292
0.176570 0.121459 0.007292
0.270890 0.121771 0.014583
0.286421 0.118684 0.021875
0.306153 0.121033 0.017708
0.345654 0.117672 0.014583
0.366006 0.118089 0.011458
0.381778 0.116762 0.011458
0.398573 0.118035 0.011458
0.426422 0.118555 0.011458
0.508268 0.115527 0.009375
0.538433 0.114736 0.017708
0.796540 0.108734 0.016667
0.190278 0.122117 0.011458
0.240081 0.119815 0.011458
0.321131 0.118544 0.017708
0.326836 0.120173 0.013542
0.411394 0.119736 0.011458
0.518201 0.120931 0.017708
0.548166 0.115530 0.007292
0.562751 0.117940 0.017708
0.574544 0.115692 0.011458
0.597743 0.114824 0.014583
0.642989 0.114655 0.011458
0.661968 0.113949 0.014583
0.683068 0.113602 0.011458
0.777275 0.111563 0.006250
0.223638 0.120565 0.017708
0.297092 0.120459 0.007292
0.611528 0.116244 0.007292
0.623475 0.115445 0.006250
0.630078 0.115091 0.007292
0.700004 0.114232 0.010417
0.731217 0.114482 0.011458
0.748664 0.113534 0.011458
0.762401 0.112671 0.007292
0.769050 0.113556 0.005208
0.787288 0.113394 0.005208
0.251794 0.123652 0.007292
0.716016 0.115980 0.011458
0.084234 0.135714 0.009375
0.061164 0.136970 0.008333
0.071822 0.136333 0.007292
0.889803 0.121663 0.008333
0.920281 0.120959 0.006250
0.929222 0.119785 0.007292
0.941894 0.120869 0.009375
0.952669 0.118940 0.009375
0.091421 0.136246 0.005208
0.099187 0.137334 0.007292
0.858118 0.123140 0.004167
0.865609 0.124085 0.010417
0.876958 0.122257 0.009375
0.900932 0.121299 0.007292
0.908758 0.121756 0.007292
0.111753 0.137360 0.007292
0.121444 0.137170 0.007292
0.829889 0.125649 0.012500
0.840933 0.123938 0.007292
0.847738 0.124349 0.009375
0.132151 0.137318 0.007292
0.142303 0.138079 0.007292
0.150300 0.137642 0.007292
0.159926 0.136975 0.007292
0.170494 0.138118 0.009375
0.177602 0.138017 0.010417
0.185627 0.138832 0.010417
0.193284 0.140442 0.009375
0.057790 0.151698 0.010417
0.074758 0.151302 0.008333
0.086107 0.149905 0.007292
0.927951 0.135549 0.007292
0.096360 0.151965 0.007292
0.104376 0.151543 0.007292
0.911701 0.137987 0.004167
0.918712 0.137204 0.009375
0.934199 0.138393 0.011458
0.942641 0.136976 0.011458
0.949798 0.136819 0.010417
0.121906 0.152652 0.008333
0.870783 0.139249 0.009375
0.885540 0.140753 0.011458
0.893348 0.136447 0.011458
0.903791 0.137338 0.007292
0.131795 0.153224 0.007292
0.141171 0.153422 0.007292
0.821479 0.141755 0.009375
0.831503 0.141303 0.007292
0.840909 0.140571 0.007292
0.850580 0.141318 0.007292
0.859318 0.141169 0.007292
0.149603 0.154422 0.007292
0.161626 0.154807 0.008333
0.175163 0.155061 0.007292
0.185193 0.154333 0.007292
0.284049 0.153381 0.007292
0.318244 0.152474 0.016667
0.372185 0.151339 0.014583
0.440816 0.151069 0.007292
0.504338 0.147351 0.007292
0.523779 0.147680 0.007292
0.563514 0.146894 0.009375
0.195349 0.155321 0.007292
0.231880 0.154401 0.021875
0.246873 0.152230 0.017708
0.295777 0.153106 0.007292
0.309445 0.153022 0.006250
0.384968 0.154682 0.011458
0.426218 0.153771 0.014583
0.464683 0.150096 0.016667
0.478756 0.150086 0.011458
0.493350 0.147612 0.025000
0.513024 0.148950 0.005208
0.576450 0.148583 0.011458
0.272507 0.154183 0.011458
0.336079 0.153980 0.011458
0.404668 0.151184 0.011458
0.451429 0.151564 0.006250
0.531490 0.150678 0.009375
0.547023 0.150651 0.011458
0.691595 0.147829 0.004167
0.351550 0.153716 0.009375
0.594102 0.152230 0.022917
0.600315 0.149229 0.015625
0.624255 0.151052 0.019792
0.711661 0.148345 0.007292
0.764285 0.145856 0.012500
0.633656 0.150469 0.011458
0.650822 0.150864 0.011458
0.671076 0.151099 0.017708
0.700425 0.149343 0.019792
0.721544 0.150220 0.007292
0.733581 0.149565 0.006250
0.743363 0.148437 0.016667
0.778987 0.148955 0.011458
0.794206 0.149176 0.007292
0.799941 0.150745 0.016667
0.683497 0.150134 0.007292
0.059862 0.166580 0.009375
0.072952 0.169142 0.007292
0.082359 0.167105 0.009375
0.095037 0.166654 0.009375
0.105627 0.167260 0.007292
0.122574 0.167550 0.007292
0.115723 0.168381 0.006250
0.904546 0.153820 0.007292
0.913012 0.153841 0.004167
0.948709 0.152784 0.010417
0.131805 0.168612 0.007292
0.139401 0.170551 0.007292
0.826098 0.156894 0.007292
0.835909 0.157104 0.007292
0.847812 0.155987 0.007292
0.859606 0.155974 0.007292
0.871849 0.155407 0.007292
0.881728 0.154206 0.006250
0.891273 0.154622 0.007292
0.919681 0.153317 0.010417
0.930074 0.153351 0.007292
0.940402 0.153858 0.007292
0.148114 0.171180 0.010417
0.153876 0.169817 0.004167
0.179079 0.170227 0.007292
0.819537 0.158281 0.011458
0.165466 0.171326 0.009375
0.186784 0.169353 0.011458
0.070017 0.184179 0.007292
0.081136 0.184114 0.007292
0.060899 0.184553 0.009375
0.099819 0.184814 0.009375
0.089428 0.186155 0.011458
0.112897 0.184787 0.007292
0.120212 0.184490 0.005208
0.824099 0.171128 0.011458
0.835622 0.172199 0.007292
0.846151 0.172168 0.007292
0.858605 0.171208 0.007292
0.867466 0.171586 0.007292
0.879607 0.171725 0.007292
0.909087 0.171225 0.007292
0.917913 0.171242 0.004167
0.925154 0.171608 0.009375
0.941309 0.169205 0.011458
0.128648 0.187015 0.007292
0.140797 0.185341 0.007292
0.156838 0.186482 0.011458
0.890285 0.172244 0.007292
0.899443 0.171763 0.007292
0.934376 0.169030 0.014583
0.950523 0.170905 0.013542
0.149019 0.185120 0.010417
0.164646 0.186941 0.007292
0.172089 0.187739 0.011458
0.181325 0.185331 0.009375
0.316692 0.186904 0.007292
0.340010 0.186853 0.007292
0.295646 0.188760 0.007292
0.327659 0.189037 0.006250
0.352416 0.188129 0.007292
0.370261 0.190131 0.014583
0.306145 0.189759 0.006250
0.384518 0.189473 0.009375
0.583775 0.185098 0.007292
0.751941 0.182370 0.005208
0.220774 0.191766 0.020833
0.242229 0.192160 0.014583
0.260413 0.191714 0.017708
0.283960 0.190609 0.011458
0.531345 0.187464 0.007292
0.561957 0.186720 0.004167
0.570845 0.186706 0.007292
0.740921 0.184253 0.007292
0.760297 0.183844 0.007292
0.773838 0.182397 0.007292
0.400124 0.190827 0.011458
0.523707 0.187035 0.020833
0.548630 0.187798 0.016667
0.590352 0.186273 0.013542
0.606138 0.188406 0.011458
0.653263 0.186111 0.007292
0.713121 0.184521 0.013542
0.795276 0.185100 0.016667
0.618482 0.186114 0.007292
0.629563 0.184308 0.016667
0.697042 0.186877 0.010417
0.729866 0.185565 0.006250
0.783094 0.184708 0.006250
0.643647 0.187264 0.007292
0.685296 0.187349 0.017708
0.663769 0.190152 0.007292
0.059496 0.201350 0.008333
0.071296 0.200661 0.009375
0.081551 0.199961 0.009375
0.091863 0.200864 0.009375
0.105435 0.199549 0.007292
0.113410 0.200987 0.007292
0.867943 0.187770 0.007292
0.880225 0.185800 0.008333
0.917346 0.185878 0.007292
0.121191 0.200633 0.010417
0.826747 0.188188 0.009375
0.839055 0.188820 0.007292
0.852217 0.187168 0.007292
0.860149 0.188806 0.007292
0.894731 0.188269 0.007292
0.906318 0.187371 0.008333
0.137654 0.200843 0.007292
0.147449 0.201653 0.007292
0.158800 0.203402 0.011458
0.168515 0.199044 0.011458
0.177438 0.201552 0.007292
0.184835 0.201203 0.004167
0.060057 0.218274 0.008333
0.069194 0.217038 0.007292
0.079770 0.217590 0.007292
0.088202 0.218637 0.007292
0.097607 0.219347 0.007292
0.109942 0.218830 0.007292
0.119068 0.219073 0.007292
0.129904 0.217037 0.011458
0.137461 0.220890 0.011458
0.146665 0.218920 0.007292
0.153022 0.219825 0.011458
0.165436 0.220214 0.007292
0.175145 0.218984 0.007292
0.185551 0.220054 0.007292
0.227198 0.229973 0.017708
0.254174 0.229333 0.011458
0.293850 0.226352 0.012500
0.213747 0.230509 0.021875
0.282326 0.231079 0.017708
0.301734 0.226432 0.015625
0.311076 0.228579 0.006250
0.370152 0.230094 0.019792
0.641470 0.223203 0.004167
0.668655 0.222907 0.009375
0.701114 0.222995 0.006250
0.780589 0.221470 0.029167
0.797090 0.220709 0.014583
0.344671 0.231986 0.007292
0.384218 0.229086 0.007292
0.591651 0.224708 0.007292
0.599576 0.225465 0.007292
0.648463 0.224350 0.005208
0.657594 0.223588 0.006250
0.681330 0.222654 0.007292
0.690680 0.224434 0.005208
0.718529 0.222988 0.011458
0.740275 0.220849 0.017708
0.755074 0.222483 0.007292
0.764377 0.221401 0.019792
0.059272 0.235028 0.011458
0.320888 0.231877 0.006250
0.395682 0.227873 0.017708
0.539032 0.227848 0.007292
0.575992 0.228707 0.009375
0.620756 0.226243 0.007292
0.629075 0.225070 0.016667
0.326957 0.232348 0.005208
0.335937 0.232301 0.004167
0.354884 0.231977 0.007292
0.521732 0.228269 0.021875
0.562104 0.229230 0.009375
0.077770 0.236098 0.007292
0.089901 0.237832 0.007292
0.098110 0.236852 0.006250
0.107623 0.237242 0.007292
0.122675 0.235932 0.007292
0.548010 0.230721 0.006250
0.135033 0.238713 0.007292
0.145992 0.238462 0.008333
0.158052 0.237533 0.007292
0.169530 0.239160 0.007292
0.184299 0.238735 0.009375
0.055184 0.254665 0.005208
0.090444 0.255324 0.008333
0.107900 0.255617 0.009375
0.067192 0.257226 0.008333
0.079774 0.256800 0.007292
0.120285 0.256680 0.007292
0.131666 0.257582 0.007292
0.135644 0.257360 0.007292
0.146500 0.253967 0.007292
0.158310 0.255898 0.009375
0.170709 0.255985 0.009375
0.182266 0.255534 0.009375
0.263060 0.272319 0.014583
0.322906 0.273965 0.013542
0.343694 0.269761 0.014583
0.055081 0.273446 0.010417
0.065100 0.272168 0.009375
0.217550 0.272987 0.007292
0.275697 0.274819 0.007292
0.286876 0.273141 0.005208
0.295335 0.273804 0.006250
0.079989 0.272503 0.009375
0.125455 0.277017 0.011458
0.135036 0.275309 0.009375
0.206758 0.274507 0.018750
0.231491 0.275439 0.007292
0.305187 0.273205 0.009375
0.379450 0.275613 0.009375
0.085362 0.275570 0.004167
0.092105 0.275590 0.007292
0.108061 0.275382 0.008333
0.120247 0.275224 0.010417
0.241659 0.277771 0.017708
0.364927 0.276183 0.011458
0.711729 0.268004 0.019792
0.786687 0.263451 0.004167
0.146074 0.277812 0.008333
0.158929 0.276953 0.009375
0.172129 0.279574 0.008333
0.390725 0.272917 0.020833
0.543849 0.276387 0.016667
0.566193 0.275750 0.015625
0.631207 0.269783 0.011458
0.680082 0.271559 0.009375
0.697418 0.269754 0.011458
0.742671 0.268083 0.013542
0.779139 0.265079 0.004167
0.790468 0.264112 0.019792
0.183018 0.278610 0.009375
0.520086 0.276692 0.016667
0.589053 0.275754 0.011458
0.615845 0.273032 0.006250
0.648445 0.270455 0.011458
0.669362 0.272603 0.017708
0.720801 0.269586 0.007292
0.769017 0.268396 0.021875
0.608026 0.275577 0.011458
0.755317 0.268357 0.010417
0.088665 0.290884 0.007292
0.054404 0.291564 0.008333
0.067418 0.291261 0.007292
0.076194 0.292712 0.007292
0.101378 0.292796 0.008333
0.113489 0.292702 0.007292
0.126626 0.291880 0.008333
0.137508 0.293569 0.007292
0.148940 0.296533 0.007292
0.156556 0.295367 0.007292
0.179453 0.296376 0.007292
0.169927 0.296144 0.007292
0.049524 0.308836 0.010417
0.067166 0.307766 0.007292
0.077186 0.308146 0.007292
0.085465 0.309424 0.007292
0.095435 0.309619 0.004167
0.102336 0.308986 0.009375
0.126716 0.309181 0.007292
0.253712 0.310486 0.014583
0.311280 0.311353 0.007292
0.108848 0.310097 0.011458
0.116831 0.310066 0.007292
0.134779 0.311314 0.007292
0.209588 0.311181 0.017708
0.144139 0.312727 0.007292
0.159851 0.311708 0.006250
0.167799 0.312300 0.004167
0.175568 0.312029 0.007292
0.231452 0.313361 0.014583
0.268131 0.312226 0.007292
0.281338 0.312220 0.007292
0.292591 0.312868 0.005208
0.300017 0.313149 0.006250
0.368810 0.312625 0.009375
0.716591 0.302393 0.004167
0.784004 0.298872 0.007292
0.183926 0.311683 0.010417
0.321317 0.312774 0.006250
0.330627 0.313581 0.007292
0.343050 0.314208 0.009375
0.357625 0.313439 0.009375
0.548165 0.306955 0.019792
0.649751 0.306439 0.007292
0.698584 0.304387 0.006250
0.707932 0.304998 0.006250
0.794426 0.298030 0.017708
0.399321 0.313538 0.014583
0.440099 0.314653 0.011458
0.450198 0.313449 0.007292
0.478937 0.313118 0.011458
0.515769 0.311899 0.007292
0.525174 0.311756 0.007292
0.559410 0.310983 0.007292
0.595023 0.309079 0.006250
0.620344 0.309065 0.009375
0.635103 0.307033 0.009375
0.686047 0.306060 0.009375
0.726277 0.304163 0.007292
0.737378 0.303235 0.007292
0.777390 0.301697 0.014583
0.381255 0.314532 0.007292
0.390911 0.313503 0.017708
0.422250 0.314044 0.015625
0.463965 0.312920 0.011458
0.502485 0.313229 0.014583
0.585068 0.309984 0.007292
0.610162 0.310551 0.018750
0.669740 0.306567 0.009375
0.747790 0.303636 0.007292
0.759998 0.302517 0.018750
0.572573 0.312419 0.008333
0.658157 0.308745 0.006250
0.050211 0.320570 0.009375
0.075453 0.321002 0.005208
0.082303 0.319773 0.007292
0.056767 0.321532 0.010417
0.069267 0.323075 0.010417
0.092803 0.321765 0.007292
0.103862 0.321772 0.006250
0.114485 0.322056 0.007292
0.136844 0.322309 0.007292
0.148775 0.320413 0.011458
0.157266 0.321153 0.007292
0.123668 0.322702 0.007292
0.166358 0.322397 0.007292
0.175910 0.323981 0.014583
0.182700 0.323303 0.010417
0.061963 0.331709 0.010417
0.074761 0.332053 0.011458
0.085722 0.330782 0.011458
0.091608 0.332941 0.004167
0.049481 0.333995 0.009375
0.104683 0.333479 0.009375
0.114287 0.335100 0.007292
0.124890 0.335264 0.009375
0.142071 0.334251 0.007292
0.756755 0.323506 0.007292
0.221132 0.335932 0.014583
0.260283 0.335570 0.016667
0.284047 0.335009 0.014583
0.734722 0.326635 0.009375
0.780706 0.323783 0.011458
0.445746 0.334758 0.011458
0.763967 0.325589 0.006250
0.789329 0.326578 0.022917
0.203882 0.334048 0.026042
0.235394 0.335244 0.023958
0.242524 0.337457 0.007292
0.253767 0.336464 0.006250
0.340834 0.336202 0.011458
0.356642 0.335505 0.009375
0.366544 0.335177 0.007292
0.379053 0.336923 0.020833
0.392196 0.334577 0.018750
0.412607 0.332914 0.014583
0.430959 0.333678 0.011458
0.492649 0.333518 0.009375
0.510656 0.333160 0.012500
0.558492 0.330713 0.011458
0.619556 0.330043 0.009375
0.688289 0.328353 0.011458
0.713098 0.327989 0.007292
0.723177 0.327313 0.006250
0.744959 0.326373 0.021875
0.310563 0.335502 0.025000
0.325113 0.337127 0.011458
0.401965 0.335687 0.004167
0.461107 0.334393 0.011458
0.478787 0.333922 0.010417
0.527513 0.333361 0.011458
0.543291 0.332548 0.007292
0.569537 0.331834 0.007292
0.593475 0.331338 0.008333
0.632833 0.330463 0.011458
0.646039 0.329740 0.011458
0.662901 0.330360 0.011458
0.701445 0.329651 0.007292
0.582192 0.330595 0.021875
0.602812 0.332430 0.004167
0.607705 0.332174 0.009375
0.675523 0.331713 0.007292
0.830246 0.403220 0.007292
0.820702 0.403487 0.007292
0.839150 0.403635 0.004167
0.810097 0.405710 0.014583
