175.30 44.88 5
182.36 44.59 6
192.46 44.13 10
198.08 44.32 11
208.64 44.33 7
220.12 44.27 7
417.56 41.49 3
450.73 41.55 11
228.09 44.54 7
410.95 41.86 9
424.65 42.91 4
434.02 42.12 5
441.54 43.72 3
456.88 42.85 4
505.40 42.29 7
541.23 43.03 11
550.10 42.16 5
556.57 42.55 5
565.93 41.73 13
576.25 42.02 6
604.71 41.66 6
638.17 42.27 9
665.53 41.09 6
676.87 39.80 7
685.45 41.28 7
694.26 41.76 7
705.21 40.66 7
713.47 40.70 3
720.36 40.48 9
726.80 40.12 4
732.80 40.01 9
240.35 45.42 7
247.68 46.21 6
259.56 45.46 6
269.85 46.01 6
283.67 44.60 8
307.82 46.32 5
316.06 44.78 6
323.78 44.55 6
335.62 45.98 8
378.60 44.01 7
388.65 44.76 7
401.20 46.05 6
464.50 43.64 7
481.37 42.70 7
493.17 43.77 7
516.01 43.15 7
525.25 42.95 6
585.04 43.33 6
595.33 43.57 7
614.58 43.05 6
624.14 42.95 7
651.22 41.38 8
300.92 45.92 9
347.95 46.49 8
360.53 45.22 6
371.04 46.01 7
798.65 50.41 8
816.25 51.67 9
827.70 50.29 6
838.20 51.34 8
757.21 53.07 8
769.75 52.40 7
777.47 52.21 7
787.48 51.46 7
850.69 50.88 7
860.13 52.82 6
874.68 50.61 11
868.68 51.51 6
176.63 58.72 7
192.88 59.04 8
202.67 59.37 7
210.79 59.24 6
219.89 58.48 6
262.34 57.68 6
274.97 58.69 7
485.40 57.69 3
535.64 56.83 5
579.96 56.92 6
588.65 57.21 7
666.80 55.94 7
677.78 55.78 6
685.37 55.79 7
702.80 56.65 6
713.55 56.44 9
721.52 56.18 8
228.55 59.75 3
234.02 61.18 7
243.02 60.03 4
250.38 59.74 8
289.89 60.09 8
299.15 59.89 5
331.49 59.24 8
404.34 59.23 6
410.98 59.96 7
440.73 58.94 6
451.93 58.43 6
459.03 57.96 6
468.45 57.92 5
476.99 57.95 6
490.99 57.83 9
500.24 57.27 9
519.57 58.10 3
526.58 58.09 4
541.02 57.40 7
550.63 56.99 6
559.61 58.53 6
570.97 58.33 6
599.92 57.57 7
615.72 57.72 3
619.29 57.77 8
633.60 58.04 7
643.84 57.89 6
652.96 57.41 6
689.86 57.14 4
695.35 57.01 3
733.79 57.34 6
318.02 60.52 6
341.07 60.74 6
349.71 60.89 6
359.69 60.15 6
369.39 58.87 7
385.23 59.63 6
394.92 60.57 7
421.89 59.69 6
430.21 60.24 5
510.82 58.80 6
607.59 59.27 9
795.92 66.05 9
817.58 65.95 8
767.21 68.53 7
777.27 68.55 9
786.65 66.84 8
805.62 68.28 7
824.16 67.68 7
833.65 67.97 6
839.91 67.98 7
848.09 67.56 8
861.98 67.97 7
876.10 66.83 6
755.92 70.13 9
211.34 72.21 7
712.97 71.73 10
173.77 74.31 10
191.60 74.75 6
201.28 75.47 6
223.13 75.43 7
234.35 75.36 10
250.01 74.44 6
261.78 72.84 9
408.27 74.03 10
460.82 73.78 6
470.65 73.29 7
488.71 73.14 10
573.90 75.15 10
586.11 73.97 4
623.38 73.10 6
645.71 73.88 6
654.88 73.77 10
669.63 73.16 10
676.54 72.45 11
690.60 73.23 7
698.72 72.98 7
716.97 71.05 11
728.34 72.92 9
272.39 76.28 6
281.71 74.40 8
294.08 75.51 6
307.12 75.64 7
314.22 74.62 10
322.39 75.69 10
329.57 76.92 10
338.15 75.28 6
348.91 75.09 7
356.04 74.98 5
364.88 75.57 6
374.99 75.19 7
384.29 75.09 3
414.46 74.55 4
431.33 74.56 6
440.29 75.35 7
449.48 77.01 11
480.40 75.53 7
497.68 75.46 10
507.02 74.33 5
540.26 75.12 8
550.99 74.29 6
558.95 75.27 5
565.66 74.31 7
594.07 73.19 7
601.35 76.28 6
607.45 74.73 4
615.81 74.45 6
631.30 74.70 3
735.45 72.68 9
398.08 75.62 10
420.11 75.66 2
424.96 75.56 4
517.95 75.13 9
529.20 76.07 3
878.64 83.16 6
755.00 85.71 7
765.15 85.15 8
774.75 85.20 8
779.47 85.11 8
785.34 85.58 3
798.85 85.72 6
805.81 85.30 9
818.81 84.99 8
826.77 85.27 4
832.37 85.24 4
843.30 84.47 7
854.74 84.41 7
868.16 84.82 6
867.24 101.13 7
877.40 100.82 9
37.03 102.90 9
820.50 102.60 7
828.67 101.02 11
837.59 101.40 7
846.97 101.93 7
856.42 101.38 7
882.93 101.39 10
16.12 103.80 7
25.33 104.29 10
48.36 102.84 7
56.52 103.47 6
66.95 102.33 7
84.33 102.99 8
756.13 105.47 9
771.26 103.59 8
782.91 104.01 9
790.40 103.31 6
800.02 104.03 7
810.68 105.00 7
75.89 103.61 6
97.96 103.97 9
110.08 105.66 6
120.56 105.96 7
130.03 105.53 6
139.37 106.16 11
878.04 115.23 9
25.09 118.18 10
51.73 117.84 6
782.85 119.02 6
791.21 119.29 6
800.18 118.66 6
812.15 118.19 6
824.83 118.56 7
851.48 119.11 9
34.76 118.38 6
40.78 118.31 7
59.59 119.21 7
70.77 117.92 8
392.97 121.16 10
407.00 122.46 7
437.54 121.81 11
770.52 120.89 7
831.73 120.21 6
839.00 119.50 9
859.88 117.65 6
866.61 117.88 6
87.54 121.44 8
420.09 123.36 9
756.80 121.16 9
764.14 122.56 10
99.02 121.56 7
108.72 122.40 7
119.47 121.59 6
131.62 121.90 7
220.24 123.69 13
237.49 119.16 21
256.90 122.28 16
296.18 122.64 14
314.40 123.10 10
330.06 123.22 10
346.62 123.17 11
375.04 124.92 10
451.81 124.54 9
478.65 127.33 16
731.69 122.45 17
146.00 121.93 11
193.22 120.72 10
271.22 121.44 16
279.71 126.21 13
358.10 123.67 11
462.63 126.40 17
490.24 126.94 7
502.14 127.23 17
517.30 128.14 11
536.80 129.70 13
580.02 126.53 10
600.32 126.28 14
619.39 127.57 10
710.44 125.02 6
178.94 121.21 17
248.03 124.81 7
552.03 127.47 6
561.79 127.62 6
567.56 127.49 6
635.44 127.29 9
666.91 127.40 11
682.11 126.04 10
694.46 128.51 7
702.87 125.57 4
718.31 126.84 5
204.78 125.05 6
650.36 127.74 10
43.71 132.55 8
21.78 134.41 8
33.27 133.51 7
818.76 133.08 8
848.81 132.03 6
857.72 131.38 7
867.27 132.22 8
879.19 131.52 8
51.09 134.96 4
59.06 135.51 6
788.44 135.33 3
796.39 135.03 10
804.58 134.38 8
829.62 133.70 7
837.93 133.72 7
71.49 136.76 7
81.57 136.10 6
762.88 137.43 12
769.96 136.86 6
777.78 135.29 9
91.31 136.42 7
102.18 138.18 7
109.12 137.15 7
119.28 136.90 7
129.24 139.81 9
135.01 137.49 9
141.10 140.90 10
149.97 140.44 9
22.47 149.62 10
36.45 148.87 7
46.53 149.97 6
856.56 144.64 6
56.25 150.95 7
66.80 150.82 7
841.60 146.39 3
847.66 145.53 9
863.51 144.58 11
871.10 145.20 10
877.81 145.59 10
81.31 151.59 7
801.72 147.58 8
815.99 148.32 11
822.76 147.87 10
833.23 147.48 6
91.17 152.91 7
100.82 152.26 7
755.74 150.33 9
765.21 150.40 7
773.18 150.56 6
781.97 150.05 6
110.21 155.37 6
119.72 154.47 8
132.71 154.97 7
143.89 155.67 7
239.29 155.13 7
271.05 156.98 16
321.93 157.40 13
388.98 157.28 6
449.35 157.37 7
468.61 158.49 6
506.62 157.68 9
153.57 156.34 7
183.34 157.98 20
203.89 157.63 16
250.29 158.22 6
261.97 157.67 6
337.48 158.81 10
374.29 161.08 13
426.72 158.84 11
442.57 160.43 23
458.71 159.28 4
521.80 159.96 10
228.47 158.38 11
287.53 159.45 11
353.32 160.55 11
399.46 160.18 6
478.50 159.62 9
491.52 160.71 10
630.44 156.99 3
303.54 160.40 9
533.58 160.61 22
543.67 158.70 15
566.60 160.14 17
649.07 157.71 7
698.62 155.94 12
575.12 160.00 10
590.96 161.25 10
611.43 160.12 15
638.71 156.25 19
659.58 158.59 6
670.08 158.16 5
680.31 157.26 17
715.14 156.75 11
728.52 156.04 7
737.44 156.63 15
623.46 159.84 6
25.79 164.49 8
37.76 165.17 7
45.25 166.89 8
56.72 164.11 8
69.09 165.77 7
83.57 164.39 6
77.63 167.12 6
833.36 159.52 7
843.00 159.92 3
876.50 158.44 9
92.83 169.23 7
100.69 169.07 7
760.31 162.54 6
769.49 163.21 6
781.66 162.57 6
791.73 162.15 6
803.31 161.29 6
811.74 161.38 6
822.95 161.37 6
848.89 161.34 9
860.51 159.80 6
869.28 160.11 6
108.13 168.07 9
114.60 169.49 4
137.41 169.68 7
753.33 164.15 11
126.87 170.53 9
147.26 169.97 10
35.77 180.81 7
44.66 180.69 6
25.90 181.13 8
62.80 181.09 8
51.73 183.36 11
75.85 182.19 7
82.70 182.73 4
759.03 175.06 10
769.24 175.03 7
780.64 175.44 6
791.50 175.83 6
800.33 174.82 6
812.91 174.46 7
839.70 174.28 6
847.43 173.54 4
854.41 173.79 8
870.68 172.97 11
91.51 182.65 7
103.22 184.37 6
120.13 183.24 11
822.22 174.83 6
830.71 174.82 7
865.38 173.28 15
882.10 173.80 12
112.83 182.35 9
127.35 184.62 7
133.41 183.13 10
142.41 183.08 9
273.00 187.65 7
292.87 188.12 7
251.64 188.18 7
284.27 189.19 6
306.66 188.79 6
325.01 188.34 13
262.36 189.62 6
337.85 188.60 8
529.95 186.58 6
689.86 184.68 4
177.15 190.66 20
202.69 190.00 14
216.97 191.34 16
237.56 190.85 10
477.69 187.93 7
507.25 187.88 4
515.09 187.31 7
678.75 185.91 7
697.51 184.90 6
710.89 183.90 6
353.70 190.76 11
471.01 191.43 20
496.37 189.32 16
534.81 188.40 13
548.96 188.37 10
595.14 186.84 7
652.32 186.84 13
731.31 183.46 16
562.01 188.96 7
569.10 190.21 15
639.18 187.34 9
670.23 187.15 5
720.37 185.75 5
587.23 189.40 6
621.65 187.39 17
606.09 188.49 7
27.44 195.88 8
39.03 196.22 9
50.29 195.49 9
57.07 196.16 9
67.81 196.56 7
76.48 196.83 6
802.07 189.18 6
813.69 188.81 8
850.33 188.06 6
85.02 196.89 9
763.29 189.52 8
773.37 188.42 7
785.64 189.50 6
794.64 189.57 7
826.01 189.95 7
838.29 187.11 7
100.15 198.19 7
109.56 197.63 6
122.78 198.19 10
132.28 197.66 10
138.56 199.47 7
145.94 198.61 4
26.02 211.14 8
36.02 211.01 7
45.74 209.63 6
54.69 211.79 6
63.05 211.50 6
73.35 212.99 7
84.41 212.13 7
93.98 211.55 10
101.31 214.36 11
110.40 212.92 7
118.53 214.35 10
127.87 214.44 7
138.33 215.01 6
147.52 213.97 7
194.74 221.47 16
216.07 222.70 11
253.63 222.66 12
176.60 221.75 20
241.81 222.78 17
261.31 223.92 13
269.37 221.59 6
326.20 222.61 18
586.79 217.84 3
613.36 218.53 9
642.34 218.00 6
724.61 218.56 28
734.93 217.56 14
301.11 222.89 7
339.59 223.04 6
537.42 220.05 7
546.79 219.73 6
593.38 219.18 4
602.68 219.72 6
624.91 220.66 7
633.42 219.60 4
661.66 219.17 10
679.79 215.93 17
694.46 219.27 6
704.57 220.72 18
28.50 225.93 10
278.63 223.57 6
350.72 221.49 15
488.26 221.03 6
523.21 221.71 8
566.80 221.55 6
575.17 221.38 16
284.98 225.62 4
294.01 224.91 3
310.96 224.57 6
475.06 222.44 20
510.87 222.55 8
56.15 228.45 6
64.71 228.41 5
75.02 228.82 7
88.03 227.42 6
498.09 224.79 5
100.76 228.21 6
112.26 229.08 7
123.95 230.28 6
133.37 229.48 6
145.51 229.66 8
25.47 242.94 5
59.54 242.49 7
75.91 242.80 9
49.94 243.81 6
87.39 243.67 6
98.11 243.77 6
103.87 243.45 7
112.92 242.59 7
124.54 243.07 9
136.17 242.53 9
146.70 244.15 9
224.70 254.87 14
285.13 254.03 13
302.09 253.50 13
25.24 257.32 9
34.98 256.44 8
183.73 256.36 6
238.44 255.54 6
248.83 254.53 5
256.47 254.69 5
47.83 258.10 9
94.79 257.70 11
103.81 257.24 8
177.09 254.78 19
195.67 256.91 6
267.08 256.00 8
338.24 254.75 8
55.38 258.56 4
62.84 258.07 6
76.69 257.41 8
88.05 258.44 10
207.52 259.36 16
322.63 256.94 10
660.36 253.19 19
729.02 252.48 3
113.74 259.13 7
125.73 257.93 9
138.06 257.64 7
351.40 258.55 19
497.67 254.06 15
514.32 256.20 14
580.72 254.52 10
628.12 254.47 8
640.66 253.97 10
681.92 255.27 12
721.62 253.30 4
735.57 252.67 19
149.41 260.44 9
472.00 258.20 16
539.93 256.27 10
565.40 255.48 6
596.26 253.72 10
615.97 255.84 16
666.40 254.46 7
712.16 253.68 20
554.97 257.28 11
698.07 255.85 10
59.85 272.61 6
27.32 272.88 8
38.71 272.17 6
48.89 273.23 7
72.01 273.54 8
83.65 272.48 6
94.99 272.11 8
106.95 272.56 7
115.88 274.27 7
126.64 275.21 7
147.65 274.25 6
137.95 275.44 7
24.81 288.18 9
40.03 286.64 6
49.43 287.82 7
58.57 287.41 7
67.84 287.91 4
74.33 288.80 9
98.77 288.42 7
221.13 286.78 12
275.91 286.55 7
83.40 290.28 11
89.35 288.30 7
104.46 289.09 7
178.86 286.73 17
116.53 290.37 6
129.44 288.94 6
136.81 289.99 4
145.42 289.60 6
199.41 288.56 13
233.43 289.40 7
247.09 289.47 6
255.61 289.12 5
263.79 288.63 6
330.08 289.56 9
664.41 284.69 4
729.80 284.63 6
152.43 290.55 10
284.05 288.80 5
293.93 289.55 6
304.68 288.90 8
320.01 289.44 8
501.28 289.48 19
599.81 287.05 7
645.97 286.49 6
655.96 286.69 5
738.30 284.24 17
358.55 289.12 14
399.16 290.37 11
410.10 289.70 6
437.53 288.33 10
471.91 288.18 6
481.80 288.61 7
513.14 289.07 6
548.33 287.45 5
572.78 287.14 9
585.42 287.07 8
634.35 285.60 9
673.61 287.53 7
683.32 287.05 6
720.72 285.28 13
343.87 291.08 7
353.87 291.52 16
380.17 290.54 14
420.67 288.97 11
458.31 291.46 14
538.28 288.94 7
560.69 290.32 17
619.72 287.29 9
693.67 286.35 7
705.67 288.80 17
526.38 289.11 7
609.12 289.40 5
24.39 302.29 8
49.22 302.87 4
56.17 301.85 7
32.16 304.30 9
41.91 305.69 10
67.13 303.52 6
77.93 304.06 5
86.28 304.24 7
105.97 302.90 6
119.58 303.68 11
126.99 302.83 6
97.18 304.01 6
137.70 304.26 7
145.99 304.06 13
152.81 305.21 10
35.42 317.53 10
49.35 318.16 11
61.06 318.44 10
64.88 317.59 3
24.24 319.39 8
76.47 316.94 9
88.62 319.56 7
99.92 317.43 8
112.71 318.69 7
703.25 314.52 6
192.76 319.92 13
230.38 318.14 16
249.13 320.27 13
682.60 316.37 9
726.92 314.79 10
404.12 319.88 10
711.07 317.10 5
736.69 314.87 23
174.33 320.86 25
204.87 325.51 22
211.64 322.98 6
221.22 322.37 6
303.24 319.76 11
318.68 322.86 9
330.35 321.04 7
342.72 322.01 19
353.01 320.69 19
374.01 320.20 13
390.41 319.15 11
450.15 319.01 8
466.88 318.85 12
514.06 318.54 10
571.91 317.71 8
640.10 317.77 11
661.37 318.27 6
672.16 317.55 6
694.93 317.53 21
272.59 326.00 24
287.78 320.15 11
362.87 321.76 4
420.60 321.89 10
436.74 321.08 10
499.40 319.94 6
525.01 320.19 6
547.14 319.55 8
585.38 319.93 11
598.73 319.01 11
613.31 318.25 11
652.43 318.41 7
532.92 318.89 21
562.22 321.27 8
626.94 320.93 7
779.46 394.89 6
770.72 395.46 7
789.92 395.60 3
761.11 396.94 13
