0.182604 0.046753 0.006126
0.189960 0.046443 0.007067
0.200479 0.045971 0.010684
0.206336 0.046163 0.011836
0.217334 0.046181 0.007296
0.229294 0.046113 0.007343
0.434959 0.043224 0.004056
0.469513 0.043279 0.011935
0.237590 0.046393 0.007525
0.428069 0.043608 0.010374
0.442346 0.044703 0.005110
0.452103 0.043874 0.006174
0.459941 0.045544 0.004054
0.475919 0.044639 0.004170
0.526455 0.044052 0.008159
0.563783 0.044822 0.011686
0.573020 0.043912 0.006174
0.579765 0.044324 0.006175
0.589513 0.043473 0.014248
0.600263 0.043769 0.007112
0.629904 0.043393 0.006904
0.664765 0.044028 0.009491
0.693262 0.042800 0.006778
0.705074 0.041455 0.007357
0.714015 0.042998 0.007534
0.723190 0.043497 0.007309
0.734598 0.042350 0.007294
0.743201 0.042393 0.003877
0.750374 0.042170 0.009552
0.757087 0.041797 0.004223
0.763336 0.041679 0.010003
0.250366 0.047312 0.007765
0.258003 0.048131 0.006989
0.270376 0.047353 0.006876
0.281090 0.047925 0.006844
0.295485 0.046459 0.008341
0.320645 0.048251 0.005268
0.329233 0.046642 0.006343
0.337274 0.046406 0.007208
0.349603 0.047897 0.009117
0.394374 0.045840 0.007500
0.404841 0.046626 0.008080
0.417913 0.047974 0.006993
0.483856 0.045460 0.007638
0.501426 0.044475 0.007336
0.513716 0.045589 0.007408
0.537506 0.044953 0.007446
0.547135 0.044741 0.007150
0.609415 0.045139 0.007160
0.620135 0.045388 0.007450
0.640188 0.044848 0.007139
0.650150 0.044742 0.007375
0.678358 0.043099 0.009347
0.313462 0.047834 0.009995
0.362443 0.048425 0.008606
0.375556 0.047103 0.006973
0.386498 0.047925 0.007349
0.831929 0.052510 0.008352
0.850255 0.053818 0.009778
0.862184 0.052385 0.007015
0.873122 0.053479 0.009202
0.788763 0.055285 0.009343
0.801819 0.054583 0.007336
0.809865 0.054383 0.007506
0.820296 0.053600 0.007369
0.886131 0.052999 0.007298
0.895967 0.055021 0.006468
0.911130 0.052714 0.012273
0.904873 0.053656 0.006957
0.183987 0.061167 0.008332
0.200920 0.061502 0.008548
0.211119 0.061847 0.007313
0.219576 0.061710 0.006554
0.229049 0.060914 0.007209
0.273268 0.060087 0.007041
0.286422 0.061135 0.007507
0.505623 0.060097 0.003775
0.557959 0.059203 0.006149
0.604122 0.059291 0.006751
0.613174 0.059591 0.007298
0.694588 0.058270 0.007380
0.706020 0.058104 0.007056
0.713924 0.058116 0.008327
0.732082 0.059006 0.007257
0.743281 0.058795 0.009966
0.751587 0.058519 0.009054
0.238069 0.062243 0.003776
0.243770 0.063725 0.007392
0.253149 0.062535 0.004386
0.260811 0.062231 0.009156
0.301964 0.062599 0.008795
0.311615 0.062388 0.006023
0.345301 0.061712 0.008456
0.421189 0.061694 0.007153
0.428109 0.062461 0.007302
0.459095 0.061400 0.006709
0.470760 0.060860 0.007163
0.478161 0.060376 0.006417
0.487968 0.060333 0.006194
0.496862 0.060369 0.007038
0.511448 0.060237 0.009709
0.521087 0.059660 0.009689
0.541222 0.060521 0.004101
0.548526 0.060515 0.005077
0.563566 0.059796 0.007608
0.573577 0.059364 0.007156
0.582931 0.060973 0.007251
0.594762 0.060764 0.006632
0.624917 0.059967 0.007338
0.641378 0.060124 0.004097
0.645097 0.060179 0.008747
0.660002 0.060459 0.007300
0.670664 0.060304 0.007270
0.680164 0.059804 0.007137
0.718601 0.059520 0.004297
0.724326 0.059388 0.003984
0.764367 0.059731 0.006900
0.331268 0.063037 0.007278
0.355278 0.063275 0.006913
0.364285 0.063423 0.006993
0.374676 0.062656 0.007075
0.384780 0.061319 0.008308
0.401279 0.062119 0.007101
0.411380 0.063098 0.007516
0.439474 0.062180 0.006726
0.448133 0.062748 0.005265
0.532100 0.061254 0.007123
0.632909 0.061745 0.009494
0.829079 0.068799 0.009974
0.851641 0.068701 0.009323
0.799176 0.071384 0.007317
0.809654 0.071406 0.009611
0.819425 0.069622 0.008923
0.839190 0.071122 0.007432
0.858504 0.070503 0.007470
0.868383 0.070807 0.007235
0.874908 0.070810 0.007430
0.883427 0.070375 0.008344
0.897893 0.070802 0.008092
0.912606 0.069615 0.006944
0.787413 0.073054 0.009658
0.220150 0.075222 0.007709
0.742680 0.074723 0.011118
0.181015 0.077405 0.010515
0.199580 0.077860 0.006969
0.209663 0.078614 0.007153
0.232431 0.078572 0.008168
0.244111 0.078498 0.010982
0.260430 0.077537 0.007252
0.272687 0.075872 0.009663
0.425281 0.077112 0.010585
0.480020 0.076856 0.007143
0.490256 0.076346 0.007623
0.509077 0.076185 0.010465
0.597813 0.078285 0.011025
0.610530 0.077049 0.004964
0.649354 0.076147 0.006873
0.672619 0.076954 0.007229
0.682165 0.076848 0.010969
0.697531 0.076210 0.011014
0.704729 0.075470 0.011792
0.719373 0.076284 0.007497
0.727833 0.076019 0.007474
0.746839 0.074012 0.011666
0.758692 0.075963 0.009993
0.283738 0.079460 0.007238
0.293450 0.077496 0.008617
0.306336 0.078660 0.007058
0.319917 0.078787 0.007440
0.327315 0.077734 0.010702
0.335826 0.078844 0.011232
0.343307 0.080121 0.010841
0.352241 0.078413 0.006993
0.363444 0.078218 0.007456
0.370870 0.078104 0.005296
0.380079 0.078720 0.007243
0.390615 0.078327 0.007423
0.400305 0.078219 0.004121
0.431734 0.077657 0.005195
0.449305 0.077666 0.006355
0.458631 0.078487 0.007398
0.468208 0.080221 0.011572
0.500412 0.078679 0.007369
0.518421 0.078604 0.010748
0.528151 0.077425 0.005343
0.562770 0.078245 0.008992
0.573950 0.077382 0.007100
0.582243 0.078406 0.005464
0.589228 0.077409 0.007675
0.618825 0.076237 0.007427
0.626410 0.079457 0.007222
0.632761 0.077844 0.004282
0.641465 0.077551 0.006394
0.657603 0.077810 0.003948
0.766092 0.075705 0.009396
0.414666 0.078769 0.010914
0.437613 0.078809 0.003076
0.442669 0.078712 0.004171
0.539532 0.078265 0.009922
0.551245 0.079235 0.003868
0.915247 0.086626 0.007204
0.786462 0.089282 0.007460
0.797032 0.088700 0.008522
0.807033 0.088748 0.008574
0.811949 0.088655 0.009059
0.818067 0.089144 0.004148
0.832137 0.089296 0.007177
0.839382 0.088850 0.009792
0.852926 0.088530 0.009331
0.861220 0.088825 0.004169
0.867052 0.088793 0.004194
0.878440 0.087988 0.007963
0.890358 0.087931 0.007420
0.904333 0.088357 0.007018
0.903375 0.105349 0.007337
0.913960 0.105024 0.010160
0.038570 0.107192 0.009756
0.854689 0.106874 0.007301
0.863194 0.105230 0.012209
0.872492 0.105629 0.007702
0.882261 0.106175 0.007631
0.892102 0.105605 0.007504
0.919720 0.105613 0.010520
0.016793 0.108124 0.007837
0.026388 0.108634 0.010903
0.050377 0.107122 0.007344
0.058880 0.107777 0.006514
0.069736 0.106593 0.007442
0.087844 0.107286 0.009255
0.787637 0.109863 0.009581
0.803397 0.107903 0.009243
0.815527 0.108347 0.010296
0.823338 0.107619 0.007128
0.833357 0.108367 0.007552
0.844457 0.109371 0.007369
0.079057 0.107932 0.006783
0.102043 0.108301 0.009644
0.114664 0.110065 0.006925
0.125588 0.110379 0.007490
0.135452 0.109927 0.007022
0.145175 0.110587 0.012383
0.914628 0.120033 0.009420
0.026138 0.123108 0.011035
0.053888 0.122754 0.007167
0.815469 0.123979 0.007125
0.824180 0.124261 0.006280
0.833519 0.123607 0.007273
0.845992 0.123114 0.007266
0.859198 0.123501 0.007714
0.886962 0.124074 0.009547
0.036208 0.123307 0.006342
0.042477 0.123237 0.007563
0.062071 0.124174 0.007752
0.073717 0.122830 0.008728
0.409345 0.126205 0.011048
0.423961 0.127564 0.007422
0.455772 0.126882 0.011759
0.802622 0.125928 0.007530
0.866390 0.125214 0.007257
0.873960 0.124483 0.009398
0.895710 0.122550 0.007073
0.902719 0.122793 0.007201
0.091185 0.126501 0.009004
0.437598 0.128501 0.009780
0.788328 0.126210 0.010233
0.795982 0.127662 0.011096
0.103149 0.126624 0.007365
0.113251 0.127504 0.007318
0.124446 0.126651 0.007122
0.137107 0.126977 0.007385
0.229416 0.128848 0.014274
0.247389 0.124124 0.022253
0.267609 0.127370 0.017692
0.308518 0.127749 0.014691
0.327500 0.128226 0.011310
0.343813 0.128357 0.011198
0.361064 0.128306 0.011557
0.390670 0.130128 0.010848
0.470631 0.129733 0.009815
0.498593 0.132636 0.017435
0.762172 0.127551 0.017840
0.152088 0.127007 0.011719
0.201269 0.125746 0.011422
0.282526 0.126499 0.017346
0.291361 0.131467 0.013780
0.373024 0.128818 0.011638
0.481907 0.131665 0.017967
0.510663 0.132232 0.007499
0.523064 0.132533 0.017781
0.538853 0.133483 0.011903
0.559168 0.135109 0.014204
0.604192 0.131802 0.011379
0.625330 0.131546 0.014890
0.645195 0.132890 0.011155
0.740041 0.130224 0.006259
0.186392 0.126262 0.018630
0.258360 0.130008 0.007318
0.575028 0.132777 0.007176
0.585194 0.132942 0.006489
0.591204 0.132806 0.007011
0.661918 0.132598 0.010300
0.694695 0.132713 0.011872
0.710531 0.131289 0.011159
0.723394 0.133866 0.007355
0.732158 0.130801 0.005196
0.748244 0.132122 0.005485
0.213316 0.130256 0.006940
0.677462 0.133067 0.011248
0.045531 0.138076 0.009272
0.022686 0.140006 0.008439
0.034658 0.139078 0.007428
0.852878 0.138624 0.008453
0.884181 0.137535 0.006551
0.893457 0.136856 0.007458
0.903407 0.137726 0.008968
0.915818 0.137001 0.008916
0.053216 0.140580 0.005113
0.061524 0.141156 0.007162
0.821289 0.140966 0.004105
0.829575 0.140658 0.010787
0.838108 0.139982 0.009174
0.864186 0.139270 0.007566
0.872845 0.139289 0.007576
0.074472 0.142456 0.007299
0.084966 0.141774 0.007163
0.794667 0.143154 0.013046
0.802038 0.142558 0.007083
0.810183 0.140924 0.009527
0.095114 0.142106 0.007359
0.106442 0.143936 0.007612
0.113670 0.142860 0.007380
0.124248 0.142604 0.007297
0.134620 0.145632 0.009710
0.140637 0.143216 0.010282
0.146974 0.146771 0.010615
0.156224 0.146287 0.009417
0.023402 0.155850 0.010429
0.037967 0.155069 0.007914
0.048464 0.156217 0.007291
0.892247 0.150668 0.007042
0.058594 0.157235 0.007423
0.069587 0.157106 0.007878
0.876665 0.152493 0.004135
0.882981 0.151596 0.009666
0.899494 0.150609 0.011850
0.907398 0.151250 0.011011
0.914382 0.151652 0.010667
0.084696 0.157911 0.008244
0.835122 0.153726 0.009235
0.849989 0.154499 0.011777
0.857042 0.154027 0.011242
0.867948 0.153624 0.007166
0.094969 0.159284 0.007479
0.105025 0.158606 0.007611
0.787232 0.156593 0.009396
0.797097 0.156663 0.007457
0.805394 0.156830 0.006941
0.814547 0.156298 0.007267
0.114803 0.161846 0.007083
0.124706 0.160908 0.008515
0.138243 0.161428 0.007361
0.149890 0.162157 0.007362
0.249260 0.161591 0.007585
0.282341 0.163524 0.017382
0.335342 0.163959 0.013982
0.405189 0.163832 0.007130
0.468069 0.163928 0.007425
0.488137 0.165092 0.007217
0.527731 0.164249 0.010008
0.159970 0.162858 0.007565
0.190984 0.164558 0.021266
0.212388 0.164202 0.017254
0.260716 0.164817 0.006979
0.272881 0.164237 0.006329
0.351539 0.165432 0.011223
0.389882 0.167793 0.014249
0.444500 0.165454 0.011804
0.461011 0.167114 0.024367
0.477818 0.165914 0.005048
0.543544 0.166625 0.010725
0.237994 0.164984 0.011616
0.299513 0.166092 0.011548
0.368041 0.167237 0.011742
0.416105 0.166859 0.006554
0.498433 0.166272 0.009441
0.511998 0.167407 0.011325
0.656709 0.163533 0.003940
0.316186 0.167081 0.009409
0.555811 0.167306 0.023191
0.566324 0.165315 0.015761
0.590213 0.166807 0.018485
0.676111 0.164284 0.007597
0.727730 0.162439 0.012763
0.599087 0.166668 0.011307
0.615581 0.167971 0.011348
0.636908 0.166787 0.016555
0.665326 0.162762 0.020009
0.687067 0.165200 0.007207
0.697995 0.164747 0.006010
0.708652 0.163815 0.017782
0.744939 0.163277 0.012059
0.758875 0.162537 0.007471
0.768164 0.163157 0.016655
0.649436 0.166502 0.006985
0.026870 0.171348 0.009369
0.039328 0.172056 0.007408
0.047136 0.173845 0.009341
0.059088 0.170948 0.009364
0.071967 0.172680 0.007338
0.087048 0.171238 0.007009
0.080869 0.174086 0.006424
0.868082 0.166163 0.007541
0.878124 0.166585 0.004106
0.913017 0.165039 0.010171
0.096694 0.176280 0.007816
0.104880 0.176113 0.007574
0.791985 0.169312 0.006718
0.801550 0.170014 0.007266
0.814231 0.169343 0.007039
0.824716 0.168902 0.007066
0.836784 0.168011 0.007121
0.845563 0.168099 0.006259
0.857238 0.168092 0.007259
0.884256 0.168058 0.009959
0.896369 0.166457 0.007023
0.905497 0.166777 0.006782
0.112635 0.175071 0.010385
0.119370 0.176554 0.004205
0.143133 0.176748 0.007505
0.784714 0.170987 0.011840
0.132154 0.177637 0.009406
0.153392 0.177048 0.011301
0.037255 0.188339 0.007821
0.046525 0.188216 0.007063
0.026974 0.188672 0.008944
0.065413 0.188631 0.009228
0.053890 0.191003 0.011534
0.079008 0.189780 0.007625
0.086146 0.190347 0.005125
0.790654 0.182356 0.010829
0.801292 0.182323 0.007473
0.813164 0.182751 0.007180
0.824474 0.183158 0.007027
0.833674 0.182108 0.007066
0.846777 0.181732 0.007324
0.874685 0.181542 0.006855
0.882744 0.180772 0.004375
0.890010 0.181034 0.009321
0.906962 0.180173 0.011475
0.095326 0.190265 0.007550
0.107522 0.192048 0.007106
0.125137 0.190875 0.011481
0.856484 0.182117 0.007270
0.865319 0.182101 0.007410
0.901440 0.180500 0.015791
0.918852 0.181037 0.013036
0.117529 0.189946 0.010391
0.132654 0.192308 0.007814
0.138971 0.190755 0.011107
0.148344 0.190712 0.009887
0.284376 0.195470 0.007311
0.305076 0.195961 0.007546
0.262124 0.196022 0.007430
0.296117 0.197071 0.006317
0.319442 0.196657 0.007071
0.338556 0.196189 0.014510
0.273297 0.197517 0.006395
0.351925 0.196462 0.009252
0.552026 0.194355 0.007023
0.718608 0.192372 0.005035
0.184536 0.198601 0.021832
0.211134 0.197913 0.015372
0.226011 0.199317 0.017276
0.247462 0.198800 0.011450
0.497594 0.195756 0.007599
0.528384 0.195708 0.004208
0.536549 0.195113 0.007308
0.707035 0.193656 0.007444
0.726570 0.192603 0.007018
0.740516 0.191566 0.007122
0.368437 0.198712 0.011756
0.490633 0.199406 0.020976
0.517055 0.197205 0.016928
0.557091 0.196248 0.013584
0.571830 0.196221 0.010957
0.619939 0.194622 0.007396
0.679498 0.194621 0.014138
0.761776 0.191100 0.016959
0.585424 0.196838 0.007473
0.592812 0.198131 0.016137
0.665814 0.195149 0.010329
0.698152 0.194946 0.006154
0.750381 0.193484 0.006143
0.611696 0.197288 0.007139
0.647548 0.195201 0.018065
0.631339 0.196342 0.007429
0.028581 0.204038 0.008572
0.040656 0.204393 0.009948
0.052382 0.203635 0.009431
0.059445 0.204329 0.009524
0.070634 0.204748 0.007337
0.079667 0.205032 0.006893
0.835491 0.197060 0.007030
0.847594 0.196674 0.008466
0.885762 0.195892 0.007184
0.088567 0.205091 0.010399
0.795096 0.197413 0.008923
0.805592 0.196273 0.007363
0.818375 0.197394 0.007219
0.827755 0.197464 0.007338
0.860426 0.197868 0.007340
0.873217 0.194906 0.007875
0.104320 0.206448 0.007565
0.114122 0.205863 0.006979
0.127891 0.206443 0.011343
0.137795 0.205895 0.011279
0.144332 0.207780 0.007547
0.152017 0.206885 0.004182
0.027100 0.219937 0.008606
0.037525 0.219805 0.007343
0.047650 0.218362 0.007286
0.056965 0.220618 0.007093
0.065675 0.220314 0.007176
0.076409 0.221863 0.007302
0.087927 0.220970 0.007356
0.097898 0.220362 0.011210
0.105532 0.223290 0.012006
0.115001 0.221793 0.007367
0.123473 0.223283 0.011028
0.133196 0.223374 0.007660
0.144098 0.223968 0.006876
0.153662 0.222889 0.007390
0.202849 0.230701 0.017383
0.225077 0.231984 0.012071
0.264203 0.231942 0.012855
0.183963 0.230989 0.021013
0.251884 0.232064 0.018314
0.272201 0.233252 0.014557
0.280589 0.230825 0.006428
0.339787 0.231889 0.019763
0.611236 0.226913 0.004039
0.638915 0.227639 0.009688
0.669100 0.227084 0.006415
0.754804 0.227670 0.029362
0.765551 0.226623 0.014727
0.313658 0.232177 0.007392
0.353736 0.232332 0.007205
0.559811 0.229218 0.007431
0.569578 0.228888 0.006832
0.618104 0.228316 0.004612
0.627791 0.228875 0.006349
0.650948 0.229852 0.007389
0.659814 0.228746 0.005091
0.689233 0.228303 0.011040
0.708116 0.224925 0.018503
0.723398 0.228405 0.007165
0.733932 0.229921 0.019387
0.029689 0.235347 0.011083
0.290244 0.232888 0.006419
0.365335 0.230719 0.016381
0.508603 0.230235 0.007245
0.545014 0.230945 0.009148
0.590422 0.230785 0.007256
0.599132 0.230609 0.017045
0.296854 0.235021 0.005122
0.306261 0.234286 0.004128
0.323921 0.233932 0.006829
0.494850 0.231710 0.021468
0.532156 0.231822 0.009039
0.058486 0.237967 0.007233
0.067410 0.237932 0.006157
0.078149 0.238355 0.007330
0.091696 0.236899 0.007069
0.518847 0.234155 0.006009
0.104957 0.237722 0.006651
0.116941 0.238626 0.008312
0.129112 0.239872 0.007290
0.138925 0.239045 0.007276
0.151574 0.239227 0.009187
0.026531 0.253062 0.005391
0.062016 0.252593 0.008119
0.079074 0.252916 0.009939
0.052023 0.253969 0.007085
0.091035 0.253822 0.007191
0.102196 0.253929 0.007270
0.108197 0.253589 0.007382
0.117628 0.252699 0.007751
0.129734 0.253194 0.009414
0.141849 0.252633 0.009596
0.152808 0.254321 0.009662
0.234064 0.265489 0.014792
0.297007 0.264617 0.014415
0.314681 0.264066 0.014410
0.026287 0.268047 0.010190
0.036441 0.267129 0.008983
0.191383 0.267041 0.007220
0.248378 0.266187 0.006768
0.259202 0.265134 0.005315
0.267152 0.265301 0.006099
0.049821 0.268854 0.009575
0.098744 0.268440 0.011591
0.108131 0.267955 0.008988
0.184472 0.265393 0.020074
0.203827 0.267618 0.007098
0.278205 0.266665 0.009100
0.352330 0.265366 0.009239
0.057687 0.269336 0.004232
0.065459 0.268823 0.007022
0.079881 0.268134 0.008556
0.091723 0.269208 0.010460
0.216163 0.270169 0.017589
0.336072 0.267643 0.011046
0.687878 0.263738 0.019850
0.759398 0.263002 0.004126
0.118484 0.269925 0.007756
0.130969 0.268677 0.009468
0.143817 0.268371 0.008063
0.366042 0.269318 0.020595
0.518410 0.264641 0.016158
0.535755 0.266876 0.015427
0.604914 0.265121 0.011271
0.654288 0.265070 0.009247
0.667359 0.264549 0.011272
0.710329 0.265909 0.013218
0.751687 0.263850 0.004305
0.766224 0.263201 0.020070
0.155638 0.271288 0.009535
0.491665 0.268956 0.017390
0.562429 0.266952 0.011235
0.588954 0.266121 0.006335
0.621108 0.264293 0.011234
0.641637 0.266496 0.017176
0.694171 0.265059 0.007606
0.741835 0.264249 0.021209
0.578094 0.268000 0.012405
0.727161 0.266511 0.011243
0.062344 0.283967 0.006748
0.028453 0.284254 0.008582
0.040326 0.283511 0.007074
0.050930 0.284610 0.007424
0.075006 0.284936 0.008377
0.087139 0.283835 0.006656
0.098943 0.283447 0.008355
0.111410 0.283918 0.007611
0.120708 0.285699 0.007347
0.131914 0.286678 0.007753
0.153798 0.285673 0.007107
0.143693 0.286920 0.007757
0.025845 0.300183 0.010405
0.041702 0.298587 0.006963
0.051490 0.299809 0.007424
0.061011 0.299383 0.007712
0.070665 0.299906 0.004192
0.077429 0.300829 0.009445
0.102888 0.300434 0.007317
0.230344 0.298728 0.013500
0.287406 0.298494 0.007794
0.086874 0.302378 0.012198
0.093071 0.300313 0.007662
0.108812 0.301141 0.007398
0.186311 0.298679 0.017770
0.121387 0.302466 0.007214
0.134834 0.300975 0.006586
0.142510 0.302071 0.004283
0.151479 0.301664 0.007005
0.207715 0.300585 0.014355
0.243159 0.301460 0.007380
0.257386 0.301532 0.007156
0.266260 0.301171 0.005333
0.274786 0.300655 0.006678
0.343833 0.301621 0.010013
0.692091 0.296552 0.004266
0.760205 0.296486 0.007072
0.158785 0.302654 0.010766
0.295889 0.300834 0.005992
0.306173 0.301615 0.007172
0.317376 0.300943 0.009160
0.333345 0.301499 0.009305
0.522164 0.301543 0.020016
0.624803 0.299007 0.007561
0.672885 0.298430 0.006319
0.683287 0.298634 0.005903
0.769061 0.296081 0.018090
0.373493 0.301169 0.014987
0.415791 0.302469 0.011790
0.427189 0.301768 0.007128
0.455765 0.300344 0.011397
0.491571 0.300184 0.007185
0.501877 0.300632 0.007510
0.534520 0.301118 0.006832
0.571172 0.299425 0.006152
0.596649 0.299103 0.009808
0.609815 0.299036 0.009226
0.660784 0.297502 0.009810
0.701682 0.299513 0.007496
0.711788 0.299009 0.006824
0.750755 0.297171 0.014154
0.358194 0.303213 0.007771
0.368617 0.303670 0.016677
0.396015 0.302641 0.015302
0.438200 0.301006 0.011499
0.477411 0.303601 0.014713
0.560706 0.300979 0.007699
0.584049 0.302418 0.018124
0.645547 0.299262 0.009415
0.722571 0.298284 0.007481
0.735073 0.300838 0.018549
0.548318 0.301152 0.008076
0.634500 0.301459 0.006151
0.025411 0.314884 0.008986
0.051266 0.315487 0.005205
0.058515 0.314432 0.007560
0.033501 0.316977 0.010231
0.043655 0.318428 0.010652
0.069925 0.316164 0.006789
0.081177 0.316730 0.005852
0.089879 0.316918 0.007599
0.110384 0.315523 0.007246
0.124562 0.316334 0.011621
0.132286 0.315448 0.006920
0.101225 0.316673 0.007052
0.143436 0.316938 0.007580
0.152069 0.316724 0.014554
0.159181 0.317924 0.010638
0.036895 0.330764 0.010420
0.051406 0.331412 0.011909
0.063605 0.331706 0.011236
0.067582 0.330820 0.003838
0.025249 0.332703 0.009064
0.079657 0.330150 0.009545
0.092311 0.332870 0.007353
0.104079 0.330655 0.009285
0.117410 0.331964 0.007581
0.732548 0.327629 0.007137
0.200788 0.333247 0.013996
0.239974 0.331394 0.017153
0.259509 0.333610 0.014230
0.711044 0.329557 0.009445
0.757206 0.327904 0.010885
0.420956 0.333209 0.010870
0.740693 0.330311 0.006106
0.767386 0.327994 0.024635
0.181592 0.334232 0.026449
0.213411 0.339068 0.023720
0.220456 0.336438 0.007187
0.230436 0.335801 0.006297
0.315875 0.333087 0.011508
0.331963 0.336313 0.009601
0.344115 0.334414 0.007796
0.357005 0.335427 0.020597
0.367720 0.334055 0.020438
0.389591 0.333542 0.013626
0.406676 0.332443 0.011544
0.468908 0.332304 0.009141
0.486329 0.332134 0.012722
0.535475 0.331808 0.010935
0.595745 0.330950 0.009110
0.666769 0.331009 0.011470
0.688926 0.331532 0.006951
0.700164 0.330781 0.006917
0.723889 0.330759 0.022742
0.283948 0.339584 0.025702
0.299775 0.333493 0.011612
0.377991 0.335168 0.004239
0.438127 0.335298 0.011401
0.454939 0.334455 0.010505
0.520213 0.333270 0.007030
0.546890 0.333528 0.007245
0.569938 0.332868 0.008746
0.609772 0.333265 0.011587
0.623675 0.332306 0.012097
0.638861 0.331513 0.011855
0.679614 0.331677 0.007859
0.555125 0.332173 0.022048
0.585648 0.334653 0.009246
0.653067 0.334303 0.007598
0.811940 0.411340 0.007188
0.802836 0.411934 0.007456
0.822838 0.412080 0.003926
0.792823 0.413475 0.014358
