224.32 24.48 6
232.70 24.03 7
242.84 24.42 11
249.46 23.83 11
259.28 22.82 6
270.43 23.42 6
467.87 19.18 4
500.05 18.37 10
278.46 25.57 7
460.76 20.74 10
474.76 20.32 4
483.44 20.10 6
491.46 19.56 4
506.43 19.42 4
554.73 18.44 7
591.72 17.70 11
600.13 17.03 6
608.19 17.28 6
615.74 16.68 13
625.95 16.20 6
654.96 15.65 6
688.06 15.15 9
716.39 14.75 6
727.17 13.94 7
735.80 13.64 6
744.62 13.71 6
755.14 13.69 7
763.64 14.18 3
770.41 13.89 8
776.30 12.90 4
782.71 12.98 9
290.20 25.09 6
298.59 25.33 7
309.24 24.56 7
319.46 25.23 7
336.31 23.65 8
357.69 24.26 5
365.39 23.27 6
373.56 23.20 7
386.37 23.17 8
428.60 21.79 7
438.54 21.24 8
450.62 21.76 7
514.39 20.28 6
531.52 20.54 7
543.26 19.96 6
565.51 18.79 7
574.58 19.13 6
634.27 17.21 6
644.90 16.58 7
665.16 16.78 6
674.27 16.42 6
700.86 15.69 8
349.99 25.34 10
398.84 23.62 8
410.83 22.97 6
419.63 22.97 7
850.32 21.99 7
866.50 20.25 9
877.67 21.49 7
887.09 21.18 9
808.77 24.02 8
818.71 24.16 7
828.21 23.93 7
837.74 22.92 6
900.70 22.29 7
910.15 21.66 6
925.21 20.36 10
917.82 22.39 7
226.59 38.33 7
241.58 39.36 7
252.65 38.50 6
260.65 38.38 5
270.80 38.62 7
313.50 37.22 7
324.80 37.09 7
535.83 32.54 4
584.09 31.80 5
630.30 30.73 6
638.71 30.26 6
717.14 27.43 7
727.11 28.85 6
734.52 27.88 7
754.09 28.01 7
762.98 27.45 8
770.43 26.49 9
279.38 39.45 3
283.56 38.96 6
294.10 38.97 4
301.01 38.87 9
339.55 39.33 8
349.56 37.57 6
381.90 36.88 8
454.30 35.16 7
462.90 35.15 6
490.26 34.82 6
501.90 34.31 7
510.30 34.33 5
517.90 34.08 6
527.47 33.82 6
542.31 33.43 9
550.10 34.84 9
570.04 32.77 3
576.65 32.84 4
591.19 32.06 6
600.08 32.61 6
611.04 32.37 6
620.50 31.81 6
649.51 30.78 6
665.57 31.09 4
669.87 31.52 8
682.94 29.76 6
694.52 29.90 6
702.90 30.01 7
740.02 29.27 3
744.54 29.20 4
784.58 28.61 6
357.38 38.50 6
367.96 38.37 7
390.77 38.21 6
400.45 37.55 7
409.46 38.17 6
419.75 37.37 7
434.83 37.44 7
445.93 36.88 7
471.97 36.54 7
480.19 36.02 4
561.38 34.32 7
658.73 32.42 9
845.95 35.84 8
867.16 36.57 8
817.25 37.40 7
828.03 38.23 9
835.39 37.15 8
855.22 37.32 6
874.44 36.71 6
881.79 36.91 7
890.19 37.51 7
898.79 37.31 8
911.11 35.52 8
925.73 35.44 6
807.19 38.55 9
261.04 53.05 6
761.42 41.11 11
225.76 55.03 10
242.85 53.68 6
252.63 54.84 7
274.65 53.47 7
283.32 52.61 10
300.53 52.84 6
313.26 52.88 8
459.10 48.85 9
511.30 49.16 6
521.79 48.37 7
539.07 47.44 9
623.98 45.11 9
636.36 45.69 5
673.38 44.97 5
695.92 44.66 7
705.07 44.06 11
720.97 43.15 11
726.86 44.25 10
740.26 43.28 6
749.33 42.69 7
767.90 42.75 10
779.14 42.37 9
322.44 53.33 7
332.03 53.76 9
344.06 51.85 6
356.01 53.16 7
365.29 52.28 10
373.78 52.06 9
378.99 52.03 10
389.04 52.21 6
398.44 51.28 7
406.14 51.65 5
414.85 51.95 6
425.14 51.63 7
434.17 50.78 4
464.27 50.13 5
482.89 49.40 6
490.75 49.14 7
499.22 50.23 11
531.01 49.34 7
546.05 47.77 9
557.31 48.96 5
590.78 48.38 8
601.30 47.64 6
609.31 47.05 5
616.54 46.79 7
643.32 46.81 6
651.05 46.52 6
658.22 45.73 3
666.29 46.03 5
680.82 45.67 3
785.69 44.14 8
447.46 51.16 11
470.43 51.21 3
475.36 51.12 3
567.59 49.00 9
579.11 48.71 3
928.40 49.86 7
804.89 52.53 6
816.06 52.40 8
823.82 52.00 8
830.39 52.20 8
835.50 52.53 4
848.70 52.05 7
855.77 52.26 8
868.29 51.89 8
876.31 51.32 3
882.76 50.76 4
894.47 51.08 8
906.25 50.70 7
917.35 50.37 6
917.76 64.27 7
925.96 64.15 9
87.92 83.48 9
870.57 66.14 7
876.64 65.91 11
887.18 66.26 7
897.07 66.71 6
906.71 66.01 7
932.37 63.91 10
67.03 85.42 7
74.28 85.60 11
99.26 85.12 7
107.82 84.32 6
118.42 83.61 6
134.85 84.53 8
806.02 68.67 8
820.61 69.71 8
831.95 67.61 9
840.39 69.10 7
850.82 67.40 7
861.09 68.62 7
126.81 85.30 5
147.90 85.40 9
160.79 85.86 7
170.77 85.91 7
181.84 85.33 6
189.60 85.74 12
929.97 78.61 9
76.04 99.56 10
102.44 98.52 7
832.05 82.41 6
842.49 82.29 5
851.22 81.97 6
862.84 82.26 7
874.19 81.89 6
900.90 81.31 8
84.92 100.86 6
92.04 101.06 7
110.61 99.64 6
121.03 99.63 8
443.29 92.92 10
457.54 92.03 7
488.10 91.37 11
821.62 82.96 6
882.97 81.75 6
889.42 82.98 9
910.16 81.58 7
917.04 80.66 7
139.40 100.66 8
468.48 93.00 8
806.83 83.72 9
812.94 84.29 11
149.55 101.21 6
158.05 101.30 6
169.97 100.68 6
182.40 101.28 6
272.87 98.70 14
287.64 102.02 20
309.32 99.30 17
347.52 98.72 14
364.03 97.88 11
379.54 95.57 11
395.74 97.09 11
425.76 97.38 11
501.32 94.51 8
528.97 93.18 16
779.60 85.56 15
197.75 102.39 11
244.25 100.25 10
321.38 99.28 16
327.27 99.65 13
409.34 97.71 10
513.94 93.25 16
540.11 93.94 7
551.26 93.83 17
567.55 92.58 10
589.02 91.96 13
629.78 91.50 11
648.72 92.37 14
670.06 89.94 11
760.89 88.41 5
230.39 100.99 17
298.32 100.25 6
602.23 92.89 7
612.56 92.60 5
619.14 92.41 7
685.06 90.36 10
717.29 89.63 10
732.78 89.41 11
744.89 89.73 7
752.54 89.35 5
768.88 89.12 4
255.29 103.03 7
701.16 91.43 10
94.63 113.40 9
74.53 114.76 7
83.13 115.81 7
869.31 97.08 7
898.75 96.55 5
907.36 96.31 7
917.91 95.46 8
930.05 95.58 9
102.88 115.82 4
109.98 116.74 7
838.80 98.47 4
846.51 99.19 9
855.42 98.03 8
879.54 98.01 6
888.57 97.32 6
122.40 116.24 7
132.71 117.02 6
810.83 99.46 11
820.66 99.63 7
827.88 100.06 9
142.25 117.49 6
152.76 116.93 6
159.63 117.05 7
169.90 117.51 7
179.55 117.33 8
185.53 115.90 9
192.88 119.37 10
200.10 118.17 9
73.26 130.75 10
87.51 131.22 8
98.20 130.44 7
906.42 110.74 7
107.73 132.16 7
117.37 131.80 7
891.46 112.16 4
897.31 111.57 8
915.40 110.95 11
920.57 112.19 10
927.16 111.76 9
133.35 131.83 7
852.66 114.24 8
864.94 112.27 11
872.52 114.11 10
883.38 113.50 6
142.51 132.96 7
151.25 133.77 6
805.79 116.45 9
814.03 115.86 7
823.42 115.63 6
832.93 115.42 7
841.47 115.73 7
160.79 134.48 7
171.87 133.78 8
184.16 134.35 6
194.77 134.70 6
290.39 133.38 6
319.47 131.59 15
373.01 130.40 14
439.41 129.18 7
499.84 127.48 7
519.34 127.00 7
556.78 126.13 8
203.64 134.87 6
234.83 136.84 20
253.26 135.44 17
301.85 133.77 6
312.68 134.17 5
386.20 130.30 11
424.47 128.91 14
461.29 131.92 16
477.49 128.09 10
490.65 129.03 23
509.41 127.69 5
570.75 125.68 10
277.16 134.82 10
338.89 135.09 10
405.45 130.85 11
451.99 131.03 6
528.94 127.84 9
542.79 127.19 11
680.43 123.88 3
353.44 134.41 9
585.86 127.42 21
593.12 127.88 14
612.85 126.84 18
700.24 124.41 6
750.15 123.53 12
626.02 127.59 11
642.09 126.64 11
660.16 126.23 17
688.81 124.89 18
709.91 125.31 7
720.69 124.26 6
731.24 124.59 15
764.05 123.82 11
778.62 122.63 6
787.24 121.06 16
673.95 127.36 7
75.85 146.82 8
89.17 147.69 6
96.32 147.67 8
107.39 147.71 9
119.27 147.72 7
135.05 147.35 7
127.82 148.27 6
885.08 128.61 6
894.08 128.36 4
927.53 126.94 10
144.28 148.54 7
151.81 149.97 7
811.05 131.64 6
821.47 131.33 7
832.26 130.49 6
842.75 130.97 7
854.52 130.34 6
862.75 129.81 5
873.91 129.32 7
898.89 130.16 10
911.03 128.86 7
920.13 128.56 7
159.98 149.80 9
166.17 150.65 4
188.82 150.13 6
805.37 133.69 10
176.85 151.55 9
198.51 151.64 10
86.60 163.33 7
96.45 163.12 7
77.61 164.22 9
114.59 164.42 9
104.32 164.80 11
125.81 165.26 7
134.97 165.32 5
812.89 146.70 11
820.50 146.57 6
831.05 145.54 7
842.50 146.29 7
850.81 145.57 6
863.62 145.07 7
892.08 144.45 7
899.51 144.60 3
905.69 144.39 9
921.09 144.41 10
142.41 168.34 6
152.97 166.71 6
171.65 166.61 11
873.38 146.02 6
882.27 145.14 6
915.88 144.14 13
933.25 143.62 12
163.97 169.15 9
178.24 168.10 6
185.80 167.46 11
193.84 167.23 8
323.44 169.84 6
344.90 170.58 7
302.30 171.94 7
334.82 171.87 5
358.10 170.55 7
376.05 171.58 13
313.31 173.27 6
388.90 170.89 9
579.99 162.55 7
741.83 156.82 4
228.67 175.94 19
253.75 176.91 13
269.84 174.29 16
291.79 174.41 10
529.96 166.11 6
558.59 165.39 3
568.17 164.70 6
730.56 157.74 6
749.66 157.40 7
763.36 156.96 6
405.61 172.03 10
522.24 168.32 19
547.04 166.10 15
583.34 164.73 13
600.82 164.38 10
646.27 161.68 6
705.63 160.26 13
783.92 157.01 16
613.16 164.56 6
621.54 166.60 16
690.48 162.03 10
720.73 160.29 6
773.03 158.21 5
638.14 164.56 7
673.56 164.96 17
656.57 164.14 6
77.60 180.78 8
89.76 179.90 8
101.64 180.75 8
108.58 183.08 9
120.30 182.29 6
128.74 181.94 6
853.93 160.32 7
865.17 160.54 8
901.66 158.77 7
135.82 182.12 10
813.18 162.68 8
825.68 163.11 6
837.06 162.08 7
845.14 162.25 6
878.48 160.51 7
890.21 160.54 7
152.15 183.25 6
161.15 184.05 6
172.04 183.49 10
183.24 184.94 11
189.50 184.34 6
197.77 184.19 3
78.87 197.67 8
88.21 196.91 6
97.00 196.06 7
105.77 197.39 6
115.22 198.26 6
126.42 198.76 6
136.54 199.05 7
146.83 198.99 11
155.58 200.71 11
162.13 199.29 7
171.49 202.10 10
180.26 201.98 7
190.97 201.71 7
199.94 201.72 7
243.58 211.88 17
267.29 210.84 10
306.21 208.46 11
230.52 213.60 21
292.47 210.26 16
311.33 211.39 14
322.56 211.89 6
379.33 208.58 19
638.67 198.11 4
665.53 197.26 8
695.53 195.44 6
771.95 193.60 27
787.72 191.30 14
353.32 211.43 7
391.28 210.58 7
590.05 201.57 7
598.11 201.43 7
645.63 199.19 4
654.46 198.98 6
677.31 196.75 7
686.68 196.83 5
713.14 195.79 10
731.18 196.15 17
747.81 194.77 6
756.67 192.72 18
80.87 214.41 10
330.86 213.08 6
401.42 213.94 17
540.99 204.82 7
576.27 203.04 8
619.43 201.93 6
625.18 200.43 16
337.42 214.06 5
345.35 214.17 3
362.85 213.72 6
524.10 209.93 20
562.38 204.75 8
97.74 215.22 7
108.49 214.89 7
116.80 215.57 6
125.99 215.78 6
140.12 215.70 7
549.81 206.38 5
153.28 216.77 7
163.36 216.11 8
175.11 217.34 6
185.15 217.54 6
198.56 217.87 9
77.97 229.62 4
111.17 229.30 7
127.48 229.64 8
87.49 231.43 8
101.10 230.48 7
139.80 230.97 6
150.00 230.57 7
155.94 231.87 6
165.40 230.66 7
177.41 230.91 8
189.26 230.91 9
198.39 231.89 8
277.69 242.69 13
338.69 241.10 13
354.51 241.54 14
79.89 243.89 10
88.00 242.11 9
235.04 242.90 6
291.07 242.42 7
301.07 242.76 4
309.56 242.46 5
102.67 243.96 9
147.35 241.60 10
154.36 244.34 8
225.30 243.16 17
247.95 244.04 7
319.44 242.28 8
390.57 242.62 9
108.21 244.14 4
115.58 244.06 6
129.69 244.75 8
140.56 244.03 9
261.28 243.86 17
376.25 244.50 11
709.77 230.09 19
780.85 226.97 4
165.75 245.37 7
179.48 246.06 8
190.89 246.05 8
402.40 242.84 19
550.85 235.65 16
567.95 236.20 15
632.78 232.20 11
681.31 231.22 9
694.29 231.64 10
735.22 230.72 12
773.65 228.63 3
787.78 228.20 18
201.93 247.10 9
525.48 238.20 15
592.11 237.18 11
618.27 235.00 5
647.46 233.56 10
668.86 233.43 17
718.74 232.29 7
762.77 228.66 20
608.24 236.38 11
751.60 231.40 10
113.05 256.99 7
79.72 257.09 8
91.49 257.72 6
101.69 257.30 7
124.71 257.92 7
136.21 257.75 6
147.51 258.53 8
159.36 258.41 7
169.66 259.53 6
177.75 258.97 7
198.88 259.98 6
189.56 261.08 7
77.37 272.36 9
92.65 271.27 6
101.86 272.42 7
109.94 271.00 7
121.02 272.65 4
127.00 272.85 9
151.46 272.36 7
274.17 272.09 13
327.98 271.19 6
134.94 272.51 10
142.04 273.74 7
157.82 272.85 6
230.49 272.58 17
168.88 273.53 6
181.97 273.75 6
189.70 273.83 3
197.72 273.57 7
254.53 273.41 14
285.61 272.80 7
298.65 272.63 7
308.99 272.57 4
316.47 272.33 6
382.60 272.10 8
716.40 260.34 4
780.75 259.35 7
204.26 274.39 10
336.03 272.65 5
347.01 272.29 6
359.26 272.39 9
372.70 272.35 8
556.07 267.56 19
651.04 264.62 7
699.18 261.69 6
708.84 262.13 5
791.80 260.07 17
412.67 271.61 13
450.52 271.74 11
462.37 271.74 6
491.17 271.03 11
524.56 268.91 6
535.14 269.43 7
566.94 267.82 6
600.27 266.52 5
625.31 265.49 8
637.44 265.73 9
688.05 263.53 8
727.07 262.49 6
736.73 261.79 7
775.37 260.63 14
396.53 273.84 7
405.78 273.82 16
434.67 272.45 14
475.78 271.62 11
512.50 270.15 13
590.72 267.89 7
616.24 265.42 18
672.31 264.68 9
746.31 263.08 7
759.61 262.44 17
579.38 269.17 7
662.55 265.86 5
76.06 286.20 9
102.19 285.74 5
109.47 285.49 7
83.11 287.92 10
95.87 285.67 10
119.52 286.62 7
130.34 286.83 6
140.31 286.78 7
160.30 286.33 7
172.79 286.09 11
180.55 285.78 6
148.83 287.30 7
189.77 286.68 6
198.26 286.53 14
204.10 287.47 9
90.40 301.05 10
102.37 300.16 10
114.16 299.50 10
118.66 299.63 3
77.18 301.66 8
129.89 299.62 8
142.15 301.94 6
150.59 300.85 9
166.34 301.27 6
757.42 289.26 7
244.49 302.33 14
284.27 302.54 15
303.56 302.86 13
735.80 290.70 9
777.82 288.28 10
458.60 299.52 10
764.97 290.59 5
790.46 291.52 22
226.82 305.66 24
259.37 301.89 22
265.11 303.86 7
273.68 302.81 5
355.98 301.46 10
371.91 300.52 8
383.69 301.71 7
393.57 300.56 20
408.62 300.92 17
429.44 298.45 14
444.75 299.12 11
503.26 298.71 9
520.33 298.78 11
565.35 296.61 11
625.68 294.56 8
693.70 293.08 11
715.95 292.67 6
725.15 292.53 5
748.89 291.54 20
325.61 304.99 24
342.30 302.25 11
416.22 301.45 3
474.53 300.16 11
489.60 300.17 9
537.49 297.43 11
551.99 297.91 6
578.46 297.44 7
600.70 297.16 7
638.33 295.80 11
652.66 295.93 11
666.66 294.91 11
704.50 293.76 7
585.14 296.30 21
609.08 297.71 3
613.75 299.18 9
679.41 295.82 7
834.32 367.14 6
825.21 368.10 6
843.56 368.20 4
815.53 371.54 14
