0.233670 0.025496 0.006260
0.242400 0.025030 0.007334
0.252957 0.025442 0.011507
0.259852 0.024827 0.011492
0.270088 0.023771 0.007278
0.281700 0.024400 0.007254
0.487367 0.019976 0.004175
0.520886 0.019132 0.011428
0.290062 0.026635 0.007323
0.479961 0.021602 0.010428
0.494537 0.021163 0.005188
0.503583 0.020937 0.006259
0.511942 0.020372 0.004182
0.527533 0.020228 0.004170
0.577847 0.019205 0.008300
0.616375 0.018436 0.011474
0.625136 0.017736 0.006261
0.633536 0.017995 0.006276
0.641399 0.017375 0.013592
0.652032 0.016872 0.007258
0.682249 0.016298 0.007273
0.716732 0.015783 0.009404
0.746244 0.015368 0.007228
0.757469 0.014526 0.007321
0.766454 0.014209 0.007260
0.775650 0.014282 0.007276
0.786604 0.014260 0.007346
0.795457 0.014766 0.004165
0.802511 0.014470 0.009361
0.808644 0.013437 0.004173
0.815320 0.013517 0.010412
0.302293 0.026133 0.007268
0.311027 0.026386 0.007301
0.322123 0.025584 0.007371
0.332766 0.026277 0.007326
0.350320 0.024635 0.008352
0.372595 0.025275 0.005215
0.380611 0.024236 0.006276
0.389128 0.024163 0.007315
0.402471 0.024136 0.009334
0.446455 0.022698 0.007311
0.456813 0.022124 0.008336
0.469396 0.022669 0.007356
0.535827 0.021126 0.007284
0.553671 0.021399 0.007338
0.565901 0.020787 0.007249
0.589074 0.019569 0.007303
0.598524 0.019932 0.007265
0.660694 0.017922 0.007259
0.671775 0.017270 0.007321
0.692873 0.017484 0.007255
0.702365 0.017106 0.007287
0.730059 0.016342 0.009341
0.364570 0.026397 0.010438
0.415461 0.024609 0.008345
0.427943 0.023926 0.007211
0.437117 0.023927 0.007318
0.885745 0.022907 0.008307
0.902602 0.021093 0.009471
0.914241 0.022383 0.007325
0.924047 0.022064 0.009421
0.842472 0.025020 0.009262
0.852827 0.025168 0.007357
0.862718 0.024928 0.007294
0.872641 0.023879 0.007243
0.938232 0.023217 0.007304
0.948072 0.022560 0.006292
0.963756 0.021213 0.011368
0.956059 0.023327 0.007332
0.236036 0.039932 0.008321
0.251651 0.040995 0.008311
0.263182 0.040104 0.007277
0.271507 0.039975 0.006225
0.282084 0.040234 0.007300
0.326560 0.038769 0.007302
0.338330 0.038639 0.007330
0.558161 0.033898 0.004196
0.608430 0.033122 0.006241
0.656565 0.032015 0.006284
0.665327 0.031522 0.007250
0.747018 0.028569 0.007316
0.757401 0.030051 0.007252
0.765122 0.029039 0.008311
0.785513 0.029176 0.007314
0.794774 0.028589 0.009341
0.802530 0.027594 0.009399
0.291024 0.041096 0.004137
0.295375 0.040579 0.007266
0.306352 0.040594 0.004178
0.313552 0.040488 0.009446
0.353697 0.040970 0.009322
0.364129 0.039136 0.006299
0.397816 0.038420 0.008345
0.473233 0.036630 0.007374
0.482191 0.036614 0.007281
0.510685 0.036269 0.007274
0.522811 0.035742 0.007304
0.531561 0.035759 0.006217
0.539474 0.035502 0.006254
0.549453 0.035233 0.007290
0.564907 0.034828 0.009437
0.573019 0.036291 0.009391
0.593789 0.034134 0.004141
0.600682 0.034204 0.005175
0.615822 0.033392 0.007257
0.625086 0.033965 0.007217
0.636501 0.033719 0.007214
0.646355 0.033137 0.006316
0.676574 0.032063 0.007262
0.693305 0.032388 0.004194
0.697782 0.032829 0.009341
0.711394 0.031004 0.007277
0.723460 0.031143 0.007230
0.732193 0.031262 0.007338
0.770853 0.030494 0.004159
0.775564 0.030413 0.004202
0.817272 0.029805 0.007266
0.372270 0.040104 0.006291
0.383290 0.039971 0.007346
0.407054 0.039798 0.007237
0.417135 0.039113 0.007309
0.426516 0.039764 0.007254
0.437236 0.038930 0.008285
0.452943 0.038997 0.007296
0.464510 0.038417 0.007322
0.491632 0.038067 0.007341
0.500202 0.037522 0.005200
0.584768 0.035752 0.007328
0.686174 0.033768 0.009402
0.881202 0.037334 0.009375
0.903295 0.038090 0.009331
0.851302 0.038959 0.007293
0.862530 0.039825 0.009541
0.870199 0.038699 0.009331
0.890850 0.038870 0.007285
0.910879 0.038243 0.007259
0.918528 0.038449 0.007342
0.927283 0.039074 0.007358
0.936238 0.038860 0.008390
0.949069 0.037001 0.008417
0.964303 0.036916 0.007289
0.840826 0.040157 0.009454
0.271917 0.055261 0.007261
0.793146 0.042828 0.011548
0.235168 0.057322 0.010495
0.252967 0.055918 0.007268
0.263151 0.057122 0.007326
0.286096 0.055695 0.008287
0.295130 0.054802 0.011376
0.313052 0.055039 0.007240
0.326312 0.055083 0.009322
0.478231 0.050883 0.010356
0.532602 0.051207 0.007287
0.543529 0.050382 0.007356
0.561535 0.049417 0.010402
0.649983 0.046989 0.010371
0.662880 0.047596 0.005226
0.701434 0.046849 0.006242
0.724920 0.046524 0.007294
0.734445 0.045898 0.011480
0.751009 0.044949 0.011483
0.757147 0.046095 0.011417
0.771105 0.045088 0.007282
0.780551 0.044469 0.007326
0.799896 0.044532 0.011435
0.811601 0.044136 0.010403
0.335872 0.055556 0.007302
0.345866 0.056005 0.009394
0.358396 0.054014 0.007279
0.370845 0.055372 0.007312
0.380508 0.054460 0.011457
0.389351 0.054230 0.010346
0.394776 0.054194 0.010450
0.405253 0.054381 0.007259
0.415041 0.053418 0.007405
0.423057 0.053804 0.005216
0.432136 0.054114 0.007281
0.442857 0.053777 0.007323
0.452265 0.052899 0.004197
0.483614 0.052217 0.005248
0.503011 0.051458 0.006259
0.511193 0.051192 0.007331
0.520023 0.052318 0.011499
0.553131 0.051400 0.007295
0.568801 0.049759 0.010336
0.580536 0.050998 0.005209
0.615396 0.050398 0.009251
0.626355 0.049620 0.007258
0.634696 0.049009 0.005244
0.642234 0.048738 0.007298
0.670124 0.048765 0.007290
0.678182 0.048457 0.007259
0.685646 0.047634 0.004148
0.694055 0.047947 0.006228
0.709187 0.047578 0.004137
0.818431 0.045981 0.009266
0.466102 0.053294 0.011518
0.490035 0.053342 0.003151
0.495165 0.053247 0.004153
0.591241 0.051046 0.009411
0.603236 0.050735 0.004140
0.967084 0.051939 0.007304
0.838423 0.054715 0.007240
0.850061 0.054587 0.008372
0.858142 0.054166 0.008335
0.864994 0.054378 0.009313
0.870309 0.054721 0.004178
0.884058 0.054223 0.007353
0.891427 0.054433 0.009375
0.904465 0.054053 0.009372
0.912827 0.053461 0.004167
0.919537 0.052870 0.004169
0.931745 0.053208 0.008386
0.944015 0.052814 0.007339
0.955572 0.052465 0.007212
0.956001 0.066945 0.007336
0.964543 0.066826 0.010405
0.091587 0.086961 0.009454
0.906848 0.068898 0.007308
0.913171 0.068656 0.011514
0.924147 0.069021 0.008311
0.934453 0.069487 0.007241
0.944494 0.068758 0.007300
0.971215 0.066575 0.010467
0.069826 0.088978 0.007319
0.077371 0.089165 0.011503
0.103393 0.088663 0.007299
0.112308 0.087833 0.006272
0.123357 0.087097 0.007260
0.140471 0.088050 0.009367
0.839603 0.071536 0.009299
0.854802 0.072618 0.009372
0.866609 0.070426 0.010399
0.875402 0.071975 0.007293
0.886267 0.070209 0.007330
0.896964 0.071482 0.007293
0.132095 0.088853 0.006156
0.154066 0.088962 0.009440
0.167487 0.089438 0.007297
0.177889 0.089489 0.007320
0.189419 0.088882 0.007261
0.197504 0.089311 0.012552
0.968720 0.081882 0.009448
0.079205 0.103704 0.011362
0.106705 0.102626 0.007337
0.866720 0.085843 0.007256
0.877598 0.085717 0.006225
0.886687 0.085383 0.007291
0.898789 0.085686 0.007369
0.910611 0.085300 0.007223
0.938440 0.084693 0.009343
0.088454 0.105061 0.006251
0.095873 0.105267 0.007315
0.115223 0.103789 0.007287
0.126071 0.103780 0.008351
0.461764 0.096795 0.011396
0.476600 0.095863 0.007320
0.508439 0.095176 0.011519
0.855859 0.086419 0.007250
0.919759 0.085158 0.007262
0.926475 0.086433 0.009393
0.948082 0.084981 0.007303
0.955249 0.084026 0.007311
0.145203 0.104857 0.009315
0.488000 0.096876 0.009355
0.840447 0.087206 0.010390
0.846808 0.087803 0.011537
0.155785 0.105424 0.007288
0.164638 0.105519 0.007272
0.177056 0.104877 0.007257
0.190004 0.105498 0.007291
0.284236 0.102817 0.014672
0.299625 0.106275 0.021699
0.322204 0.103436 0.017718
0.361997 0.102838 0.014621
0.379200 0.101957 0.011575
0.395356 0.099554 0.011498
0.412230 0.101137 0.011537
0.443500 0.101436 0.011460
0.522204 0.098444 0.009307
0.551014 0.097058 0.017577
0.812086 0.089123 0.016604
0.205985 0.106660 0.011465
0.254423 0.104429 0.011440
0.334772 0.103417 0.017664
0.340902 0.103803 0.013667
0.426396 0.101780 0.011316
0.535350 0.097132 0.017611
0.562616 0.097851 0.007381
0.574232 0.097742 0.017735
0.591202 0.096439 0.011418
0.613558 0.095788 0.014498
0.656016 0.095315 0.011505
0.675748 0.096214 0.014635
0.697980 0.093692 0.011505
0.792597 0.092092 0.006208
0.239994 0.105203 0.017719
0.310746 0.104423 0.007283
0.627326 0.096763 0.007308
0.638081 0.096454 0.006197
0.644942 0.096265 0.007313
0.713599 0.094120 0.010498
0.747178 0.093369 0.011376
0.763317 0.093135 0.011509
0.775928 0.093469 0.007354
0.783899 0.093078 0.005232
0.800912 0.092828 0.005207
0.265924 0.107319 0.007296
0.730376 0.095237 0.011426
0.098574 0.118127 0.009385
0.077633 0.119543 0.008288
0.086590 0.120634 0.007293
0.905535 0.101128 0.008297
0.936202 0.100576 0.006203
0.945166 0.100321 0.007348
0.956161 0.099437 0.009285
0.968806 0.099562 0.009461
0.107168 0.120642 0.005149
0.114560 0.121606 0.007327
0.873755 0.102569 0.004171
0.881782 0.103326 0.010329
0.891064 0.102110 0.009350
0.916191 0.102089 0.007253
0.925592 0.101376 0.007256
0.127495 0.121084 0.007325
0.138238 0.121896 0.007247
0.844617 0.103603 0.012375
0.854854 0.103780 0.007334
0.862377 0.104229 0.009394
0.148172 0.122389 0.007292
0.159129 0.121806 0.007281
0.166286 0.121927 0.007318
0.176983 0.122404 0.007306
0.187031 0.122222 0.009369
0.193257 0.120730 0.010385
0.200912 0.124348 0.010475
0.208441 0.123097 0.009446
0.076308 0.136194 0.010442
0.091160 0.136687 0.008463
0.102289 0.135870 0.007300
0.944186 0.115352 0.007299
0.112223 0.137667 0.007349
0.122264 0.137296 0.007303
0.928608 0.116836 0.004172
0.934702 0.116215 0.009358
0.953541 0.115576 0.011487
0.958926 0.116866 0.011358
0.965787 0.116412 0.010377
0.138911 0.137325 0.008287
0.888186 0.119001 0.009269
0.900981 0.116951 0.011523
0.908872 0.118863 0.011439
0.920189 0.118226 0.007258
0.148449 0.138499 0.007306
0.157555 0.139342 0.007245
0.839362 0.121302 0.009419
0.847944 0.120690 0.007345
0.857730 0.120447 0.007237
0.867637 0.120228 0.007337
0.876530 0.120553 0.007299
0.167493 0.140085 0.007335
0.179033 0.139353 0.008342
0.191832 0.139949 0.007260
0.202886 0.140316 0.007231
0.302485 0.138934 0.007250
0.332777 0.137078 0.016623
0.388547 0.135834 0.014663
0.457716 0.134557 0.007316
0.520667 0.132792 0.007303
0.540979 0.132296 0.007347
0.579975 0.131383 0.009285
0.212129 0.140485 0.007247
0.244617 0.142540 0.021745
0.263807 0.141081 0.017715
0.314426 0.139346 0.007229
0.325713 0.139762 0.006231
0.402291 0.135727 0.011540
0.442151 0.134280 0.014659
0.480512 0.137413 0.016801
0.497383 0.133426 0.011425
0.511096 0.134410 0.024867
0.530634 0.133014 0.005216
0.594526 0.130919 0.011404
0.288705 0.140432 0.011453
0.353011 0.140721 0.011451
0.422348 0.136300 0.011491
0.470820 0.136493 0.006297
0.550977 0.133164 0.009443
0.565403 0.132491 0.011515
0.708781 0.129042 0.004162
0.368162 0.140012 0.009408
0.610266 0.132731 0.022873
0.617831 0.133207 0.015552
0.638387 0.132121 0.019637
0.729418 0.129591 0.007270
0.781405 0.128682 0.012534
0.652105 0.132907 0.011500
0.668841 0.131921 0.011462
0.687670 0.131489 0.017763
0.717513 0.130093 0.019736
0.739488 0.130536 0.007355
0.750719 0.129439 0.006256
0.761707 0.129779 0.016641
0.795887 0.128979 0.011499
0.811060 0.127742 0.007287
0.820038 0.126105 0.016698
0.702028 0.132664 0.007349
0.079013 0.152937 0.009337
0.092887 0.153840 0.007282
0.100332 0.153821 0.009368
0.111862 0.153868 0.009379
0.124244 0.153871 0.007365
0.140681 0.153492 0.007328
0.133148 0.154449 0.006294
0.921959 0.133965 0.007197
0.931331 0.133706 0.004179
0.966178 0.132233 0.010435
0.150296 0.154727 0.007314
0.158136 0.156214 0.007295
0.844841 0.137130 0.007269
0.855700 0.136804 0.007321
0.866935 0.135924 0.007287
0.877869 0.136426 0.007294
0.890127 0.135773 0.007271
0.898699 0.135220 0.006245
0.910328 0.134707 0.007314
0.936339 0.135585 0.010464
0.948993 0.134225 0.007293
0.958467 0.133915 0.007297
0.166641 0.156040 0.010409
0.173092 0.156931 0.004187
0.196690 0.156383 0.007278
0.838931 0.139256 0.011444
0.184221 0.157863 0.009383
0.206780 0.157958 0.011436
0.090208 0.170135 0.007305
0.100467 0.169919 0.007356
0.080845 0.171066 0.009377
0.119362 0.171270 0.009449
0.108671 0.171669 0.011517
0.131055 0.172143 0.007301
0.140593 0.172206 0.005229
0.846765 0.152815 0.011548
0.854684 0.152676 0.007262
0.865673 0.151602 0.007321
0.877600 0.152382 0.007341
0.886260 0.151637 0.007267
0.899604 0.151116 0.007345
0.929250 0.150464 0.007319
0.936989 0.150627 0.004151
0.943425 0.150406 0.009401
0.959472 0.150432 0.011379
0.148344 0.175350 0.007248
0.159345 0.173656 0.007238
0.178799 0.173550 0.011478
0.909771 0.152106 0.007280
0.919036 0.151183 0.007265
0.954037 0.150145 0.014547
0.972140 0.149602 0.013539
0.170804 0.176195 0.010401
0.185665 0.175106 0.007274
0.193540 0.174438 0.011470
0.201917 0.174200 0.009331
0.336919 0.176913 0.007273
0.359270 0.177686 0.007337
0.314891 0.179100 0.007306
0.348770 0.179028 0.006193
0.373016 0.177659 0.007351
0.391714 0.178729 0.014522
0.326367 0.180493 0.006304
0.405109 0.178015 0.009381
0.604155 0.169323 0.007329
0.772741 0.163354 0.005162
0.238197 0.183268 0.020753
0.264323 0.184281 0.014537
0.281081 0.181552 0.017659
0.303953 0.181681 0.011413
0.552039 0.173027 0.007269
0.581861 0.172282 0.004164
0.591849 0.171565 0.007269
0.761004 0.164310 0.007286
0.780900 0.163955 0.007304
0.795171 0.163499 0.007226
0.422509 0.179196 0.011445
0.544003 0.175329 0.020730
0.569834 0.173024 0.016659
0.607642 0.171597 0.013584
0.625856 0.171226 0.011376
0.673198 0.168419 0.007277
0.735035 0.166935 0.013606
0.816584 0.163547 0.016756
0.638704 0.171420 0.007272
0.647435 0.173540 0.016743
0.719247 0.168782 0.010433
0.750761 0.166967 0.006252
0.805236 0.164806 0.006234
0.664731 0.171419 0.007302
0.701623 0.171829 0.017770
0.683924 0.170981 0.007267
0.080838 0.188310 0.008353
0.093503 0.187393 0.009320
0.105873 0.188280 0.009319
0.113106 0.190710 0.009401
0.125309 0.189888 0.007284
0.134103 0.189520 0.007262
0.889514 0.167004 0.007305
0.901216 0.167230 0.008364
0.939227 0.165385 0.007294
0.141474 0.189704 0.010495
0.847059 0.169454 0.009342
0.860079 0.169904 0.007268
0.871938 0.168830 0.007326
0.880359 0.169008 0.007254
0.915083 0.167198 0.007318
0.927301 0.167233 0.008265
0.158489 0.190887 0.007255
0.167863 0.191722 0.007285
0.179209 0.191136 0.011435
0.190878 0.192641 0.011547
0.197393 0.192017 0.007256
0.206012 0.191860 0.004166
0.082157 0.205907 0.008340
0.091882 0.205111 0.007288
0.101043 0.204227 0.007334
0.110176 0.205612 0.007271
0.120025 0.206525 0.007273
0.131687 0.207039 0.007255
0.142232 0.207348 0.007324
0.152948 0.207284 0.011474
0.162060 0.209074 0.011475
0.168881 0.207593 0.007300
0.178639 0.210524 0.011394
0.187776 0.210391 0.007310
0.198925 0.210116 0.007304
0.208275 0.210121 0.007345
0.253731 0.220709 0.017747
0.278425 0.219628 0.011413
0.318972 0.217144 0.012481
0.240120 0.222500 0.022075
0.304656 0.219016 0.017602
0.324306 0.220194 0.015518
0.335996 0.220724 0.006258
0.395141 0.217275 0.019937
0.665281 0.206368 0.004168
0.693264 0.205475 0.009320
0.724506 0.203580 0.006320
0.804116 0.201671 0.029056
0.820539 0.199273 0.014645
0.368040 0.220244 0.007345
0.407585 0.219357 0.007296
0.614640 0.209969 0.007314
0.623031 0.209826 0.007347
0.672528 0.207489 0.005175
0.681731 0.207275 0.006275
0.705527 0.204951 0.007336
0.715289 0.205033 0.005242
0.742859 0.203949 0.011435
0.761650 0.204320 0.017750
0.778973 0.202885 0.007271
0.788199 0.200752 0.019733
0.084242 0.223345 0.011405
0.344644 0.221956 0.006270
0.418145 0.222857 0.017727
0.563536 0.213358 0.007334
0.600280 0.211505 0.009263
0.645234 0.210341 0.007259
0.651228 0.208779 0.016696
0.351476 0.222974 0.005254
0.359736 0.223097 0.004152
0.377966 0.222626 0.007227
0.545938 0.218677 0.021813
0.585815 0.213283 0.009373
0.101807 0.224188 0.007323
0.113014 0.223844 0.007335
0.121671 0.224548 0.006274
0.131242 0.224775 0.007290
0.145957 0.224690 0.007370
0.572718 0.214976 0.006229
0.159662 0.225804 0.007293
0.170170 0.225116 0.008360
0.182408 0.226400 0.007274
0.192864 0.226599 0.007285
0.206828 0.226946 0.009408
0.081215 0.239192 0.005186
0.115804 0.238853 0.008328
0.132790 0.239204 0.009370
0.091132 0.241078 0.008431
0.105313 0.240080 0.007324
0.145621 0.240592 0.007269
0.156246 0.240181 0.007322
0.162438 0.241526 0.007255
0.172292 0.240267 0.007310
0.184807 0.240530 0.009301
0.197147 0.240530 0.009413
0.206653 0.241557 0.009371
0.289262 0.252799 0.014492
0.352805 0.251146 0.013576
0.369286 0.251608 0.014652
0.083218 0.254054 0.010442
0.091669 0.252202 0.009387
0.244831 0.253023 0.007247
0.303193 0.252524 0.007324
0.313618 0.252873 0.005154
0.322455 0.252562 0.006235
0.106946 0.254128 0.009472
0.153492 0.251666 0.011384
0.160793 0.254520 0.009295
0.234688 0.253296 0.018670
0.258277 0.254208 0.007308
0.332752 0.252375 0.009375
0.406841 0.252724 0.009425
0.112721 0.254314 0.004169
0.120394 0.254229 0.007256
0.135097 0.254944 0.008375
0.146418 0.254194 0.010391
0.272169 0.254024 0.017774
0.391925 0.254691 0.011542
0.739346 0.239674 0.019849
0.813390 0.236422 0.004195
0.172656 0.255596 0.008286
0.186956 0.256310 0.009359
0.198848 0.256301 0.008344
0.419167 0.252958 0.020719
0.573804 0.245464 0.016784
0.591613 0.246045 0.015728
0.659141 0.241878 0.011490
0.709700 0.240859 0.009407
0.723221 0.241290 0.011456
0.765855 0.240338 0.013476
0.805882 0.238155 0.004156
0.820600 0.237709 0.019776
0.210345 0.257401 0.009390
0.547379 0.248125 0.016663
0.616779 0.247063 0.011480
0.644033 0.244789 0.006212
0.674435 0.243289 0.011421
0.696726 0.243152 0.017732
0.748686 0.241969 0.007330
0.794556 0.238188 0.021708
0.633581 0.246231 0.011483
0.782919 0.241037 0.010460
0.117759 0.267698 0.007293
0.083043 0.267805 0.008341
0.095299 0.268455 0.007281
0.105924 0.268025 0.007294
0.129901 0.268667 0.008322
0.141881 0.268485 0.007241
0.153657 0.269298 0.008394
0.166003 0.269175 0.007307
0.176726 0.270341 0.007276
0.185154 0.269761 0.007344
0.207172 0.270816 0.007285
0.197454 0.271961 0.007319
0.080591 0.283708 0.010335
0.096511 0.282569 0.007274
0.106100 0.283773 0.007335
0.114517 0.282288 0.007349
0.126063 0.284014 0.004208
0.132290 0.284222 0.009447
0.157775 0.283710 0.007361
0.285591 0.283422 0.014541
0.341651 0.282486 0.007245
0.140558 0.283865 0.011327
0.147959 0.285151 0.007300
0.164399 0.284216 0.007287
0.240092 0.283936 0.017854
0.175915 0.284931 0.007288
0.189551 0.285157 0.006305
0.197600 0.285243 0.004136
0.205963 0.284969 0.007361
0.265133 0.284804 0.014587
0.297507 0.284163 0.007346
0.311095 0.283994 0.007332
0.321865 0.283924 0.005189
0.329661 0.283677 0.006282
0.398544 0.283433 0.009352
0.746250 0.271192 0.004188
0.813279 0.270157 0.007318
0.212771 0.285828 0.010446
0.350036 0.284011 0.006249
0.361464 0.283639 0.007288
0.374226 0.283738 0.009384
0.388225 0.283695 0.009267
0.579244 0.278709 0.019904
0.678164 0.275643 0.007294
0.728311 0.272589 0.006261
0.738372 0.273053 0.006225
0.824795 0.270904 0.017748
0.429864 0.282931 0.014559
0.469287 0.283061 0.011558
0.481632 0.283068 0.007244
0.511636 0.282321 0.011539
0.546421 0.280115 0.007267
0.557440 0.280658 0.007310
0.590561 0.278982 0.007287
0.625281 0.277628 0.006223
0.651361 0.276554 0.009283
0.664001 0.276801 0.009416
0.716722 0.274514 0.009299
0.757362 0.273427 0.007279
0.767422 0.272703 0.007345
0.807681 0.271491 0.014692
0.413052 0.285254 0.007307
0.422686 0.285227 0.017573
0.452784 0.283804 0.015624
0.495603 0.282935 0.011469
0.533850 0.281407 0.014532
0.615337 0.279057 0.007346
0.641921 0.276477 0.018783
0.700323 0.275708 0.009395
0.777402 0.274042 0.007292
0.791261 0.273374 0.018630
0.603518 0.280381 0.008298
0.690153 0.276942 0.006222
0.079232 0.298127 0.009438
0.106449 0.297642 0.005212
0.114036 0.297390 0.007312
0.086577 0.299919 0.010444
0.099866 0.297572 0.010444
0.124502 0.298563 0.007358
0.135774 0.298784 0.006280
0.146152 0.298730 0.007307
0.166978 0.298260 0.007301
0.179989 0.298007 0.011550
0.188078 0.297687 0.007229
0.155034 0.299268 0.007346
0.197674 0.298629 0.007276
0.206517 0.298465 0.014628
0.212607 0.299450 0.010408
0.094168 0.313594 0.010424
0.106631 0.312663 0.011450
0.118921 0.311977 0.011252
0.123608 0.312114 0.004145
0.080393 0.314227 0.009340
0.135307 0.312107 0.009315
0.148071 0.314519 0.007224
0.156866 0.313386 0.009403
0.173271 0.313824 0.007255
0.788983 0.301315 0.007297
0.254673 0.314928 0.014676
0.296113 0.315149 0.016578
0.316210 0.315483 0.014573
0.766455 0.302815 0.009431
0.810227 0.300291 0.011442
0.477710 0.311999 0.011438
0.796846 0.302694 0.006183
0.823392 0.303669 0.023078
0.236266 0.318400 0.026012
0.270174 0.314473 0.023796
0.276154 0.316522 0.007324
0.285080 0.315431 0.006237
0.370813 0.314019 0.011454
0.387403 0.313040 0.009344
0.399676 0.314285 0.007319
0.409964 0.313087 0.020905
0.425641 0.313458 0.018706
0.447335 0.310883 0.014585
0.463280 0.311586 0.011549
0.524232 0.311157 0.009382
0.542015 0.311234 0.012471
0.588911 0.308964 0.011541
0.651747 0.306830 0.009344
0.722604 0.305297 0.011463
0.745779 0.304869 0.007247
0.755360 0.304714 0.006222
0.780097 0.303686 0.021813
0.339181 0.317696 0.025071
0.356567 0.314839 0.011519
0.433564 0.314013 0.004157
0.494298 0.312672 0.011502
0.509998 0.312677 0.010412
0.559883 0.309821 0.011499
0.574989 0.310323 0.007262
0.602557 0.309838 0.007302
0.625734 0.309544 0.008327
0.664923 0.308128 0.011466
0.679852 0.308260 0.011605
0.694435 0.307193 0.011476
0.733859 0.306003 0.007345
0.609517 0.308648 0.021997
0.634463 0.310113 0.004135
0.639326 0.311646 0.009395
0.707721 0.308149 0.007332
0.869085 0.382443 0.007235
0.859594 0.383433 0.007263
0.878713 0.383545 0.004240
0.849512 0.387016 0.014592
