0.217503 0.027517 0.006276
0.227214 0.029169 0.007483
0.236812 0.030918 0.011405
0.244458 0.029914 0.011552
0.253620 0.030297 0.007412
0.264839 0.030897 0.007448
0.471353 0.042334 0.004051
0.505222 0.044658 0.011626
0.273884 0.030043 0.007288
0.465181 0.045465 0.010222
0.478418 0.043606 0.005098
0.487483 0.045656 0.006206
0.495973 0.045641 0.004038
0.511024 0.046303 0.003977
0.562240 0.052224 0.008350
0.600866 0.053938 0.011735
0.609244 0.055949 0.006203
0.616872 0.054617 0.006394
0.627722 0.056889 0.013373
0.635273 0.057615 0.007066
0.665229 0.058905 0.006946
0.728286 0.065669 0.007622
0.738650 0.065133 0.007240
0.749966 0.065703 0.006879
0.756858 0.067764 0.007291
0.769676 0.068062 0.007204
0.778203 0.069519 0.004105
0.786985 0.070087 0.009188
0.791728 0.070035 0.004057
0.799758 0.070637 0.010296
0.284938 0.033721 0.006880
0.295168 0.035175 0.007031
0.305884 0.035565 0.007217
0.315980 0.033981 0.007465
0.332639 0.035318 0.008452
0.356625 0.036870 0.005509
0.365871 0.037892 0.006485
0.373219 0.038349 0.006869
0.384895 0.039090 0.009529
0.429567 0.043370 0.007514
0.442336 0.042899 0.008392
0.452794 0.043272 0.006870
0.519920 0.048537 0.007209
0.537922 0.049759 0.007106
0.548584 0.050713 0.007375
0.572202 0.053742 0.007553
0.580874 0.053796 0.007438
0.645527 0.057332 0.007056
0.656285 0.061496 0.007471
0.675219 0.061810 0.007293
0.686740 0.061093 0.007517
0.712344 0.064127 0.009287
0.350084 0.037260 0.010479
0.398993 0.040869 0.008315
0.412787 0.041543 0.007238
0.422777 0.040814 0.007631
0.867454 0.086190 0.008560
0.886725 0.089593 0.009492
0.896371 0.087849 0.006972
0.905462 0.091092 0.009165
0.825024 0.083171 0.009372
0.834749 0.084491 0.007418
0.844962 0.085789 0.006895
0.854773 0.086186 0.007472
0.920544 0.091373 0.007027
0.929993 0.092560 0.006005
0.945406 0.093551 0.011815
0.937745 0.095674 0.007142
0.220096 0.042709 0.008406
0.246819 0.044659 0.007414
0.255186 0.044507 0.006023
0.266068 0.045155 0.007140
0.308616 0.048569 0.007134
0.321567 0.049236 0.007360
0.541663 0.063938 0.004199
0.592164 0.068905 0.006449
0.638939 0.070690 0.006333
0.650337 0.072537 0.007491
0.729494 0.079492 0.007230
0.739656 0.080698 0.007201
0.747575 0.080246 0.007913
0.767910 0.083571 0.007125
0.775731 0.082814 0.008859
0.783840 0.084313 0.009111
0.274487 0.047088 0.004353
0.279413 0.046810 0.007332
0.290227 0.047862 0.004167
0.296595 0.049224 0.009328
0.338486 0.050169 0.009213
0.347140 0.050511 0.006224
0.383331 0.054604 0.008587
0.454837 0.058212 0.007041
0.464921 0.058225 0.007134
0.494897 0.062121 0.007071
0.505222 0.062145 0.007203
0.514938 0.061791 0.006753
0.523449 0.062260 0.006610
0.532507 0.063340 0.007735
0.548531 0.065655 0.008982
0.555638 0.065965 0.008954
0.577400 0.067746 0.004286
0.583637 0.067976 0.005054
0.599530 0.070078 0.007357
0.608514 0.070516 0.006972
0.618951 0.072332 0.007548
0.629488 0.071958 0.006223
0.658139 0.074687 0.007198
0.676284 0.076541 0.004535
0.681766 0.076593 0.009425
0.694816 0.076519 0.007044
0.706106 0.079118 0.007077
0.714329 0.080022 0.007567
0.753009 0.083390 0.004038
0.758664 0.082537 0.004365
0.799343 0.086364 0.007004
0.355336 0.051462 0.006274
0.366036 0.053770 0.007000
0.390999 0.055135 0.007506
0.399200 0.055460 0.007539
0.409932 0.056520 0.007371
0.419035 0.056255 0.008227
0.437054 0.058304 0.007112
0.446801 0.060378 0.007210
0.475076 0.060191 0.006960
0.483913 0.061269 0.005051
0.567330 0.068290 0.007548
0.670297 0.077612 0.009179
0.863217 0.101087 0.009328
0.884180 0.102256 0.009747
0.832477 0.098789 0.007341
0.844402 0.099432 0.009351
0.853392 0.101393 0.009658
0.873939 0.102253 0.007378
0.892642 0.104098 0.007360
0.901440 0.105599 0.007317
0.909640 0.104449 0.007604
0.917076 0.105428 0.008753
0.932602 0.107078 0.007693
0.945861 0.107969 0.007721
0.822166 0.099124 0.009588
0.255456 0.058775 0.007203
0.779741 0.097897 0.011754
0.217669 0.058110 0.009920
0.236106 0.060649 0.007349
0.245012 0.061662 0.007554
0.269426 0.060097 0.008241
0.279331 0.061439 0.010597
0.295942 0.063386 0.007310
0.307404 0.062712 0.009297
0.459796 0.072970 0.010883
0.514323 0.077166 0.007496
0.525140 0.079017 0.007745
0.543774 0.079638 0.010449
0.631241 0.087957 0.010658
0.645252 0.088769 0.005316
0.684165 0.091566 0.006132
0.708620 0.093139 0.007368
0.719688 0.095867 0.012400
0.732566 0.096424 0.011269
0.738759 0.094220 0.011677
0.753188 0.097282 0.007278
0.762173 0.098361 0.007486
0.782205 0.098927 0.011173
0.794277 0.100442 0.010889
0.318318 0.064805 0.007276
0.328159 0.065396 0.009312
0.341376 0.065879 0.007180
0.352406 0.067281 0.007394
0.364519 0.066725 0.011139
0.371679 0.067663 0.010707
0.378774 0.068577 0.010211
0.388346 0.069617 0.007260
0.398354 0.070150 0.007584
0.406618 0.071170 0.005449
0.416473 0.070855 0.007343
0.424821 0.072650 0.007170
0.435418 0.071598 0.004172
0.466682 0.075467 0.005342
0.484770 0.076213 0.006281
0.493533 0.076163 0.007419
0.501854 0.077175 0.011893
0.535165 0.079794 0.006880
0.552580 0.081110 0.010444
0.563040 0.083132 0.005229
0.596783 0.085234 0.009221
0.608222 0.085392 0.007412
0.616420 0.086829 0.005076
0.623841 0.088032 0.007203
0.652502 0.089433 0.007213
0.660555 0.090673 0.007720
0.667857 0.091052 0.004020
0.675923 0.092237 0.006224
0.691950 0.093219 0.004298
0.799977 0.101341 0.009555
0.449554 0.076223 0.011005
0.472927 0.076483 0.003133
0.477488 0.076814 0.003926
0.574478 0.084591 0.009606
0.585914 0.085339 0.004247
0.947870 0.123171 0.007160
0.820961 0.114017 0.007044
0.831402 0.113971 0.008350
0.841424 0.116017 0.008137
0.843879 0.115101 0.009073
0.851761 0.117308 0.004178
0.866503 0.117032 0.007529
0.873598 0.119291 0.009229
0.885424 0.119611 0.009099
0.894862 0.120157 0.004051
0.900838 0.120165 0.004325
0.913142 0.121278 0.008066
0.924725 0.121153 0.007046
0.938633 0.122816 0.007432
0.937456 0.137654 0.007326
0.944871 0.138024 0.010780
0.075100 0.081325 0.009458
0.887659 0.136028 0.007117
0.895040 0.134159 0.011882
0.905768 0.136511 0.007981
0.915644 0.137546 0.007423
0.925979 0.137907 0.007211
0.951312 0.137849 0.010782
0.052061 0.081321 0.007237
0.059992 0.081807 0.011598
0.085000 0.083861 0.007230
0.094204 0.082984 0.006287
0.104910 0.084851 0.007398
0.123861 0.081413 0.009244
0.821756 0.130458 0.009304
0.835843 0.133750 0.009799
0.848177 0.131979 0.010397
0.855952 0.133778 0.007832
0.867343 0.134587 0.007288
0.878936 0.135259 0.006946
0.114103 0.084206 0.005886
0.136124 0.086380 0.009775
0.148802 0.086922 0.007189
0.159922 0.087409 0.007043
0.170155 0.088368 0.007667
0.179504 0.088515 0.012399
0.948857 0.154545 0.009227
0.061114 0.097314 0.011717
0.088186 0.097422 0.007281
0.847482 0.148029 0.007365
0.858218 0.147869 0.006268
0.867462 0.148617 0.007109
0.878100 0.150199 0.007048
0.891414 0.151692 0.007471
0.918515 0.154806 0.009476
0.071586 0.097849 0.006204
0.078187 0.099865 0.006649
0.097162 0.099401 0.007121
0.108920 0.099546 0.008287
0.441266 0.115304 0.011887
0.459857 0.116999 0.007391
0.489161 0.119756 0.012083
0.836757 0.148380 0.006804
0.900078 0.153097 0.007112
0.909138 0.153315 0.009421
0.929740 0.155330 0.006970
0.937174 0.155236 0.007286
0.127333 0.104292 0.009481
0.470095 0.119831 0.009507
0.823274 0.148663 0.010702
0.829483 0.149437 0.010831
0.137170 0.102188 0.007002
0.146354 0.103186 0.007233
0.159995 0.103589 0.007321
0.172635 0.104267 0.007048
0.263502 0.106973 0.014250
0.282280 0.106452 0.021547
0.305855 0.109820 0.018087
0.341867 0.111136 0.014734
0.362348 0.111921 0.011784
0.378306 0.114919 0.011571
0.394069 0.116272 0.012413
0.425919 0.116978 0.011340
0.504202 0.122362 0.009378
0.793434 0.147704 0.017412
0.188712 0.104725 0.012336
0.235793 0.107245 0.011555
0.318566 0.108134 0.017863
0.324351 0.110651 0.014080
0.407795 0.115470 0.011276
0.516282 0.124190 0.017516
0.544284 0.126609 0.006638
0.553114 0.124685 0.017888
0.572278 0.127720 0.011214
0.593271 0.131662 0.014970
0.640904 0.135637 0.011450
0.656737 0.135141 0.014035
0.680206 0.138707 0.011409
0.774845 0.145888 0.006214
0.219290 0.107528 0.017565
0.292779 0.110861 0.007255
0.608232 0.133908 0.007331
0.619147 0.133936 0.006270
0.626234 0.134566 0.007261
0.695131 0.140427 0.010543
0.729169 0.143141 0.011449
0.744784 0.145443 0.011502
0.757973 0.144834 0.007294
0.764275 0.147211 0.005117
0.782086 0.147334 0.005076
0.247676 0.110162 0.007267
0.711382 0.143983 0.011260
0.079913 0.113136 0.009706
0.058790 0.111372 0.008430
0.070097 0.113346 0.006970
0.885428 0.166192 0.008485
0.917511 0.169029 0.006204
0.926326 0.169683 0.007392
0.936028 0.170705 0.009208
0.949591 0.171052 0.009412
0.089541 0.115532 0.005251
0.096921 0.115212 0.007007
0.854182 0.165322 0.004254
0.861862 0.166397 0.010211
0.871261 0.166399 0.009081
0.896836 0.169024 0.007226
0.905903 0.169390 0.007344
0.109180 0.116545 0.006931
0.119936 0.116326 0.007660
0.828038 0.164198 0.012817
0.836399 0.165011 0.007136
0.843262 0.164061 0.009384
0.130283 0.117412 0.007643
0.139456 0.118430 0.007182
0.148950 0.118111 0.007239
0.157564 0.119608 0.007629
0.168711 0.121433 0.009670
0.175273 0.120451 0.010052
0.182955 0.121466 0.010607
0.191824 0.120685 0.009632
0.058977 0.127741 0.010472
0.074380 0.129951 0.008542
0.084910 0.129774 0.007102
0.924780 0.186205 0.007760
0.093707 0.130839 0.007191
0.103575 0.131617 0.007063
0.909582 0.185307 0.004171
0.915523 0.185344 0.008862
0.931403 0.187811 0.011125
0.938356 0.184518 0.011002
0.946744 0.185052 0.010650
0.119076 0.133575 0.008766
0.868228 0.181887 0.009509
0.881532 0.185666 0.011785
0.890342 0.186210 0.011175
0.900575 0.184968 0.007427
0.130597 0.132681 0.007259
0.139322 0.134126 0.007841
0.820097 0.181462 0.009752
0.830003 0.180779 0.007168
0.839804 0.183021 0.007277
0.847160 0.182288 0.006841
0.857087 0.183157 0.007507
0.149321 0.134664 0.007729
0.161631 0.134785 0.008407
0.172451 0.136709 0.007478
0.184809 0.137449 0.007153
0.283428 0.142063 0.007427
0.316614 0.140724 0.016476
0.369164 0.149025 0.014992
0.438954 0.150797 0.007058
0.501844 0.155567 0.007210
0.521284 0.157704 0.007128
0.560508 0.159026 0.009583
0.193699 0.138657 0.006735
0.228051 0.140466 0.023219
0.247018 0.139018 0.018907
0.296785 0.144769 0.007208
0.307843 0.143600 0.005916
0.385493 0.147806 0.012202
0.424915 0.151393 0.014736
0.460970 0.154201 0.016523
0.480507 0.154592 0.011399
0.492690 0.157558 0.024963
0.513839 0.157749 0.005443
0.577852 0.162867 0.011448
0.272157 0.143804 0.011492
0.334937 0.147479 0.011635
0.402593 0.149492 0.011571
0.450064 0.154439 0.006040
0.532526 0.161650 0.009459
0.545078 0.163395 0.011026
0.690022 0.173760 0.004272
0.350014 0.146910 0.009165
0.590339 0.163704 0.022895
0.600448 0.167516 0.015838
0.622460 0.167604 0.018543
0.710363 0.176224 0.007066
0.762867 0.180020 0.012324
0.632244 0.171198 0.011419
0.650671 0.173279 0.011599
0.669446 0.174338 0.018049
0.697292 0.177727 0.020620
0.719466 0.177945 0.007413
0.731772 0.179627 0.006326
0.741723 0.178136 0.016344
0.777868 0.181930 0.011584
0.791451 0.184293 0.007511
0.803318 0.186919 0.016765
0.682683 0.175824 0.007491
0.061547 0.144861 0.010040
0.073989 0.145862 0.006878
0.082678 0.146254 0.009290
0.094548 0.146314 0.009532
0.105043 0.146810 0.007915
0.123072 0.146320 0.007018
0.114870 0.148748 0.006210
0.901370 0.200397 0.007465
0.911681 0.201942 0.004304
0.946062 0.203569 0.009800
0.133409 0.150440 0.007150
0.140549 0.148918 0.007307
0.826743 0.196134 0.007006
0.835254 0.196020 0.007088
0.846567 0.197700 0.007824
0.859610 0.199604 0.007319
0.869711 0.200275 0.007452
0.878414 0.200378 0.006240
0.890198 0.201894 0.007504
0.917553 0.204007 0.010183
0.929132 0.204485 0.007393
0.938545 0.206832 0.008044
0.147650 0.150794 0.010301
0.154650 0.151005 0.004416
0.177967 0.151416 0.007055
0.819358 0.198554 0.012195
0.165320 0.150963 0.009288
0.186739 0.153113 0.011678
0.070955 0.161609 0.007320
0.081249 0.160663 0.007609
0.061519 0.162428 0.009434
0.101139 0.160832 0.009078
0.090339 0.163760 0.010728
0.113440 0.163963 0.007558
0.122156 0.165094 0.004945
0.827199 0.212401 0.011090
0.836152 0.213598 0.007126
0.845488 0.214286 0.007108
0.857567 0.216677 0.007251
0.866667 0.215505 0.007350
0.879418 0.216690 0.007126
0.907902 0.218367 0.007599
0.917432 0.219421 0.004204
0.922058 0.220618 0.009639
0.940101 0.221095 0.011342
0.129252 0.166176 0.007305
0.140139 0.166950 0.007194
0.158566 0.167625 0.010927
0.889058 0.217520 0.007007
0.898209 0.218382 0.007103
0.934409 0.221743 0.014750
0.952968 0.223931 0.013570
0.151253 0.167380 0.010299
0.168599 0.167621 0.007484
0.174741 0.167275 0.011251
0.181217 0.167749 0.009099
0.318988 0.178261 0.007360
0.340441 0.180969 0.007541
0.296806 0.180291 0.007368
0.329246 0.180480 0.006138
0.353251 0.181968 0.007268
0.370377 0.183917 0.015536
0.307903 0.181630 0.005971
0.386246 0.186889 0.009440
0.584297 0.200324 0.006781
0.752169 0.215401 0.005092
0.220817 0.179751 0.020756
0.246640 0.175165 0.014742
0.262620 0.178719 0.017764
0.282078 0.178662 0.011710
0.531923 0.196558 0.006777
0.562092 0.200578 0.004161
0.572584 0.202439 0.007524
0.741804 0.215993 0.007235
0.761486 0.216599 0.007029
0.774736 0.218692 0.006879
0.402226 0.189074 0.010936
0.525600 0.197202 0.020875
0.550134 0.200462 0.016167
0.588372 0.204973 0.013225
0.606493 0.203718 0.011726
0.654460 0.208426 0.006877
0.714506 0.214160 0.013882
0.796658 0.218309 0.016815
0.620514 0.207908 0.007209
0.628704 0.209718 0.015663
0.699706 0.213743 0.010281
0.730875 0.216016 0.006337
0.784724 0.221030 0.005877
0.645525 0.210446 0.007235
0.686054 0.213838 0.017603
0.664341 0.214249 0.006673
0.062585 0.177049 0.008027
0.074883 0.178879 0.009494
0.085465 0.178336 0.009245
0.092914 0.180127 0.009809
0.106160 0.179899 0.007597
0.115280 0.180277 0.006971
0.868451 0.231198 0.006887
0.881558 0.232522 0.008539
0.919086 0.235604 0.007312
0.124803 0.180226 0.010659
0.826741 0.228592 0.009529
0.839413 0.230943 0.007328
0.852487 0.231770 0.007087
0.860068 0.233736 0.007445
0.895210 0.234594 0.007697
0.907202 0.237226 0.008074
0.139263 0.183124 0.007664
0.148605 0.184249 0.007221
0.161364 0.183953 0.011540
0.171306 0.184511 0.011224
0.179217 0.184847 0.007064
0.187043 0.184655 0.004309
0.061712 0.195211 0.008015
0.073359 0.194686 0.007345
0.081650 0.194019 0.007193
0.091942 0.196039 0.007737
0.100518 0.196948 0.007168
0.112438 0.197875 0.007156
0.122116 0.199071 0.007617
0.133209 0.199989 0.011309
0.141430 0.199727 0.011170
0.149627 0.200357 0.007441
0.157006 0.200324 0.011643
0.167504 0.201883 0.007301
0.177154 0.201994 0.007126
0.187614 0.203887 0.007306
0.236106 0.215246 0.018184
0.258184 0.216771 0.011446
0.300351 0.223047 0.013130
0.220181 0.215840 0.021271
0.284617 0.216455 0.016080
0.305578 0.220885 0.016041
0.315396 0.220892 0.006508
0.372506 0.226830 0.019757
0.644747 0.248055 0.004337
0.704119 0.253318 0.006317
0.785459 0.259271 0.028795
0.799178 0.260092 0.014339
0.348298 0.224267 0.007644
0.388257 0.226498 0.007363
0.594074 0.243750 0.006758
0.605043 0.245188 0.007408
0.652903 0.249171 0.005529
0.661615 0.250045 0.005884
0.684805 0.252245 0.006872
0.694688 0.253467 0.005080
0.723079 0.255476 0.010880
0.742946 0.256438 0.017589
0.757428 0.256814 0.007275
0.766313 0.258807 0.020782
0.063605 0.211030 0.012275
0.325313 0.224022 0.005940
0.401559 0.228449 0.018373
0.543329 0.242789 0.007413
0.581131 0.246331 0.009379
0.623906 0.248333 0.007514
0.634522 0.247884 0.016180
0.332122 0.224404 0.005229
0.340281 0.225169 0.004081
0.358943 0.227529 0.007238
0.525616 0.241130 0.023008
0.566498 0.246215 0.009522
0.082282 0.214010 0.007200
0.093360 0.214301 0.007056
0.101937 0.213666 0.006411
0.112807 0.215147 0.007260
0.127355 0.215215 0.007006
0.552991 0.244669 0.006409
0.140765 0.216768 0.007021
0.151436 0.217892 0.008432
0.163814 0.218779 0.007404
0.173362 0.219874 0.007306
0.061532 0.230726 0.005112
0.096253 0.230447 0.008169
0.113868 0.233072 0.009526
0.071671 0.231939 0.008455
0.086375 0.231677 0.007534
0.125516 0.233279 0.007301
0.136942 0.233526 0.007389
0.142551 0.233174 0.007640
0.152954 0.234819 0.007080
0.164999 0.235895 0.009233
0.178057 0.234724 0.009630
0.187546 0.236785 0.009196
0.270991 0.255126 0.014078
0.333282 0.261713 0.013208
0.348964 0.262578 0.014613
0.061040 0.245095 0.010754
0.069855 0.246104 0.009501
0.224646 0.254531 0.007497
0.281802 0.258685 0.007550
0.292909 0.257516 0.005326
0.301701 0.258006 0.006329
0.086281 0.247568 0.009262
0.132398 0.247750 0.011560
0.140921 0.248666 0.009797
0.212162 0.254093 0.019635
0.238967 0.254704 0.007450
0.313395 0.261793 0.009263
0.385681 0.267357 0.009316
0.092179 0.248259 0.004167
0.100096 0.246972 0.007591
0.112759 0.249259 0.008878
0.125477 0.250204 0.010855
0.249594 0.257568 0.016594
0.370743 0.265904 0.011575
0.717950 0.295902 0.019871
0.791393 0.297803 0.004126
0.152195 0.252488 0.008696
0.165592 0.252192 0.009244
0.177392 0.252914 0.008089
0.394440 0.273004 0.020527
0.550647 0.286547 0.017639
0.568901 0.284584 0.016284
0.638193 0.291173 0.011702
0.688559 0.292968 0.009556
0.700313 0.294951 0.011377
0.745869 0.297272 0.012975
0.784913 0.297672 0.004177
0.797971 0.296489 0.020007
0.190813 0.253469 0.008998
0.528839 0.287934 0.016320
0.595653 0.289839 0.011974
0.622758 0.292152 0.006398
0.653877 0.294328 0.011167
0.670315 0.293924 0.017774
0.727435 0.296341 0.007104
0.772254 0.298924 0.022125
0.612112 0.289505 0.010914
0.760490 0.299814 0.010238
0.095788 0.263454 0.007070
0.062886 0.262987 0.008392
0.074453 0.262913 0.007563
0.085077 0.262717 0.007774
0.109231 0.264347 0.008218
0.121888 0.265985 0.006958
0.133221 0.268354 0.008254
0.145309 0.267133 0.007640
0.154498 0.270293 0.007116
0.165403 0.269679 0.007534
0.187306 0.271215 0.007129
0.177131 0.273582 0.007059
0.057671 0.280287 0.010169
0.073891 0.280921 0.007325
0.084611 0.279018 0.007337
0.093373 0.282087 0.007367
0.103989 0.281860 0.004167
0.110755 0.284648 0.009546
0.134595 0.285101 0.007223
0.262337 0.292730 0.014949
0.320184 0.301009 0.007504
0.119480 0.287592 0.011540
0.126576 0.285560 0.007151
0.143021 0.286653 0.007098
0.216193 0.290607 0.017955
0.155003 0.288403 0.007317
0.167820 0.288033 0.005760
0.175841 0.289848 0.004012
0.183719 0.289967 0.007191
0.241928 0.293721 0.014186
0.275898 0.298986 0.007412
0.290590 0.299319 0.007155
0.300428 0.301623 0.005080
0.309192 0.302044 0.006657
0.376887 0.309617 0.009128
0.724263 0.328237 0.004174
0.791106 0.329151 0.007146
0.191608 0.290759 0.010327
0.328652 0.304987 0.006138
0.339682 0.306338 0.007323
0.352691 0.309265 0.009452
0.365958 0.308677 0.009713
0.555043 0.323466 0.019429
0.656366 0.327055 0.007570
0.706533 0.328095 0.005813
0.715289 0.327886 0.006481
0.799875 0.333087 0.017034
0.408637 0.314838 0.014388
0.447037 0.316412 0.011932
0.459776 0.318842 0.007712
0.487088 0.318674 0.011691
0.525089 0.323695 0.007535
0.535902 0.323222 0.007243
0.568251 0.326810 0.007877
0.603388 0.325411 0.005892
0.629000 0.327348 0.009787
0.643121 0.327710 0.009120
0.691440 0.328860 0.009509
0.734957 0.331488 0.007575
0.744266 0.331062 0.007156
0.784042 0.331928 0.015211
0.390826 0.312950 0.007475
0.399328 0.316409 0.017888
0.427769 0.320391 0.016197
0.471172 0.320873 0.012046
0.512361 0.322078 0.014977
0.593363 0.327358 0.007162
0.616038 0.325945 0.019210
0.678481 0.331569 0.009425
0.755231 0.331684 0.006971
0.767698 0.331458 0.018863
0.581624 0.327491 0.008404
0.666212 0.329067 0.006056
0.056777 0.296843 0.009298
0.084551 0.298004 0.004932
0.091240 0.296944 0.007276
0.065184 0.298163 0.010165
0.075736 0.297580 0.009943
0.103458 0.299008 0.007476
0.112802 0.300278 0.006157
0.123669 0.300125 0.006839
0.144620 0.301622 0.007364
0.155939 0.305529 0.010670
0.165523 0.303062 0.006929
0.133244 0.303469 0.007287
0.176040 0.306972 0.007174
0.183146 0.306683 0.014690
0.191289 0.307644 0.010348
0.071023 0.312011 0.010279
0.084695 0.314497 0.011631
0.093864 0.315321 0.011236
0.100555 0.315396 0.004026
0.112622 0.318019 0.009528
0.124938 0.318876 0.007548
0.135880 0.318522 0.009178
0.149168 0.321224 0.006977
0.765314 0.357813 0.007312
0.229725 0.331130 0.015327
0.271761 0.330766 0.017050
0.292549 0.336746 0.015209
0.740684 0.358041 0.009427
0.786133 0.359552 0.011868
0.454131 0.347207 0.011804
0.770931 0.360984 0.006375
0.800344 0.359139 0.023620
0.217033 0.329611 0.025616
0.246338 0.336736 0.024717
0.252906 0.333956 0.006949
0.262103 0.334514 0.006059
0.347472 0.343561 0.011277
0.366149 0.343482 0.009451
0.376776 0.344240 0.007393
0.388059 0.347157 0.021181
0.403479 0.346436 0.018285
0.422678 0.346430 0.014533
0.438741 0.347894 0.011495
0.501236 0.350152 0.008998
0.520237 0.353885 0.013182
0.567345 0.352051 0.011392
0.626273 0.356203 0.009461
0.699816 0.358030 0.011113
0.721445 0.360057 0.007329
0.732388 0.359274 0.006038
0.755274 0.361731 0.022527
0.311514 0.343713 0.024722
0.331828 0.342655 0.010653
0.410204 0.347249 0.004033
0.469972 0.350037 0.011607
0.489036 0.351445 0.010703
0.535755 0.353405 0.011338
0.552732 0.354544 0.007121
0.578360 0.354611 0.007338
0.602196 0.356502 0.008280
0.643097 0.356615 0.010923
0.655041 0.357959 0.011442
0.672455 0.357500 0.010690
0.709261 0.359538 0.007138
0.589044 0.354785 0.020520
0.611173 0.356730 0.004141
0.615758 0.357399 0.009027
0.681841 0.359891 0.007234
0.837929 0.443656 0.007416
0.826788 0.445929 0.006919
0.845988 0.445914 0.004106
0.817796 0.442750 0.013664
