208.80 26.42 6
218.13 28.00 7
227.34 29.68 10
234.68 28.72 11
243.47 29.09 7
254.25 29.66 7
452.50 40.64 3
485.01 42.87 11
262.93 28.84 6
446.57 43.65 9
459.28 41.86 4
467.98 43.83 5
476.13 43.82 3
490.58 44.45 3
539.75 50.14 8
576.83 51.78 11
584.87 53.71 5
592.20 52.43 6
602.61 54.61 12
609.86 55.31 6
638.62 56.55 6
699.15 63.04 7
709.10 62.53 6
719.97 63.07 6
726.58 65.05 6
738.89 65.34 6
747.07 66.74 3
755.51 67.28 8
760.06 67.23 3
767.77 67.81 9
273.54 32.37 6
283.36 33.77 6
293.65 34.14 6
303.34 32.62 7
319.33 33.90 8
342.36 35.40 5
351.24 36.38 6
358.29 36.82 6
369.50 37.53 9
412.38 41.63 7
424.64 41.18 8
434.68 41.54 6
499.12 46.60 6
516.40 47.77 6
526.64 48.68 7
549.31 51.59 7
557.64 51.64 7
619.71 55.04 6
630.03 59.04 7
648.21 59.34 7
659.27 58.65 7
683.85 61.56 8
336.08 35.77 10
383.03 39.23 7
396.28 39.88 6
405.87 39.18 7
832.76 82.74 8
851.26 86.01 9
860.52 84.33 6
869.24 87.45 8
792.02 79.84 8
801.36 81.11 7
811.16 82.36 6
820.58 82.74 7
883.72 87.72 6
892.79 88.86 5
907.59 89.81 11
900.24 91.85 6
211.29 41.00 8
236.95 42.87 7
244.98 42.73 5
255.42 43.35 6
296.27 46.63 6
308.70 47.27 7
520.00 61.38 4
568.48 66.15 6
613.38 67.86 6
624.32 69.64 7
700.31 76.31 6
710.07 77.47 6
717.67 77.04 7
737.19 80.23 6
744.70 79.50 8
752.49 80.94 8
263.51 45.20 4
268.24 44.94 7
278.62 45.95 4
284.73 47.25 8
324.95 48.16 8
333.25 48.49 5
368.00 52.42 8
436.64 55.88 6
446.32 55.90 6
475.10 59.64 6
485.01 59.66 6
494.34 59.32 6
502.51 59.77 6
511.21 60.81 7
526.59 63.03 8
533.41 63.33 8
554.30 65.04 4
560.29 65.26 4
575.55 67.27 7
584.17 67.70 6
594.19 69.44 7
604.31 69.08 5
631.81 71.70 6
649.23 73.48 4
654.50 73.53 9
667.02 73.46 6
677.86 75.95 6
685.76 76.82 7
722.89 80.05 3
728.32 79.24 4
767.37 82.91 6
341.12 49.40 6
351.40 51.62 6
375.36 52.93 7
383.23 53.24 7
393.53 54.26 7
402.27 54.00 7
419.57 55.97 6
428.93 57.96 6
456.07 57.78 6
464.56 58.82 4
544.64 65.56 7
643.48 74.51 8
828.69 97.04 8
848.81 98.17 9
799.18 94.84 7
810.63 95.45 8
819.26 97.34 9
838.98 98.16 7
856.94 99.93 7
865.38 101.37 7
873.25 100.27 7
880.39 101.21 8
895.30 102.79 7
908.03 103.65 7
789.28 95.16 9
245.24 56.42 6
748.55 93.98 11
208.96 55.79 9
226.66 58.22 7
235.21 59.20 7
258.65 57.69 7
268.16 58.98 10
284.10 60.85 7
295.11 60.20 8
441.40 70.05 10
493.75 74.08 7
504.13 75.86 7
522.02 76.45 10
605.99 84.44 10
619.44 85.22 5
656.80 87.90 5
680.28 89.41 7
690.90 92.03 11
703.26 92.57 10
709.21 90.45 11
723.06 93.39 6
731.69 94.43 7
750.92 94.97 10
762.51 96.42 10
305.59 62.21 6
315.03 62.78 8
327.72 63.24 6
338.31 64.59 7
349.94 64.06 10
356.81 64.96 10
363.62 65.83 9
372.81 66.83 6
382.42 67.34 7
390.35 68.32 5
399.81 68.02 7
407.83 69.74 6
418.00 68.73 4
448.01 72.45 5
465.38 73.16 6
473.79 73.12 7
481.78 74.09 11
513.76 76.60 6
530.48 77.87 10
540.52 79.81 5
572.91 81.82 8
583.89 81.98 7
591.76 83.36 4
598.89 84.51 6
626.40 85.86 6
634.13 87.05 7
641.14 87.41 3
648.89 88.55 5
664.27 89.49 4
767.98 97.29 9
431.57 73.17 10
454.01 73.42 3
458.39 73.74 3
551.50 81.21 9
562.48 81.93 4
909.96 118.24 6
788.12 109.46 6
798.15 109.41 8
807.77 111.38 7
810.12 110.50 8
817.69 112.62 4
831.84 112.35 7
838.65 114.52 8
850.01 114.83 8
859.07 115.35 3
864.80 115.36 4
876.62 116.43 7
887.74 116.31 6
901.09 117.90 7
899.96 132.15 7
907.08 132.50 10
72.10 78.07 9
852.15 130.59 6
859.24 128.79 11
869.54 131.05 7
879.02 132.04 7
888.94 132.39 6
913.26 132.33 10
49.98 78.07 6
57.59 78.54 11
81.60 80.51 6
90.44 79.66 6
100.71 81.46 7
118.91 78.16 8
788.89 125.24 8
802.41 128.40 9
814.25 126.70 9
821.71 128.43 7
832.65 129.20 6
843.78 129.85 6
109.54 80.84 5
130.68 82.93 9
142.85 83.45 6
153.52 83.91 6
163.35 84.83 7
172.32 84.97 11
910.90 148.36 8
58.67 93.42 11
84.66 93.53 6
813.58 142.11 7
823.89 141.95 6
832.76 142.67 6
842.98 144.19 6
855.76 145.62 7
881.77 148.61 9
68.72 93.93 5
75.06 95.87 6
93.28 95.42 6
104.56 95.56 7
423.62 110.69 11
441.46 112.32 7
469.59 114.97 11
803.29 142.44 6
864.07 146.97 6
872.77 147.18 9
892.55 149.12 6
899.69 149.03 6
122.24 100.12 9
451.29 115.04 9
790.34 142.72 10
796.30 143.46 10
131.68 98.10 6
140.50 99.06 6
153.59 99.45 7
165.73 100.10 6
252.96 102.69 13
270.99 102.19 20
293.62 105.43 17
328.19 106.69 14
347.85 107.44 11
363.17 110.32 11
378.31 111.62 11
408.88 112.30 10
484.03 117.47 9
761.70 141.80 16
181.16 100.54 11
226.36 102.96 11
305.82 103.81 17
311.38 106.22 13
391.48 110.85 10
495.63 119.22 16
522.51 121.55 6
530.99 119.70 17
549.39 122.61 10
569.54 126.40 14
615.27 130.21 10
630.47 129.74 13
653.00 133.16 10
743.85 140.05 5
210.52 103.23 16
281.07 106.43 6
583.90 128.55 7
594.38 128.58 6
601.18 129.18 6
667.33 134.81 10
700.00 137.42 10
714.99 139.63 11
727.65 139.04 7
733.70 141.32 4
750.80 141.44 4
237.77 105.76 6
682.93 138.22 10
76.72 108.61 9
56.44 106.92 8
67.29 108.81 6
850.01 159.54 8
880.81 162.27 5
889.27 162.90 7
898.59 163.88 8
911.61 164.21 9
85.96 110.91 5
93.04 110.60 6
820.01 158.71 4
827.39 159.74 9
836.41 159.74 8
860.96 162.26 6
869.67 162.61 7
104.81 111.88 6
115.14 111.67 7
794.92 157.63 12
802.94 158.41 6
809.53 157.50 9
125.07 112.72 7
133.88 113.69 6
142.99 113.39 6
151.26 114.82 7
161.96 116.58 9
168.26 115.63 9
175.64 116.61 10
184.15 115.86 9
56.62 122.63 10
71.41 124.75 8
81.51 124.58 6
887.79 178.76 7
89.96 125.61 6
99.43 126.35 6
873.20 177.90 4
878.90 177.93 8
894.15 180.30 10
900.82 177.14 10
908.87 177.65 10
114.31 128.23 8
833.50 174.61 9
846.27 178.24 11
854.73 178.76 10
864.55 177.57 7
125.37 127.37 6
133.75 128.76 7
787.29 174.20 9
796.80 173.55 6
806.21 175.70 6
813.27 175.00 6
822.80 175.83 7
143.35 129.28 7
155.17 129.39 8
165.55 131.24 7
177.42 131.95 6
272.09 136.38 7
303.95 135.09 15
354.40 143.06 14
421.40 144.76 6
481.77 149.34 6
500.43 151.40 6
538.09 152.66 9
185.95 133.11 6
218.93 134.85 22
237.14 133.46 18
284.91 138.98 6
295.53 137.86 5
370.07 141.89 11
407.92 145.34 14
442.53 148.03 15
461.29 148.41 10
472.98 151.26 23
493.29 151.44 5
554.74 156.35 10
261.27 138.05 11
321.54 141.58 11
386.49 143.51 11
432.06 148.26 5
511.22 155.18 9
523.27 156.86 10
662.42 166.81 4
336.01 141.03 8
566.73 157.16 21
576.43 160.82 15
597.56 160.90 17
681.95 169.18 6
732.35 172.82 11
606.95 164.35 10
624.64 166.35 11
642.67 167.36 17
669.40 170.62 19
690.69 170.83 7
702.50 172.44 6
712.05 171.01 15
746.75 174.65 11
759.79 176.92 7
771.19 179.44 16
655.38 168.79 7
59.09 139.07 9
71.03 140.03 6
79.37 140.40 8
90.77 140.46 9
100.84 140.94 7
118.15 140.47 6
110.28 142.80 5
865.32 192.38 7
875.21 193.86 4
908.22 195.43 9
128.07 144.42 6
134.93 142.96 7
793.67 188.29 6
801.84 188.18 6
812.70 189.79 7
825.23 191.62 7
834.92 192.26 7
843.28 192.36 5
854.59 193.82 7
880.85 195.85 9
891.97 196.31 7
901.00 198.56 7
141.74 144.76 9
148.46 144.97 4
170.85 145.36 6
786.58 190.61 11
158.71 144.92 8
179.27 146.99 11
68.12 155.14 7
78.00 154.24 7
59.06 155.93 9
97.09 154.40 8
86.73 157.21 10
108.90 157.40 7
117.27 158.49 4
794.11 203.91 10
802.71 205.05 6
811.67 205.71 6
823.26 208.01 6
832.00 206.89 7
844.24 208.02 6
871.59 209.63 7
880.73 210.64 4
885.18 211.79 9
902.50 212.25 10
124.08 159.53 7
134.53 160.27 6
152.22 160.92 10
853.50 208.82 6
862.28 209.65 6
897.03 212.87 14
914.85 214.97 13
145.20 160.68 9
161.85 160.92 7
167.75 160.58 10
173.97 161.04 8
306.23 171.13 7
326.82 173.73 7
284.93 173.08 7
316.08 173.26 5
339.12 174.69 6
355.56 176.56 14
295.59 174.37 5
370.80 179.41 9
560.93 192.31 6
722.08 206.78 4
211.98 172.56 19
236.77 168.16 14
252.12 171.57 17
270.80 171.52 11
510.65 188.70 6
539.61 192.55 3
549.68 194.34 7
712.13 207.35 6
731.03 207.94 6
743.75 209.94 6
386.14 181.51 10
504.58 189.31 20
528.13 192.44 15
564.84 196.77 12
582.23 195.57 11
628.28 200.09 6
685.93 205.59 13
764.79 209.58 16
595.69 199.59 6
603.56 201.33 15
671.72 205.19 9
701.64 207.38 6
753.33 212.19 5
619.70 202.03 6
658.61 205.28 16
637.77 205.68 6
60.08 169.97 7
71.89 171.72 9
82.05 171.20 8
89.20 172.92 9
101.91 172.70 7
110.67 173.07 6
833.71 221.95 6
846.30 223.22 8
882.32 226.18 7
119.81 173.02 10
793.67 219.45 9
805.84 221.71 7
818.39 222.50 6
825.67 224.39 7
859.40 225.21 7
870.91 227.74 7
133.69 175.80 7
142.66 176.88 6
154.91 176.59 11
164.45 177.13 10
172.05 177.45 6
179.56 177.27 4
59.24 187.40 7
70.42 186.90 7
78.38 186.26 6
88.26 188.20 7
96.50 189.07 6
107.94 189.96 6
117.23 191.11 7
127.88 191.99 10
135.77 191.74 10
143.64 192.34 7
150.73 192.31 11
160.80 193.81 7
170.07 193.91 6
180.11 195.73 7
226.66 206.64 17
247.86 208.10 10
288.34 214.13 12
211.37 207.21 20
273.23 207.80 15
293.36 212.05 15
302.78 212.06 6
357.61 217.76 18
618.96 238.13 4
675.95 243.19 6
754.04 248.90 27
767.21 249.69 13
334.37 215.30 7
372.73 217.44 7
570.31 234.00 6
580.84 235.38 7
626.79 239.20 5
635.15 240.04 5
657.41 242.15 6
666.90 243.33 4
694.16 245.26 10
713.23 246.18 16
727.13 246.54 6
735.66 248.45 19
61.06 202.59 11
312.30 215.06 5
385.50 219.31 17
521.60 233.08 7
557.89 236.48 9
598.95 238.40 7
609.14 237.97 15
318.84 215.43 5
326.67 216.16 3
344.59 218.43 6
504.59 231.48 22
543.84 236.37 9
78.99 205.45 6
89.63 205.73 6
97.86 205.12 6
108.29 206.54 6
122.26 206.61 6
530.87 234.88 6
135.13 208.10 6
145.38 209.18 8
157.26 210.03 7
166.43 211.08 7
59.07 221.50 4
92.40 221.23 7
109.31 223.75 9
68.80 222.66 8
82.92 222.41 7
120.50 223.95 7
131.46 224.18 7
136.85 223.85 7
146.84 225.43 6
158.40 226.46 8
170.94 225.34 9
180.04 227.31 8
260.15 244.92 13
319.95 251.24 12
335.01 252.07 14
58.60 235.29 10
67.06 236.26 9
215.66 244.35 7
270.53 248.34 7
281.19 247.22 5
289.63 247.69 6
82.83 237.67 8
127.10 237.84 11
135.28 238.72 9
203.68 243.93 18
229.41 244.52 7
300.86 251.32 8
370.25 256.66 8
88.49 238.33 4
96.09 237.09 7
108.25 239.29 8
120.46 240.20 10
239.61 247.26 15
355.91 255.27 11
689.23 284.07 19
759.74 285.89 3
146.11 242.39 8
158.97 242.10 8
170.30 242.80 7
378.66 262.08 19
528.62 275.09 16
546.15 273.20 15
612.67 279.53 11
661.02 281.25 9
672.30 283.15 10
716.03 285.38 12
753.52 285.77 4
766.05 284.63 19
183.18 243.33 8
507.69 276.42 15
571.83 278.25 11
597.85 280.47 6
627.72 282.56 10
643.50 282.17 17
698.34 284.49 6
741.36 286.97 21
587.63 277.92 10
730.07 287.82 9
91.96 252.92 6
60.37 252.47 8
71.47 252.40 7
81.67 252.21 7
104.86 253.77 7
117.01 255.35 6
127.89 257.62 7
139.50 256.45 7
148.32 259.48 6
158.79 258.89 7
179.81 260.37 6
170.05 262.64 6
55.36 269.08 9
70.94 269.68 7
81.23 267.86 7
89.64 270.80 7
99.83 270.59 4
106.32 273.26 9
129.21 273.70 6
251.84 281.02 14
307.38 288.97 7
114.70 276.09 11
121.51 274.14 6
137.30 275.19 6
207.55 278.98 17
148.80 276.87 7
161.11 276.51 5
168.81 278.25 3
176.37 278.37 6
232.25 281.97 13
264.86 287.03 7
278.97 287.35 6
288.41 289.56 4
296.82 289.96 6
361.81 297.23 8
695.29 315.11 4
759.46 315.98 6
183.94 279.13 9
315.51 292.79 5
326.09 294.08 7
338.58 296.89 9
351.32 296.33 9
532.84 310.53 18
630.11 313.97 7
678.27 314.97 5
686.68 314.77 6
767.88 319.76 16
392.29 302.24 13
429.16 303.76 11
441.38 306.09 7
467.60 305.93 11
504.09 310.75 7
514.47 310.29 6
545.52 313.74 7
579.25 312.39 5
603.84 314.25 9
617.40 314.60 8
663.78 315.71 9
705.56 318.23 7
714.50 317.82 6
752.68 318.65 14
375.19 300.43 7
383.35 303.75 17
410.66 307.58 15
452.33 308.04 11
491.87 309.19 14
569.63 314.26 6
591.40 312.91 18
651.34 318.31 9
725.02 318.42 6
736.99 318.20 18
558.36 314.39 8
639.56 315.90 5
54.51 284.97 8
81.17 286.08 4
87.59 285.07 6
62.58 286.24 9
72.71 285.68 9
99.32 287.05 7
108.29 288.27 5
118.72 288.12 6
138.83 289.56 7
149.70 293.31 10
158.90 290.94 6
127.91 291.33 6
169.00 294.69 6
175.82 294.42 14
183.64 295.34 9
68.18 299.53 9
81.31 301.92 11
90.11 302.71 10
96.53 302.78 3
108.12 305.30 9
119.94 306.12 7
130.44 305.78 8
143.20 308.37 6
734.70 343.50 7
220.54 317.88 14
260.89 317.54 16
280.85 323.28 14
711.06 343.72 9
754.69 345.17 11
435.97 333.32 11
740.09 346.54 6
768.33 344.77 22
208.35 316.43 24
236.48 323.27 23
242.79 320.60 6
251.62 321.13 5
333.57 329.82 10
351.50 329.74 9
361.71 330.47 7
372.54 333.27 20
387.34 332.58 17
405.77 332.57 13
421.19 333.98 11
481.19 336.15 8
499.43 339.73 12
544.65 337.97 10
601.22 341.95 9
671.82 343.71 10
692.59 345.66 7
703.09 344.90 5
725.06 347.26 21
299.05 329.96 23
318.56 328.95 10
393.80 333.36 3
451.17 336.04 11
469.47 337.39 10
514.32 339.27 10
530.62 340.36 6
555.23 340.43 7
578.11 342.24 7
617.37 342.35 10
628.84 343.64 10
645.56 343.20 10
680.89 345.16 6
565.48 340.59 19
586.73 342.46 3
591.13 343.10 8
654.57 345.49 6
804.41 425.91 7
793.72 428.09 6
812.15 428.08 3
785.08 425.04 13
