0.208405 0.050510 0.006250
0.216094 0.050282 0.007292
0.226093 0.049176 0.011458
0.234174 0.048960 0.011458
0.243433 0.049570 0.007292
0.255080 0.049221 0.007292
0.461427 0.044756 0.004167
0.495909 0.044928 0.011458
0.264343 0.050276 0.007292
0.454646 0.046273 0.010417
0.468375 0.045478 0.005208
0.478088 0.045145 0.006250
0.486698 0.044891 0.004167
0.501963 0.044360 0.004167
0.551497 0.043810 0.008333
0.590409 0.042514 0.011458
0.600114 0.042020 0.006250
0.607192 0.041122 0.006250
0.614640 0.041129 0.013542
0.626928 0.040753 0.007292
0.656236 0.038923 0.007292
0.691832 0.038049 0.009375
0.718803 0.036254 0.007292
0.730797 0.035220 0.007292
0.740540 0.036116 0.007292
0.749344 0.034939 0.007292
0.761598 0.035410 0.007292
0.769245 0.034232 0.004167
0.777204 0.034037 0.009375
0.782912 0.033776 0.004167
0.790236 0.033854 0.010417
0.275841 0.050811 0.007292
0.285452 0.050762 0.007292
0.297400 0.050292 0.007292
0.306866 0.050245 0.007292
0.323215 0.050419 0.008333
0.346822 0.049320 0.005208
0.355387 0.049140 0.006250
0.363762 0.048594 0.007292
0.375933 0.048952 0.009375
0.421013 0.047782 0.007292
0.431705 0.047895 0.008333
0.443301 0.047557 0.007292
0.510794 0.044967 0.007292
0.528170 0.044900 0.007292
0.540053 0.044493 0.007292
0.562719 0.043963 0.007292
0.572809 0.043461 0.007292
0.636137 0.040864 0.007292
0.645448 0.040694 0.007292
0.665817 0.040074 0.007292
0.676849 0.040269 0.007292
0.703865 0.039029 0.009375
0.338982 0.050912 0.010417
0.389155 0.048790 0.008333
0.402339 0.049317 0.007292
0.412419 0.049021 0.007292
0.859766 0.040905 0.008333
0.876973 0.039916 0.009375
0.888458 0.039029 0.007292
0.898849 0.038669 0.009375
0.816008 0.044176 0.009375
0.826429 0.043982 0.007292
0.836415 0.043369 0.007292
0.846627 0.042288 0.007292
0.912628 0.038516 0.007292
0.922091 0.038719 0.006250
0.937207 0.036736 0.011458
0.930275 0.039495 0.007292
0.210460 0.065713 0.008333
0.226652 0.067276 0.008333
0.237324 0.065704 0.007292
0.246393 0.066170 0.006250
0.257036 0.065047 0.007292
0.299678 0.064995 0.007292
0.312591 0.064151 0.007292
0.532892 0.059764 0.004167
0.583893 0.057932 0.006250
0.630744 0.056754 0.006250
0.639594 0.055842 0.007292
0.721687 0.052658 0.007292
0.731685 0.051767 0.007292
0.739965 0.051606 0.008333
0.759956 0.050894 0.007292
0.770322 0.049292 0.009375
0.777612 0.049490 0.009375
0.265043 0.066353 0.004167
0.270161 0.066179 0.007292
0.280327 0.066288 0.004167
0.288389 0.066464 0.009375
0.329378 0.065315 0.009375
0.337578 0.064866 0.006250
0.372542 0.064409 0.008333
0.447366 0.063203 0.007292
0.455450 0.063060 0.007292
0.485756 0.062146 0.007292
0.496800 0.062583 0.007292
0.505944 0.061168 0.006250
0.514013 0.061429 0.006250
0.523623 0.061356 0.007292
0.539707 0.061583 0.009375
0.547647 0.061491 0.009375
0.568018 0.059849 0.004167
0.575821 0.059568 0.005208
0.591121 0.059476 0.007292
0.600530 0.058800 0.007292
0.610608 0.058228 0.007292
0.621331 0.058326 0.006250
0.650275 0.056986 0.007292
0.667968 0.055861 0.004167
0.673006 0.055346 0.009375
0.687280 0.055230 0.007292
0.697642 0.054341 0.007292
0.706345 0.054355 0.007292
0.744991 0.052626 0.004167
0.750369 0.051940 0.004167
0.790536 0.050273 0.007292
0.347210 0.066780 0.006250
0.358041 0.065358 0.007292
0.382452 0.065145 0.007292
0.391368 0.065187 0.007292
0.401626 0.064986 0.007292
0.412148 0.065380 0.008333
0.427738 0.064956 0.007292
0.438958 0.064531 0.007292
0.466310 0.063301 0.007292
0.474529 0.063622 0.005208
0.559098 0.061422 0.007292
0.660981 0.057987 0.009375
0.856267 0.056476 0.009375
0.877936 0.055837 0.009375
0.825746 0.059036 0.007292
0.836891 0.058849 0.009375
0.845120 0.057558 0.009375
0.865793 0.056877 0.007292
0.885376 0.055863 0.007292
0.893572 0.055283 0.007292
0.901105 0.054743 0.007292
0.910966 0.054576 0.008333
0.925654 0.053370 0.008333
0.938760 0.052889 0.007292
0.814893 0.061651 0.009375
0.246958 0.081479 0.007292
0.767296 0.066774 0.011458
0.209537 0.083365 0.010417
0.227153 0.083249 0.007292
0.237257 0.082078 0.007292
0.261008 0.082138 0.008333
0.270412 0.082664 0.011458
0.287606 0.081630 0.007292
0.299585 0.081546 0.009375
0.452041 0.079704 0.010417
0.507703 0.077970 0.007292
0.517252 0.078336 0.007292
0.537501 0.078423 0.010417
0.624625 0.073584 0.010417
0.637727 0.073615 0.005208
0.676546 0.071612 0.006250
0.700340 0.071024 0.007292
0.708630 0.070912 0.011458
0.726245 0.068074 0.011458
0.733120 0.068563 0.011458
0.746364 0.068314 0.007292
0.754801 0.067794 0.007292
0.773583 0.066515 0.011458
0.785966 0.066756 0.010417
0.310697 0.082303 0.007292
0.320263 0.082524 0.009375
0.333312 0.082473 0.007292
0.346436 0.081673 0.007292
0.356975 0.081760 0.011458
0.363795 0.081854 0.010417
0.369746 0.082022 0.010417
0.379323 0.081096 0.007292
0.390548 0.081422 0.007292
0.398333 0.081374 0.005208
0.406394 0.081448 0.007292
0.417745 0.081027 0.007292
0.426988 0.080419 0.004167
0.458462 0.080303 0.005208
0.477309 0.079619 0.006250
0.486716 0.079570 0.007292
0.493765 0.079258 0.011458
0.528188 0.078506 0.007292
0.543921 0.077888 0.010417
0.555638 0.078437 0.005208
0.590276 0.076653 0.009375
0.601022 0.076380 0.007292
0.609906 0.075916 0.005208
0.616815 0.075848 0.007292
0.645213 0.074785 0.007292
0.653330 0.074027 0.007292
0.660408 0.074142 0.004167
0.668959 0.073680 0.006250
0.684515 0.072728 0.004167
0.792534 0.066234 0.009375
0.441131 0.082197 0.011458
0.464665 0.081138 0.003125
0.470064 0.080972 0.004167
0.567260 0.078616 0.009375
0.578064 0.078469 0.004167
0.941576 0.067756 0.007292
0.814029 0.076897 0.007292
0.824965 0.077003 0.008333
0.833371 0.075176 0.008333
0.838470 0.074854 0.009375
0.845305 0.074989 0.004167
0.858124 0.074569 0.007292
0.867047 0.073801 0.009375
0.879333 0.073719 0.009375
0.888002 0.072724 0.004167
0.894041 0.071914 0.004167
0.905310 0.070578 0.008333
0.918174 0.070171 0.007292
0.931125 0.069920 0.007292
0.930922 0.084823 0.007292
0.939414 0.083958 0.010417
0.066641 0.114132 0.009375
0.881980 0.089010 0.007292
0.889298 0.088398 0.011458
0.899217 0.088771 0.008333
0.909538 0.087973 0.007292
0.918942 0.086749 0.007292
0.947407 0.084783 0.010417
0.044650 0.115512 0.007292
0.053192 0.114736 0.011458
0.078018 0.114665 0.007292
0.087262 0.114264 0.006250
0.098363 0.113902 0.007292
0.116727 0.113282 0.009375
0.815461 0.094579 0.009375
0.829755 0.094797 0.009375
0.842157 0.092291 0.010417
0.851373 0.092575 0.007292
0.860720 0.091892 0.007292
0.872304 0.090894 0.007292
0.107873 0.115427 0.006250
0.128604 0.114655 0.009375
0.143352 0.115510 0.007292
0.153487 0.115444 0.007292
0.163621 0.115440 0.007292
0.172275 0.115509 0.012500
0.943371 0.100471 0.009375
0.054932 0.130716 0.011458
0.081961 0.129414 0.007292
0.842119 0.108791 0.007292
0.852501 0.107686 0.006250
0.861530 0.107465 0.007292
0.873235 0.106307 0.007292
0.885669 0.105807 0.007292
0.913883 0.103850 0.009375
0.063796 0.131735 0.006250
0.071392 0.130598 0.007292
0.089794 0.129921 0.007292
0.101431 0.130163 0.008333
0.437282 0.127324 0.011458
0.451682 0.128058 0.007292
0.484047 0.126489 0.011458
0.832069 0.110264 0.007292
0.895597 0.106531 0.007292
0.903148 0.105869 0.009375
0.922854 0.104112 0.007292
0.930596 0.103273 0.007292
0.120568 0.131140 0.009375
0.464651 0.129505 0.009375
0.816376 0.112296 0.010417
0.823154 0.112561 0.011458
0.130421 0.132431 0.007292
0.140021 0.131568 0.007292
0.152564 0.131451 0.007292
0.165185 0.131434 0.007292
0.259249 0.129748 0.014583
0.274748 0.128565 0.021875
0.296644 0.130097 0.017708
0.337077 0.131399 0.014583
0.354716 0.130863 0.011458
0.371850 0.130693 0.011458
0.387532 0.130078 0.011458
0.418577 0.130436 0.011458
0.497825 0.129441 0.009375
0.527757 0.129712 0.017708
0.788518 0.115397 0.016667
0.181507 0.133705 0.011458
0.229826 0.131942 0.011458
0.311652 0.131707 0.017708
0.317095 0.130729 0.013542
0.401905 0.130562 0.011458
0.509932 0.129136 0.017708
0.538122 0.130139 0.007292
0.550731 0.130062 0.017708
0.567500 0.129421 0.011458
0.586909 0.128841 0.014583
0.633860 0.127149 0.011458
0.653625 0.125063 0.014583
0.675465 0.124293 0.011458
0.768885 0.118364 0.006250
0.213577 0.134056 0.017708
0.286445 0.132840 0.007292
0.603166 0.129732 0.007292
0.613300 0.128151 0.006250
0.620285 0.128048 0.007292
0.690929 0.124636 0.010417
0.722850 0.122278 0.011458
0.738773 0.121667 0.011458
0.751442 0.121379 0.007292
0.759200 0.120600 0.005208
0.776636 0.118680 0.005208
0.241234 0.133914 0.007292
0.706514 0.125340 0.011458
0.073994 0.145295 0.009375
0.051505 0.145848 0.008333
0.062255 0.145360 0.007292
0.881116 0.122434 0.008333
0.911101 0.119702 0.006250
0.920512 0.118844 0.007292
0.931792 0.118605 0.009375
0.944133 0.117354 0.009375
0.082982 0.146437 0.005208
0.090277 0.146055 0.007292
0.849034 0.125537 0.004167
0.856193 0.125921 0.010417
0.866439 0.125342 0.009375
0.891676 0.122281 0.007292
0.901193 0.121426 0.007292
0.103366 0.147012 0.007292
0.113418 0.146476 0.007292
0.821953 0.129443 0.012500
0.831064 0.128360 0.007292
0.838376 0.127925 0.009375
0.124265 0.147335 0.007292
0.134863 0.147382 0.007292
0.141477 0.147180 0.007292
0.152274 0.147938 0.007292
0.162151 0.147825 0.009375
0.169100 0.148457 0.010417
0.176040 0.148979 0.010417
0.185061 0.148720 0.009375
0.052985 0.161724 0.010417
0.067479 0.161937 0.008333
0.078443 0.161610 0.007292
0.920252 0.135397 0.007292
0.087956 0.161045 0.007292
0.098496 0.161812 0.007292
0.904283 0.137462 0.004167
0.910807 0.136902 0.009375
0.928698 0.136699 0.011458
0.933279 0.135223 0.011458
0.941841 0.134701 0.010417
0.113422 0.162449 0.008333
0.864445 0.142424 0.009375
0.878244 0.139382 0.011458
0.885312 0.140818 0.011458
0.896017 0.139835 0.007292
0.124636 0.163764 0.007292
0.133189 0.163369 0.007292
0.815253 0.146646 0.009375
0.825411 0.146396 0.007292
0.833760 0.145313 0.007292
0.843773 0.144619 0.007292
0.851669 0.143552 0.007292
0.143274 0.164602 0.007292
0.154601 0.164051 0.008333
0.167639 0.164184 0.007292
0.179136 0.165479 0.007292
0.277981 0.164725 0.007292
0.311047 0.165879 0.016667
0.364598 0.164722 0.014583
0.434344 0.166011 0.007292
0.496647 0.165882 0.007292
0.516696 0.164748 0.007292
0.556200 0.164396 0.009375
0.188065 0.165551 0.007292
0.221137 0.165962 0.021875
0.241453 0.166665 0.017708
0.290871 0.166658 0.007292
0.302478 0.166524 0.006250
0.378075 0.166546 0.011458
0.419981 0.167358 0.014583
0.456451 0.167005 0.016667
0.474946 0.166280 0.011458
0.488706 0.165018 0.025000
0.507398 0.166015 0.005208
0.571937 0.164088 0.011458
0.265573 0.167601 0.011458
0.329758 0.167170 0.011458
0.398778 0.167989 0.011458
0.445809 0.167589 0.006250
0.528017 0.166695 0.009375
0.540781 0.167061 0.011458
0.686117 0.159979 0.004167
0.345061 0.169071 0.009375
0.586656 0.165171 0.022917
0.592698 0.165348 0.015625
0.617311 0.164717 0.019792
0.704957 0.160725 0.007292
0.757314 0.157192 0.012500
0.627402 0.166670 0.011458
0.645088 0.164385 0.011458
0.664450 0.162543 0.017708
0.694039 0.163100 0.019792
0.716171 0.160463 0.007292
0.727439 0.159535 0.006250
0.737071 0.158690 0.016667
0.773372 0.156567 0.011458
0.787747 0.155048 0.007292
0.797362 0.153225 0.016667
0.678199 0.163824 0.007292
0.055805 0.176724 0.009375
0.069284 0.177557 0.007292
0.077612 0.178459 0.009375
0.088320 0.177175 0.009375
0.099847 0.177134 0.007292
0.116758 0.177461 0.007292
0.109655 0.179064 0.006250
0.897669 0.155076 0.007292
0.907500 0.154248 0.004167
0.941427 0.151609 0.010417
0.126106 0.179098 0.007292
0.134625 0.178852 0.007292
0.821731 0.162091 0.007292
0.830998 0.161184 0.007292
0.843238 0.160157 0.007292
0.854623 0.159109 0.007292
0.866207 0.158549 0.007292
0.875076 0.157182 0.006250
0.885829 0.157138 0.007292
0.913491 0.154976 0.010417
0.924335 0.153768 0.007292
0.934704 0.153538 0.007292
0.143503 0.181047 0.010417
0.149297 0.180163 0.004167
0.173246 0.179393 0.007292
0.815679 0.163680 0.011458
0.160135 0.181108 0.009375
0.182686 0.179884 0.011458
0.066566 0.193934 0.007292
0.077262 0.193246 0.007292
0.057538 0.195485 0.009375
0.096283 0.193796 0.009375
0.085411 0.195576 0.011458
0.108693 0.195124 0.007292
0.116377 0.195012 0.005208
0.822374 0.176755 0.011458
0.831113 0.176091 0.007292
0.842135 0.175502 0.007292
0.854033 0.174799 0.007292
0.862934 0.173763 0.007292
0.875607 0.172520 0.007292
0.904695 0.170515 0.007292
0.913461 0.169958 0.004167
0.919263 0.169610 0.009375
0.936680 0.167950 0.011458
0.124681 0.196076 0.007292
0.136491 0.195806 0.007292
0.154458 0.196251 0.011458
0.886535 0.172731 0.007292
0.895669 0.172887 0.007292
0.930318 0.170718 0.014583
0.946313 0.168632 0.013542
0.147080 0.197201 0.010417
0.162336 0.196352 0.007292
0.169819 0.195927 0.011458
0.176606 0.196528 0.009375
0.314056 0.199534 0.007292
0.335572 0.200611 0.007292
0.292230 0.201469 0.007292
0.325062 0.200913 0.006250
0.349884 0.201314 0.007292
0.367621 0.200716 0.014583
0.303728 0.202155 0.006250
0.382322 0.202581 0.009375
0.580895 0.199887 0.007292
0.749449 0.191146 0.005208
0.216376 0.203799 0.020833
0.241198 0.203248 0.014583
0.257372 0.201951 0.017708
0.278412 0.203147 0.011458
0.528848 0.202560 0.007292
0.558822 0.201496 0.004167
0.568338 0.201411 0.007292
0.737484 0.192365 0.007292
0.757396 0.190812 0.007292
0.770833 0.189873 0.007292
0.399047 0.204685 0.011458
0.520613 0.204051 0.020833
0.547144 0.202709 0.016667
0.587341 0.200776 0.013542
0.603281 0.201565 0.011458
0.650496 0.199135 0.007292
0.711072 0.195238 0.013542
0.791001 0.190246 0.016667
0.615940 0.201195 0.007292
0.625381 0.200640 0.016667
0.696493 0.197682 0.010417
0.727350 0.195097 0.006250
0.781868 0.191053 0.006250
0.641759 0.201791 0.007292
0.680865 0.199841 0.017708
0.661185 0.200827 0.007292
0.057798 0.210501 0.008333
0.069711 0.210070 0.009375
0.081028 0.209508 0.009375
0.089879 0.210852 0.009375
0.101956 0.210284 0.007292
0.110846 0.210604 0.007292
0.866217 0.188581 0.007292
0.876901 0.188026 0.008333
0.916102 0.184628 0.007292
0.118130 0.211153 0.010417
0.825037 0.192445 0.009375
0.836780 0.191070 0.007292
0.849746 0.190907 0.007292
0.857990 0.190026 0.007292
0.892316 0.188260 0.007292
0.904814 0.186993 0.008333
0.135115 0.212155 0.007292
0.144029 0.211770 0.007292
0.157859 0.211640 0.011458
0.166836 0.211924 0.011458
0.174142 0.212238 0.007292
0.182816 0.211580 0.004167
0.058460 0.226804 0.008333
0.068495 0.227031 0.007292
0.077814 0.227057 0.007292
0.087470 0.227021 0.007292
0.096122 0.227672 0.007292
0.108577 0.227937 0.007292
0.118987 0.227830 0.007292
0.130885 0.228786 0.011458
0.137194 0.228177 0.011458
0.146254 0.228361 0.007292
0.154536 0.229236 0.011458
0.164916 0.228690 0.007292
0.175137 0.228952 0.007292
0.185210 0.229137 0.007292
0.231995 0.235636 0.017708
0.255905 0.237483 0.011458
0.296257 0.236714 0.012500
0.216110 0.237883 0.021875
0.282796 0.238468 0.017708
0.303045 0.237232 0.015625
0.312117 0.237895 0.006250
0.370696 0.238476 0.019792
0.642405 0.230616 0.004167
0.670960 0.229766 0.009375
0.701120 0.227737 0.006250
0.780197 0.220821 0.029167
0.796773 0.221966 0.014583
0.345224 0.238740 0.007292
0.384837 0.238760 0.007292
0.591461 0.233700 0.007292
0.601050 0.233388 0.007292
0.649590 0.231536 0.005208
0.658825 0.231025 0.006250
0.682851 0.229899 0.007292
0.692280 0.228807 0.005208
0.719526 0.228028 0.011458
0.741784 0.226198 0.017708
0.755330 0.225338 0.007292
0.764415 0.225289 0.019792
0.061766 0.243405 0.011458
0.320894 0.240426 0.006250
0.394863 0.239107 0.017708
0.540463 0.236862 0.007292
0.577634 0.235634 0.009375
0.621246 0.233504 0.007292
0.632114 0.234198 0.016667
0.328852 0.240696 0.005208
0.337269 0.240460 0.004167
0.356784 0.240050 0.007292
0.525716 0.239012 0.021875
0.563511 0.237631 0.009375
0.080086 0.245313 0.007292
0.089651 0.245104 0.007292
0.098535 0.244599 0.006250
0.109118 0.244073 0.007292
0.123742 0.244357 0.007292
0.550760 0.238561 0.006250
0.136869 0.244944 0.007292
0.147054 0.244901 0.008333
0.160313 0.244897 0.007292
0.170879 0.245200 0.007292
0.184030 0.245195 0.009375
0.058711 0.261307 0.005208
0.093484 0.259739 0.008333
0.109812 0.260283 0.009375
0.068879 0.261645 0.008333
0.083507 0.261880 0.007292
0.123716 0.260230 0.007292
0.133760 0.260362 0.007292
0.139217 0.259957 0.007292
0.149770 0.260771 0.007292
0.161537 0.259086 0.009375
0.173919 0.258593 0.009375
0.183789 0.260163 0.009375
0.267390 0.269891 0.014583
0.329703 0.268068 0.013542
0.347863 0.268626 0.014583
0.059856 0.275590 0.010417
0.068812 0.275256 0.009375
0.222804 0.271190 0.007292
0.280866 0.270440 0.007292
0.291015 0.270312 0.005208
0.299540 0.270088 0.006250
0.084707 0.275149 0.009375
0.131609 0.275115 0.011458
0.139270 0.274117 0.009375
0.212897 0.273862 0.018750
0.235899 0.273179 0.007292
0.311552 0.270269 0.009375
0.384392 0.269040 0.009375
0.090498 0.276401 0.004167
0.096895 0.276655 0.007292
0.111883 0.276054 0.008333
0.125399 0.275326 0.010417
0.247576 0.273516 0.017708
0.368466 0.272305 0.011458
0.715950 0.259700 0.019792
0.790962 0.255363 0.004167
0.150907 0.275477 0.008333
0.164328 0.274792 0.009375
0.177554 0.275753 0.008333
0.396897 0.271089 0.020833
0.549833 0.268801 0.016667
0.568445 0.266875 0.015625
0.638484 0.263123 0.011458
0.686685 0.261522 0.009375
0.701292 0.259667 0.011458
0.743559 0.258665 0.013542
0.784175 0.256537 0.004167
0.797711 0.255479 0.019792
0.187769 0.276724 0.009375
0.524032 0.269160 0.016667
0.595275 0.266215 0.011458
0.621983 0.265877 0.006250
0.653344 0.264283 0.011458
0.675928 0.263133 0.017708
0.727045 0.259909 0.007292
0.773331 0.258816 0.021875
0.610377 0.267069 0.011458
0.760176 0.259131 0.010417
0.094940 0.290126 0.007292
0.060359 0.291792 0.008333
0.073309 0.291845 0.007292
0.083834 0.291132 0.007292
0.107725 0.290726 0.008333
0.119604 0.289688 0.007292
0.131435 0.290109 0.008333
0.143381 0.290908 0.007292
0.154076 0.290611 0.007292
0.163297 0.291142 0.007292
0.185831 0.290254 0.007292
0.177050 0.292023 0.007292
0.057520 0.307523 0.010417
0.074447 0.307072 0.007292
0.083765 0.306925 0.007292
0.093377 0.306090 0.007292
0.104140 0.307049 0.004167
0.110375 0.307293 0.009375
0.136275 0.305484 0.007292
0.262822 0.301706 0.014583
0.319497 0.301268 0.007292
0.118629 0.308413 0.011458
0.125662 0.306871 0.007292
0.142276 0.306621 0.007292
0.217150 0.303609 0.017708
0.153793 0.306799 0.007292
0.167365 0.306905 0.006250
0.175873 0.306839 0.004167
0.183903 0.306380 0.007292
0.241830 0.305916 0.014583
0.275620 0.303733 0.007292
0.289074 0.303930 0.007292
0.299829 0.303425 0.005208
0.308070 0.303332 0.006250
0.378259 0.301794 0.009375
0.724370 0.289050 0.004167
0.791470 0.286229 0.007292
0.191478 0.308197 0.010417
0.329758 0.303919 0.006250
0.339638 0.303321 0.007292
0.351492 0.302768 0.009375
0.366676 0.302544 0.009375
0.553052 0.298282 0.019792
0.656807 0.293094 0.007292
0.707088 0.290811 0.006250
0.716585 0.290501 0.006250
0.801852 0.286933 0.017708
0.407850 0.301665 0.014583
0.448197 0.302013 0.011458
0.459792 0.301562 0.007292
0.488450 0.300041 0.011458
0.524960 0.298847 0.007292
0.535079 0.298876 0.007292
0.568411 0.297356 0.007292
0.604191 0.296332 0.006250
0.629032 0.295477 0.009375
0.642483 0.294607 0.009375
0.694975 0.292549 0.009375
0.735644 0.291060 0.007292
0.745829 0.290778 0.007292
0.783423 0.288947 0.014583
0.390267 0.303193 0.007292
0.400273 0.304246 0.017708
0.430722 0.301731 0.015625
0.473392 0.301932 0.011458
0.510381 0.301156 0.014583
0.593436 0.298096 0.007292
0.617668 0.297282 0.018750
0.678188 0.293746 0.009375
0.755830 0.290738 0.007292
0.766505 0.289626 0.018750
0.582109 0.298488 0.008333
0.667218 0.295227 0.006250
0.058789 0.322516 0.009375
0.084653 0.322163 0.005208
0.092019 0.321661 0.007292
0.066233 0.323217 0.010417
0.077191 0.323176 0.010417
0.102904 0.322579 0.007292
0.113780 0.321666 0.006250
0.124077 0.321259 0.007292
0.145545 0.320425 0.007292
0.156801 0.320417 0.011458
0.165222 0.320292 0.007292
0.133382 0.322284 0.007292
0.176559 0.321456 0.007292
0.185047 0.319552 0.014583
0.191865 0.320841 0.010417
0.071788 0.338727 0.010417
0.084675 0.337549 0.011458
0.096162 0.336949 0.011458
0.101826 0.337121 0.004167
0.059547 0.338821 0.009375
0.113968 0.337297 0.009375
0.125861 0.338141 0.007292
0.137452 0.338537 0.009375
0.151224 0.336897 0.007292
0.766232 0.317244 0.007292
0.232925 0.335839 0.014583
0.273681 0.335955 0.016667
0.295248 0.335969 0.014583
0.744125 0.318782 0.009375
0.789140 0.316556 0.011458
0.455567 0.330978 0.011458
0.774752 0.318727 0.006250
0.800852 0.317753 0.022917
0.214931 0.339431 0.026042
0.246478 0.337744 0.023958
0.254537 0.338345 0.007292
0.263380 0.337997 0.006250
0.350324 0.335364 0.011458
0.367072 0.335033 0.009375
0.377853 0.334501 0.007292
0.387608 0.333778 0.020833
0.401749 0.333187 0.018750
0.422612 0.332884 0.014583
0.441171 0.332511 0.011458
0.503738 0.329781 0.009375
0.520468 0.329684 0.012500
0.568130 0.327178 0.011458
0.628904 0.325803 0.009375
0.700201 0.322354 0.011458
0.723203 0.321228 0.007292
0.733911 0.321061 0.006250
0.757912 0.321567 0.021875
0.315698 0.335935 0.025000
0.334052 0.335995 0.011458
0.412316 0.334027 0.004167
0.472210 0.331952 0.011458
0.488729 0.330794 0.010417
0.538180 0.329650 0.011458
0.554478 0.329136 0.007292
0.581963 0.327733 0.007292
0.604340 0.327399 0.008333
0.644017 0.327081 0.011458
0.658280 0.326495 0.011458
0.672562 0.324011 0.011458
0.712058 0.323122 0.007292
0.588776 0.326960 0.021875
0.613206 0.327616 0.004167
0.618539 0.327710 0.009375
0.686422 0.325989 0.007292
0.848459 0.397224 0.007292
0.839525 0.398846 0.007292
0.858082 0.397851 0.004167
0.827174 0.399616 0.014583
