200.07 48.49 6
207.45 48.27 7
217.05 47.21 11
224.81 47.00 11
233.70 47.59 7
244.88 47.25 7
442.97 42.97 4
476.07 43.13 11
253.77 48.26 7
436.46 44.42 10
449.64 43.66 5
458.96 43.34 6
467.23 43.09 4
481.88 42.59 4
529.44 42.06 8
566.79 40.81 11
576.11 40.34 6
582.90 39.48 6
590.05 39.48 13
601.85 39.12 7
629.99 37.37 7
664.16 36.53 9
690.05 34.80 7
701.57 33.81 7
710.92 34.67 7
719.37 33.54 7
731.13 33.99 7
738.47 32.86 4
746.12 32.68 9
751.60 32.42 4
758.63 32.50 10
264.81 48.78 7
274.03 48.73 7
285.50 48.28 7
294.59 48.23 7
310.29 48.40 8
332.95 47.35 5
341.17 47.17 6
349.21 46.65 7
360.90 46.99 9
404.17 45.87 7
414.44 45.98 8
425.57 45.65 7
490.36 43.17 7
507.04 43.10 7
518.45 42.71 7
540.21 42.20 7
549.90 41.72 7
610.69 39.23 7
619.63 39.07 7
639.18 38.47 7
649.78 38.66 7
675.71 37.47 9
325.42 48.88 10
373.59 46.84 8
386.25 47.34 7
395.92 47.06 7
825.38 39.27 8
841.89 38.32 9
852.92 37.47 7
862.89 37.12 9
783.37 42.41 9
793.37 42.22 7
802.96 41.63 7
812.76 40.60 7
876.12 36.98 7
885.21 37.17 6
899.72 35.27 11
893.06 37.92 7
202.04 63.08 8
217.59 64.59 8
227.83 63.08 7
236.54 63.52 6
246.75 62.44 7
287.69 62.40 7
300.09 61.59 7
511.58 57.37 4
560.54 55.62 6
605.51 54.48 6
614.01 53.61 7
692.82 50.55 7
702.42 49.70 7
710.37 49.54 8
729.56 48.86 7
739.51 47.32 9
746.51 47.51 9
254.44 63.70 4
259.35 63.53 7
269.11 63.64 4
276.85 63.81 9
316.20 62.70 9
324.07 62.27 6
357.64 61.83 8
429.47 60.67 7
437.23 60.54 7
466.33 59.66 7
476.93 60.08 7
485.71 58.72 6
493.45 58.97 6
502.68 58.90 7
518.12 59.12 9
525.74 59.03 9
545.30 57.46 4
552.79 57.19 5
567.48 57.10 7
576.51 56.45 7
586.18 55.90 7
596.48 55.99 6
624.26 54.71 7
641.25 53.63 4
646.09 53.13 9
659.79 53.02 7
669.74 52.17 7
678.09 52.18 7
715.19 50.52 4
720.35 49.86 4
758.91 48.26 7
333.32 64.11 6
343.72 62.74 7
367.15 62.54 7
375.71 62.58 7
385.56 62.39 7
395.66 62.76 8
410.63 62.36 7
421.40 61.95 7
447.66 60.77 7
455.55 61.08 5
536.73 58.97 7
634.54 55.67 9
822.02 54.22 9
842.82 53.60 9
792.72 56.67 7
803.42 56.50 9
811.31 55.26 9
831.16 54.60 7
849.96 53.63 7
857.83 53.07 7
865.06 52.55 7
874.53 52.39 8
888.63 51.24 8
901.21 50.77 7
782.30 59.19 9
237.08 78.22 7
736.60 64.10 11
201.16 80.03 10
218.07 79.92 7
227.77 78.80 7
250.57 78.85 8
259.60 79.36 11
276.10 78.36 7
287.60 78.28 9
433.96 76.52 10
487.39 74.85 7
496.56 75.20 7
516.00 75.29 10
599.64 70.64 10
612.22 70.67 5
649.48 68.75 6
672.33 68.18 7
680.28 68.08 11
697.20 65.35 11
703.80 65.82 11
716.51 65.58 7
724.61 65.08 7
742.64 63.85 11
754.53 64.09 10
298.27 79.01 7
307.45 79.22 9
319.98 79.17 7
332.58 78.41 7
342.70 78.49 11
349.24 78.58 10
354.96 78.74 10
364.15 77.85 7
374.93 78.16 7
382.40 78.12 5
390.14 78.19 7
401.04 77.79 7
409.91 77.20 4
440.12 77.09 5
458.22 76.43 6
467.25 76.39 7
474.01 76.09 11
507.06 75.37 7
522.16 74.77 10
533.41 75.30 5
566.66 73.59 9
576.98 73.33 7
585.51 72.88 5
592.14 72.81 7
619.40 71.79 7
627.20 71.07 7
633.99 71.18 4
642.20 70.73 6
657.13 69.82 4
760.83 63.59 9
423.49 78.91 11
446.08 77.89 3
451.26 77.73 4
544.57 75.47 9
554.94 75.33 4
903.91 65.05 7
781.47 73.82 7
791.97 73.92 8
800.04 72.17 8
804.93 71.86 9
811.49 71.99 4
823.80 71.59 7
832.37 70.85 9
844.16 70.77 9
852.48 69.81 4
858.28 69.04 4
869.10 67.75 8
881.45 67.36 7
893.88 67.12 7
893.69 81.43 7
901.84 80.60 10
63.98 109.57 9
846.70 85.45 7
853.73 84.86 11
863.25 85.22 8
873.16 84.45 7
882.18 83.28 7
909.51 81.39 10
42.86 110.89 7
51.06 110.15 11
74.90 110.08 7
83.77 109.69 6
94.43 109.35 7
112.06 108.75 9
782.84 90.80 9
796.56 91.00 9
808.47 88.60 10
817.32 88.87 7
826.29 88.22 7
837.41 87.26 7
103.56 110.81 6
123.46 110.07 9
137.62 110.89 7
147.35 110.83 7
157.08 110.82 7
165.38 110.89 12
905.64 96.45 9
52.73 125.49 11
78.68 124.24 7
808.43 104.44 7
818.40 103.38 6
827.07 103.17 7
838.31 102.05 7
850.24 101.57 7
877.33 99.70 9
61.24 126.47 6
68.54 125.37 7
86.20 124.72 7
97.37 124.96 8
419.79 122.23 11
433.61 122.94 7
464.69 121.43 11
798.79 105.85 7
859.77 102.27 7
867.02 101.63 9
885.94 99.95 7
893.37 99.14 7
115.75 125.89 9
446.07 124.32 9
783.72 107.80 10
790.23 108.06 11
125.20 127.13 7
134.42 126.30 7
146.46 126.19 7
158.58 126.18 7
248.88 124.56 14
263.76 123.42 21
284.78 124.89 17
323.59 126.14 14
340.53 125.63 11
356.98 125.47 11
372.03 124.87 11
401.83 125.22 11
477.91 124.26 9
506.65 124.52 17
756.98 110.78 16
174.25 128.36 11
220.63 126.66 11
299.19 126.44 17
304.41 125.50 13
385.83 125.34 11
489.54 123.97 17
516.60 124.93 7
528.70 124.86 17
544.80 124.24 11
563.43 123.69 14
608.51 122.06 11
627.48 120.06 14
648.45 119.32 11
738.13 113.63 6
205.03 128.69 17
274.99 127.53 7
579.04 124.54 7
588.77 123.02 6
595.47 122.93 7
663.29 119.65 10
693.94 117.39 11
709.22 116.80 11
721.38 116.52 7
728.83 115.78 5
745.57 113.93 5
231.58 128.56 7
678.25 120.33 11
71.03 139.48 9
49.44 140.01 8
59.76 139.55 7
845.87 117.54 8
874.66 114.91 6
883.69 114.09 7
894.52 113.86 9
906.37 112.66 9
79.66 140.58 5
86.67 140.21 7
815.07 120.52 4
821.95 120.88 10
831.78 120.33 9
856.01 117.39 7
865.15 116.57 7
99.23 141.13 7
108.88 140.62 7
789.08 124.27 12
797.82 123.23 7
804.84 122.81 9
119.29 141.44 7
129.47 141.49 7
135.82 141.29 7
146.18 142.02 7
155.67 141.91 9
162.34 142.52 10
169.00 143.02 10
177.66 142.77 9
50.87 155.26 10
64.78 155.46 8
75.31 155.15 7
883.44 129.98 7
84.44 154.60 7
94.56 155.34 7
868.11 131.96 4
874.37 131.43 9
891.55 131.23 11
895.95 129.81 11
904.17 129.31 10
108.89 155.95 8
829.87 136.73 9
843.11 133.81 11
849.90 135.19 11
860.18 134.24 7
119.65 157.21 7
127.86 156.83 7
782.64 140.78 9
792.39 140.54 7
800.41 139.50 7
810.02 138.83 7
817.60 137.81 7
137.54 158.02 7
148.42 157.49 8
160.93 157.62 7
171.97 158.86 7
266.86 158.14 7
298.60 159.24 16
350.01 158.13 14
416.97 159.37 7
476.78 159.25 7
496.03 158.16 7
533.95 157.82 9
180.54 158.93 7
212.29 159.32 21
231.80 160.00 17
279.24 159.99 7
290.38 159.86 6
362.95 159.88 11
403.18 160.66 14
438.19 160.32 16
455.95 159.63 11
469.16 158.42 24
487.10 159.37 5
549.06 157.52 11
254.95 160.90 11
316.57 160.48 11
382.83 161.27 11
427.98 160.89 6
506.90 160.03 9
519.15 160.38 11
658.67 153.58 4
331.26 162.31 9
563.19 158.56 22
568.99 158.73 15
592.62 158.13 19
676.76 154.30 7
727.02 150.90 12
602.31 160.00 11
619.28 157.81 11
637.87 156.04 17
666.28 156.58 19
687.52 154.04 7
698.34 153.15 6
707.59 152.34 16
742.44 150.30 11
756.24 148.85 7
765.47 147.10 16
651.07 157.27 7
53.57 169.65 9
66.51 170.46 7
74.51 171.32 9
84.79 170.09 9
95.85 170.05 7
112.09 170.36 7
105.27 171.90 6
861.76 148.87 7
871.20 148.08 4
903.77 145.54 10
121.06 171.93 7
129.24 171.70 7
788.86 155.61 7
797.76 154.74 7
809.51 153.75 7
820.44 152.74 7
831.56 152.21 7
840.07 150.90 6
850.40 150.85 7
876.95 148.78 10
887.36 147.62 7
897.32 147.40 7
137.76 173.80 10
143.32 172.96 4
166.32 172.22 7
783.05 157.13 11
153.73 173.86 9
175.38 172.69 11
63.90 186.18 7
74.17 185.52 7
55.24 187.67 9
92.43 186.04 9
81.99 187.75 11
104.35 187.32 7
111.72 187.21 5
789.48 169.68 11
797.87 169.05 7
808.45 168.48 7
819.87 167.81 7
828.42 166.81 7
840.58 165.62 7
868.51 163.69 7
876.92 163.16 4
882.49 162.83 9
899.21 161.23 11
119.69 188.23 7
131.03 187.97 7
148.28 188.40 11
851.07 165.82 7
859.84 165.97 7
893.11 163.89 14
908.46 161.89 13
141.20 189.31 10
155.84 188.50 7
163.03 188.09 11
169.54 188.67 9
301.49 191.55 7
322.15 192.59 7
280.54 193.41 7
312.06 192.88 6
335.89 193.26 7
352.92 192.69 14
291.58 194.07 6
367.03 194.48 9
557.66 191.89 7
719.47 183.50 5
207.72 195.65 20
231.55 195.12 14
247.08 193.87 17
267.28 195.02 11
507.69 194.46 7
536.47 193.44 4
545.60 193.35 7
707.98 184.67 7
727.10 183.18 7
740.00 182.28 7
383.09 196.50 11
499.79 195.89 20
525.26 194.60 16
563.85 192.75 13
579.15 193.50 11
624.48 191.17 7
682.63 187.43 13
759.36 182.64 16
591.30 193.15 7
600.37 192.61 16
668.63 189.78 10
698.26 187.29 6
750.59 183.41 6
616.09 193.72 7
653.63 191.85 17
634.74 192.79 7
55.49 202.08 8
66.92 201.67 9
77.79 201.13 9
86.28 202.42 9
97.88 201.87 7
106.41 202.18 7
831.57 181.04 7
841.82 180.51 8
879.46 177.24 7
113.40 202.71 10
792.04 184.75 9
803.31 183.43 7
815.76 183.27 7
823.67 182.43 7
856.62 180.73 7
868.62 179.51 8
129.71 203.67 7
138.27 203.30 7
151.54 203.17 11
160.16 203.45 11
167.18 203.75 7
175.50 203.12 4
56.12 217.73 8
65.76 217.95 7
74.70 217.97 7
83.97 217.94 7
92.28 218.57 7
104.23 218.82 7
114.23 218.72 7
125.65 219.63 11
131.71 219.05 11
140.40 219.23 7
148.35 220.07 11
158.32 219.54 7
168.13 219.79 7
177.80 219.97 7
222.71 226.21 17
245.67 227.98 11
284.41 227.25 12
207.47 228.37 21
271.48 228.93 17
290.92 227.74 15
299.63 228.38 6
355.87 228.94 19
616.71 221.39 4
644.12 220.58 9
673.08 218.63 6
748.99 211.99 28
764.90 213.09 14
331.41 229.19 7
369.44 229.21 7
567.80 224.35 7
577.01 224.05 7
623.61 222.27 5
632.47 221.78 6
655.54 220.70 7
664.59 219.65 5
690.74 218.91 11
712.11 217.15 17
725.12 216.32 7
733.84 216.28 19
59.30 233.67 11
308.06 230.81 6
379.07 229.54 17
518.84 227.39 7
554.53 226.21 9
596.40 224.16 7
606.83 224.83 16
315.70 231.07 5
323.78 230.84 4
342.51 230.45 7
504.69 229.45 21
540.97 228.13 9
76.88 235.50 7
86.06 235.30 7
94.59 234.82 6
104.75 234.31 7
118.79 234.58 7
528.73 229.02 6
131.39 235.15 7
141.17 235.10 8
153.90 235.10 7
164.04 235.39 7
176.67 235.39 9
56.36 250.85 5
89.74 249.35 8
105.42 249.87 9
66.12 251.18 8
80.17 251.40 7
118.77 249.82 7
128.41 249.95 7
133.65 249.56 7
143.78 250.34 7
155.08 248.72 9
166.96 248.25 9
176.44 249.76 9
256.69 259.10 14
316.51 257.34 13
333.95 257.88 14
57.46 264.57 10
66.06 264.25 9
213.89 260.34 7
269.63 259.62 7
279.37 259.50 5
287.56 259.28 6
81.32 264.14 9
126.34 264.11 11
133.70 263.15 9
204.38 262.91 18
226.46 262.25 7
299.09 259.46 9
369.02 258.28 9
86.88 265.34 4
93.02 265.59 7
107.41 265.01 8
120.38 264.31 10
237.67 262.58 17
353.73 261.41 11
687.31 249.31 19
759.32 245.15 4
144.87 264.46 8
157.75 263.80 9
170.45 264.72 8
381.02 260.25 20
527.84 258.05 16
545.71 256.20 15
612.95 252.60 11
659.22 251.06 9
673.24 249.28 11
713.82 248.32 13
752.81 246.28 4
765.80 245.26 19
180.26 265.66 9
503.07 258.39 16
571.46 255.57 11
597.10 255.24 6
627.21 253.71 11
648.89 252.61 17
697.96 249.51 7
742.40 248.46 21
585.96 256.39 11
729.77 248.77 10
91.14 278.52 7
57.94 280.12 8
70.38 280.17 7
80.48 279.49 7
103.42 279.10 8
114.82 278.10 7
126.18 278.50 8
137.65 279.27 7
147.91 278.99 7
156.77 279.50 7
178.40 278.64 7
169.97 280.34 7
55.22 295.22 10
71.47 294.79 7
80.41 294.65 7
89.64 293.85 7
99.97 294.77 4
105.96 295.00 9
130.82 293.27 7
252.31 289.64 14
306.72 289.22 7
113.88 296.08 11
120.64 294.60 7
136.58 294.36 7
208.46 291.46 17
147.64 294.53 7
160.67 294.63 6
168.84 294.57 4
176.55 294.13 7
232.16 293.68 14
264.60 291.58 7
277.51 291.77 7
287.84 291.29 5
295.75 291.20 6
363.13 289.72 9
695.40 277.49 4
759.81 274.78 7
183.82 295.87 10
316.57 291.76 6
326.05 291.19 7
337.43 290.66 9
352.01 290.44 9
530.93 286.35 19
630.53 281.37 7
678.80 279.18 6
687.92 278.88 6
769.78 275.46 17
391.54 289.60 14
430.27 289.93 11
441.40 289.50 7
468.91 288.04 11
503.96 286.89 7
513.68 286.92 7
545.67 285.46 7
580.02 284.48 6
603.87 283.66 9
616.78 282.82 9
667.18 280.85 9
706.22 279.42 7
716.00 279.15 7
752.09 277.39 14
374.66 291.07 7
384.26 292.08 17
413.49 289.66 15
454.46 289.85 11
489.97 289.11 14
569.70 286.17 7
592.96 285.39 18
651.06 282.00 9
725.60 279.11 7
735.85 278.04 18
558.82 286.55 8
640.53 283.42 6
56.44 309.62 9
81.27 309.28 5
88.34 308.79 7
63.58 310.29 10
74.10 310.25 10
98.79 309.68 7
109.23 308.80 6
119.11 308.41 7
139.72 307.61 7
150.53 307.60 11
158.61 307.48 7
128.05 309.39 7
169.50 308.60 7
177.64 306.77 14
184.19 308.01 10
68.92 325.18 10
81.29 324.05 11
92.32 323.47 11
97.75 323.64 4
57.16 325.27 9
109.41 323.81 9
120.83 324.62 7
131.95 325.00 9
145.17 323.42 7
735.58 304.55 7
223.61 322.41 14
262.73 322.52 16
283.44 322.53 14
714.36 306.03 9
757.57 303.89 11
437.34 317.74 11
743.76 305.98 6
768.82 305.04 22
206.33 325.85 25
236.62 324.23 23
244.36 324.81 7
252.84 324.48 6
336.31 321.95 11
352.39 321.63 9
362.74 321.12 7
372.10 320.43 20
385.68 319.86 18
405.71 319.57 14
423.52 319.21 11
483.59 316.59 9
499.65 316.50 12
545.40 314.09 11
603.75 312.77 9
672.19 309.46 11
694.27 308.38 7
704.55 308.22 6
727.60 308.70 21
303.07 322.50 24
320.69 322.55 11
395.82 320.67 4
453.32 318.67 11
469.18 317.56 10
516.65 316.46 11
532.30 315.97 7
558.68 314.62 7
580.17 314.30 8
618.26 314.00 11
631.95 313.44 11
645.66 311.05 11
683.58 310.20 7
565.23 313.88 21
588.68 314.51 4
593.80 314.60 9
658.96 312.95 7
814.52 381.34 7
805.94 382.89 7
823.76 381.94 4
794.09 383.63 14
