0.363262 0.040190 0.050000
0.695537 0.059304 0.021875
0.744526 0.061266 0.017708
0.774936 0.064178 0.014583
0.793914 0.066744 0.014583
0.721262 0.060565 0.014583
0.097351 0.031217 0.039583
0.819292 0.070640 0.014583
0.896648 0.074037 0.034375
0.915754 0.076063 0.035417
0.859427 0.076772 0.030208
0.153132 0.033928 0.013542
0.167659 0.035086 0.014583
0.271467 0.038823 0.011458
0.333509 0.042028 0.020833
0.562914 0.052616 0.035417
0.613346 0.058014 0.021875
0.874419 0.075301 0.011458
0.192832 0.035414 0.014583
0.240994 0.041839 0.021875
0.310014 0.043145 0.014583
0.585048 0.054510 0.021875
0.642936 0.060273 0.017708
0.666546 0.061389 0.014583
0.285831 0.041448 0.011458
0.836001 0.075606 0.014583
0.129564 0.037160 0.032292
0.215598 0.042154 0.014583
0.411065 0.047802 0.026042
0.196838 0.085025 0.011458
0.218543 0.086951 0.016667
0.256800 0.089120 0.011458
0.545491 0.096956 0.034375
0.598606 0.107448 0.025000
0.636637 0.109131 0.029167
0.691575 0.114457 0.032292
0.671278 0.114508 0.030208
0.869113 0.125955 0.029167
0.132192 0.086644 0.011458
0.278633 0.091328 0.017708
0.304560 0.092185 0.017708
0.832466 0.124160 0.029167
0.093353 0.084064 0.032292
0.116570 0.089318 0.029167
0.155144 0.087051 0.014583
0.331753 0.094258 0.021875
0.348964 0.096429 0.031250
0.714177 0.116323 0.014583
0.731814 0.118484 0.011458
0.800921 0.123408 0.010417
0.818519 0.125549 0.027083
0.890470 0.130011 0.017708
0.906565 0.130736 0.032292
0.242031 0.090696 0.014583
0.564514 0.107808 0.032292
0.752938 0.121401 0.017708
0.780423 0.123686 0.017708
0.858433 0.128078 0.021875
0.176692 0.090142 0.014583
0.387786 0.099951 0.029167
0.415864 0.100800 0.029167
0.567398 0.153308 0.011458
0.219903 0.138287 0.011458
0.246614 0.140029 0.017708
0.395931 0.146649 0.014583
0.414054 0.150223 0.029167
0.857532 0.177129 0.011458
0.550572 0.154488 0.028125
0.737333 0.168439 0.017708
0.133303 0.138204 0.017708
0.205105 0.139867 0.011458
0.272318 0.142626 0.021875
0.337539 0.144698 0.029167
0.363226 0.147094 0.025000
0.608392 0.161729 0.021875
0.698638 0.167525 0.017708
0.716224 0.169716 0.011458
0.878046 0.179043 0.014583
0.109072 0.138550 0.013542
0.157701 0.139908 0.014583
0.587598 0.161011 0.029167
0.634633 0.162965 0.017708
0.665067 0.165172 0.023958
0.765210 0.175151 0.017708
0.787384 0.175911 0.017708
0.836100 0.179096 0.014583
0.898525 0.185138 0.032292
0.088645 0.136390 0.029167
0.177367 0.143023 0.020833
0.321919 0.144693 0.029167
0.815447 0.177117 0.014583
0.914877 0.185964 0.028125
0.299888 0.149142 0.014583
0.099666 0.185162 0.029167
0.863028 0.230403 0.014583
0.196113 0.192329 0.011458
0.399885 0.200692 0.011458
0.134135 0.190544 0.017708
0.175884 0.190152 0.017708
0.550129 0.208554 0.029167
0.576715 0.210749 0.009375
0.745075 0.222773 0.014583
0.220533 0.193661 0.032292
0.332111 0.197848 0.021875
0.364624 0.201677 0.014583
0.592027 0.216527 0.032292
0.682965 0.220112 0.028125
0.881953 0.234209 0.014583
0.914292 0.237671 0.025000
0.253765 0.196605 0.028125
0.615043 0.213318 0.017708
0.772894 0.226770 0.020833
0.802205 0.229373 0.021875
0.833532 0.232789 0.021875
0.156587 0.194614 0.011458
0.271262 0.197155 0.011458
0.304486 0.197155 0.029167
0.387604 0.201354 0.037500
0.411154 0.204680 0.038542
0.721153 0.219434 0.032292
0.908739 0.239779 0.035417
0.291270 0.198680 0.029167
0.666161 0.218420 0.037500
0.638045 0.219668 0.017708
0.695513 0.227299 0.009375
0.868066 0.281165 0.017708
0.541000 0.258957 0.023958
0.555420 0.260444 0.009375
0.799031 0.278206 0.021875
0.846024 0.281818 0.014583
0.909884 0.285457 0.028125
0.722421 0.274669 0.025000
0.822342 0.281819 0.014583
0.895255 0.287875 0.038542
0.092016 0.242824 0.030208
0.178638 0.244458 0.017708
0.204312 0.245159 0.014583
0.228622 0.248354 0.020833
0.305377 0.249230 0.017708
0.571772 0.264004 0.025000
0.662409 0.272760 0.018750
0.107105 0.243343 0.017708
0.157256 0.245336 0.017708
0.267472 0.248742 0.026042
0.634714 0.270171 0.011458
0.686398 0.271988 0.021875
0.770536 0.279059 0.021875
0.134747 0.246334 0.017708
0.353708 0.252054 0.017708
0.598440 0.268730 0.017708
0.326478 0.252447 0.014583
0.372172 0.255950 0.011458
0.620623 0.273164 0.028125
0.389947 0.257306 0.014583
0.411425 0.264432 0.032292
0.836294 0.332523 0.025000
0.913509 0.334997 0.039583
0.780759 0.327789 0.014583
0.862640 0.332852 0.017708
0.868825 0.333853 0.029167
0.182934 0.292801 0.025000
0.723735 0.322364 0.021875
0.806498 0.329515 0.021875
0.879367 0.336958 0.042708
0.095828 0.290249 0.025000
0.215984 0.294271 0.027083
0.313663 0.301194 0.029167
0.584851 0.315949 0.025000
0.606395 0.316756 0.025000
0.651006 0.318276 0.021875
0.693972 0.323470 0.025000
0.757288 0.327450 0.021875
0.125435 0.292948 0.011458
0.173490 0.293830 0.021875
0.296438 0.301658 0.029167
0.550122 0.312809 0.028125
0.146244 0.297114 0.017708
0.258689 0.303295 0.032292
0.368263 0.303527 0.017708
0.272751 0.305563 0.034375
0.343569 0.303698 0.021875
0.399003 0.309275 0.039583
