348.73 38.58 48
667.72 56.93 21
714.74 58.82 17
743.94 61.61 14
762.16 64.07 14
692.41 58.14 14
93.46 29.97 38
786.52 67.81 14
860.78 71.08 33
879.12 73.02 34
825.05 73.70 29
147.01 32.57 13
160.95 33.68 14
260.61 37.27 11
320.17 40.35 20
540.40 50.51 34
588.81 55.69 21
839.44 72.29 11
185.12 34.00 14
231.35 40.17 21
297.61 41.42 14
561.65 52.33 21
617.22 57.86 17
639.88 58.93 14
274.40 39.79 11
802.56 72.58 14
124.38 35.67 31
206.97 40.47 14
394.62 45.89 25
188.96 81.62 11
209.80 83.47 16
246.53 85.56 11
523.67 93.08 33
574.66 103.15 24
611.17 104.77 28
663.91 109.88 31
644.43 109.93 29
834.35 120.92 28
126.90 83.18 11
267.49 87.68 17
292.38 88.50 17
799.17 119.19 28
89.62 80.70 31
111.91 85.75 28
148.94 83.57 14
318.48 90.49 21
335.01 92.57 30
685.61 111.67 14
702.54 113.74 11
768.88 118.47 10
785.78 120.53 26
854.85 124.81 17
870.30 125.51 31
232.35 87.07 14
541.93 103.50 31
722.82 116.55 17
749.21 118.74 17
824.10 122.95 21
169.62 86.54 14
372.28 95.95 28
399.23 96.77 28
544.70 147.18 11
211.11 132.76 11
236.75 134.43 17
380.09 140.78 14
397.49 144.21 28
823.23 170.04 11
528.55 148.31 27
707.84 161.70 17
127.97 132.68 17
196.90 134.27 11
261.42 136.92 21
324.04 138.91 28
348.70 141.21 24
584.06 155.26 21
670.69 160.82 17
687.58 162.93 11
842.92 171.88 14
104.71 133.01 13
151.39 134.31 14
564.09 154.57 28
609.25 156.45 17
638.46 158.57 23
734.60 168.15 17
755.89 168.87 17
802.66 171.93 14
862.58 177.73 31
85.10 130.93 28
170.27 137.30 20
309.04 138.91 28
782.83 170.03 14
878.28 178.53 27
287.89 143.18 14
95.68 177.76 28
828.51 221.19 14
188.27 184.64 11
383.89 192.66 11
128.77 182.92 17
168.85 182.55 17
528.12 200.21 28
553.65 202.32 9
715.27 213.86 14
211.71 185.91 31
318.83 189.93 21
350.04 193.61 14
568.35 207.87 31
655.65 211.31 27
846.68 224.84 14
877.72 228.16 24
243.61 188.74 27
590.44 204.79 17
741.98 217.70 20
770.12 220.20 21
800.19 223.48 21
150.32 186.83 11
260.41 189.27 11
292.31 189.27 28
372.10 193.30 36
394.71 196.49 37
692.31 210.66 31
872.39 230.19 34
279.62 190.73 28
639.51 209.68 36
612.52 210.88 17
667.69 218.21 9
833.34 269.92 17
519.36 248.60 23
533.20 250.03 9
767.07 267.08 21
812.18 270.55 14
873.49 274.04 27
693.52 263.68 24
789.45 270.55 14
859.45 276.36 37
88.34 233.11 29
171.49 234.68 17
196.14 235.35 14
219.48 238.42 20
293.16 239.26 17
548.90 253.44 24
635.91 261.85 18
102.82 233.61 17
150.97 235.52 17
256.77 238.79 25
609.33 259.36 11
658.94 261.11 21
739.71 267.90 21
129.36 236.48 17
339.56 241.97 17
574.50 257.98 17
313.42 242.35 14
357.28 245.71 11
595.80 262.24 27
374.35 247.01 14
394.97 253.85 31
802.84 319.22 24
876.97 321.60 38
749.53 314.68 14
828.13 319.54 17
834.07 320.50 28
175.62 281.09 24
694.79 309.47 21
774.24 316.33 21
844.19 323.48 41
92.00 278.64 24
207.34 282.50 26
301.12 289.15 28
561.46 303.31 24
582.14 304.09 24
624.97 305.55 21
666.21 310.53 24
727.00 314.35 21
120.42 281.23 11
166.55 282.08 21
284.58 289.59 28
528.12 300.30 27
140.39 285.23 17
248.34 291.16 31
353.53 291.39 17
261.84 293.34 33
329.83 291.55 21
383.04 296.90 38
