346.83 38.69 48
653.99 41.43 22
705.38 43.14 17
734.64 44.30 13
750.81 47.42 14
681.63 47.31 13
86.23 23.34 39
776.37 53.37 15
844.15 54.29 34
868.75 51.89 34
811.95 53.06 26
134.04 30.74 12
148.18 28.59 13
248.32 34.31 11
313.03 36.88 20
537.51 46.19 35
576.32 45.94 22
826.98 55.81 11
173.76 33.73 13
221.55 37.45 20
284.34 38.32 13
546.92 47.09 20
605.75 47.79 17
629.21 48.78 13
263.46 37.93 11
794.39 56.19 13
111.21 31.45 30
195.50 38.97 16
382.33 45.24 24
180.99 83.98 11
204.80 85.89 14
238.46 88.48 11
517.20 101.94 34
566.81 101.77 24
602.40 108.08 27
651.86 104.04 32
640.48 104.59 31
825.70 106.08 32
119.64 82.15 10
261.71 89.97 17
282.48 92.10 18
785.88 112.19 29
81.64 79.09 34
104.19 82.10 30
138.49 84.40 14
307.42 94.76 21
325.16 101.18 27
680.46 106.78 13
695.67 109.73 10
763.28 112.17 11
775.86 111.54 27
847.94 114.42 16
865.69 117.38 31
225.44 90.37 14
541.93 106.37 30
716.63 107.61 16
743.90 110.46 16
815.97 113.85 23
162.40 88.25 12
367.21 102.05 24
388.45 98.73 31
540.01 145.96 11
208.67 128.22 10
230.67 126.82 17
377.27 139.09 13
387.66 139.21 27
819.80 159.29 9
522.85 146.01 24
702.11 153.51 18
122.91 126.91 18
193.66 130.72 10
257.32 135.63 20
321.28 138.70 29
348.72 138.73 24
576.92 146.71 21
662.53 155.15 17
682.24 154.66 10
838.47 160.13 13
100.57 124.43 12
144.22 131.81 13
554.83 150.44 26
605.67 152.10 17
633.93 155.02 21
728.99 156.07 16
756.59 159.76 17
796.49 160.57 14
860.66 157.78 33
80.47 126.90 30
165.87 128.49 22
302.31 136.16 28
777.14 161.05 13
875.20 167.49 26
281.54 136.98 13
91.02 168.20 26
824.25 202.72 15
185.44 175.53 11
380.95 182.00 12
129.11 170.69 18
165.16 175.91 16
523.40 191.07 27
551.52 191.17 8
712.88 198.38 13
209.75 176.78 29
317.53 180.19 24
347.58 183.42 14
563.60 197.22 28
650.76 196.35 27
847.25 207.61 15
879.91 207.81 24
237.04 186.50 23
588.17 194.38 19
739.00 204.17 20
766.61 202.30 20
800.14 202.72 20
147.53 178.73 10
256.27 182.38 10
288.20 182.38 29
362.59 185.75 37
400.18 190.43 37
689.22 200.56 29
874.67 219.04 36
280.18 186.04 28
634.99 199.54 35
613.13 195.87 14
665.20 202.14 9
829.90 250.51 17
519.81 237.40 24
530.87 236.50 8
768.63 250.14 21
809.72 251.87 13
872.83 258.60 27
790.27 252.54 14
862.86 254.35 35
85.35 227.02 28
171.87 225.72 15
194.48 225.21 13
215.20 229.06 20
292.17 228.88 15
544.01 238.88 24
632.65 243.13 19
152.80 227.98 15
255.53 228.88 28
608.33 242.33 10
660.61 246.08 18
737.73 251.92 19
127.25 225.20 17
338.98 234.94 15
575.60 240.99 16
310.50 232.04 12
353.77 235.78 11
594.43 244.20 25
372.50 237.36 12
392.49 238.91 31
802.58 298.13 21
873.37 301.45 41
748.25 295.78 14
826.46 300.15 16
828.92 293.84 29
171.08 272.67 22
694.18 290.86 19
772.85 296.65 22
841.59 305.08 41
208.42 277.76 28
298.83 279.72 27
559.14 284.82 24
582.24 289.90 24
622.23 290.66 22
662.12 294.92 24
726.35 294.95 19
117.44 270.61 11
166.44 275.59 18
281.91 277.68 28
522.58 287.07 26
139.26 274.76 16
241.92 275.99 29
350.33 282.71 16
257.24 274.48 30
325.35 281.41 22
380.81 282.77 39
