0.361280 0.040307 0.050651
0.681240 0.043159 0.023951
0.734766 0.044936 0.017902
0.765248 0.046144 0.013581
0.782091 0.049397 0.015430
0.710034 0.049286 0.013954
0.089827 0.024315 0.040688
0.808714 0.055589 0.015735
0.879327 0.056553 0.036078
0.904949 0.054049 0.036250
0.845780 0.055271 0.028059
0.139624 0.032025 0.013507
0.154355 0.029781 0.013851
0.258664 0.035736 0.012495
0.326075 0.038422 0.021628
0.559909 0.048115 0.037474
0.600333 0.047856 0.023510
0.861438 0.058136 0.011788
0.181002 0.035130 0.014152
0.230779 0.039006 0.021750
0.296186 0.039921 0.014497
0.569712 0.049049 0.020880
0.630995 0.049786 0.017867
0.655431 0.050816 0.013780
0.274432 0.039514 0.011552
0.827488 0.058529 0.014315
0.115841 0.032756 0.032268
0.203643 0.040596 0.016942
0.398256 0.047129 0.025299
0.188536 0.087483 0.012132
0.213331 0.089468 0.015351
0.248401 0.092163 0.011830
0.538753 0.106185 0.036358
0.590431 0.106009 0.025449
0.627505 0.112581 0.029043
0.679024 0.108374 0.033431
0.667171 0.108944 0.032426
0.860105 0.110505 0.034028
0.124628 0.085578 0.010550
0.272613 0.093717 0.018167
0.294254 0.095940 0.019272
0.818623 0.116864 0.030708
0.085038 0.082381 0.035632
0.108535 0.085517 0.031677
0.144264 0.087917 0.014698
0.320231 0.098704 0.022010
0.338711 0.105399 0.028793
0.708818 0.111232 0.013941
0.724657 0.114304 0.010966
0.795081 0.116843 0.011567
0.808184 0.116184 0.028758
0.883268 0.119187 0.016719
0.901760 0.122270 0.032672
0.234833 0.094132 0.014613
0.564505 0.110802 0.031574
0.746487 0.112096 0.016849
0.774892 0.115058 0.016845
0.849974 0.118597 0.024671
0.169169 0.091926 0.012836
0.382509 0.106298 0.025692
0.404640 0.102840 0.032477
0.562514 0.152039 0.011618
0.217363 0.133567 0.011254
0.240282 0.132107 0.018511
0.392989 0.144890 0.013942
0.403808 0.145012 0.028746
0.853956 0.165932 0.010119
0.544637 0.152094 0.025037
0.731362 0.159902 0.019336
0.128027 0.132197 0.019046
0.201732 0.136168 0.011347
0.268037 0.141279 0.021135
0.334667 0.144482 0.030878
0.363250 0.144512 0.026036
0.600954 0.152825 0.021984
0.690133 0.161610 0.017715
0.710669 0.161106 0.010769
0.873401 0.166804 0.014490
0.104762 0.129614 0.013358
0.150233 0.137301 0.014242
0.577946 0.156705 0.027244
0.630902 0.158434 0.018686
0.660342 0.161479 0.022457
0.759360 0.162576 0.017391
0.788117 0.166415 0.018522
0.829675 0.167262 0.014763
0.896518 0.164349 0.034652
0.083819 0.132185 0.031850
0.172786 0.133844 0.023205
0.314904 0.141832 0.029585
0.809524 0.167763 0.014333
0.911671 0.174471 0.027808
0.293273 0.142690 0.014184
0.094814 0.175208 0.027537
0.858590 0.211164 0.016223
0.193166 0.182845 0.011862
0.396827 0.189578 0.012516
0.134491 0.177802 0.019552
0.172041 0.183244 0.017254
0.545212 0.199028 0.028927
0.574504 0.199137 0.008747
0.742587 0.206646 0.014558
0.218491 0.184146 0.030637
0.330762 0.187701 0.025786
0.362057 0.191064 0.014773
0.587088 0.205440 0.030116
0.677876 0.204533 0.028204
0.882553 0.216260 0.015664
0.916576 0.216465 0.025777
0.246912 0.194271 0.024128
0.612682 0.202484 0.020808
0.769791 0.212679 0.021643
0.798555 0.210728 0.021205
0.833479 0.211165 0.020854
0.153680 0.186182 0.011017
0.266944 0.189975 0.011352
0.300207 0.189978 0.030702
0.377701 0.193490 0.039550
0.416859 0.198369 0.039519
0.717933 0.208915 0.031211
0.911113 0.228168 0.038380
0.291854 0.193793 0.029800
0.661449 0.207849 0.037289
0.638675 0.204035 0.014749
0.692913 0.210558 0.009593
0.864479 0.260945 0.018637
0.541470 0.247292 0.025569
0.552993 0.246350 0.008543
0.800658 0.260560 0.022324
0.843454 0.262362 0.014488
0.909193 0.269376 0.028177
0.823195 0.263066 0.014586
0.898811 0.264950 0.037206
0.088908 0.236476 0.029242
0.179035 0.235124 0.016046
0.202583 0.234596 0.014553
0.224167 0.238606 0.020931
0.304344 0.238419 0.016455
0.566678 0.248830 0.025026
0.659011 0.253256 0.020198
0.159166 0.237474 0.015968
0.266182 0.238413 0.029508
0.633675 0.252422 0.010908
0.688138 0.256337 0.019095
0.768467 0.262419 0.020632
0.132549 0.234588 0.018636
0.353109 0.244728 0.016510
0.599582 0.251036 0.016846
0.323443 0.241712 0.012893
0.368513 0.245605 0.012020
0.619198 0.254376 0.026130
0.388023 0.247254 0.013425
0.408839 0.248863 0.033309
0.836025 0.310553 0.022422
0.909760 0.314012 0.043574
0.779428 0.308105 0.014776
0.860894 0.312660 0.017566
0.863455 0.306088 0.030605
0.178208 0.284032 0.023259
0.723105 0.302979 0.020634
0.805055 0.309016 0.023663
0.876656 0.317795 0.043341
0.217107 0.289338 0.030108
0.311280 0.291378 0.028725
0.582438 0.296687 0.025533
0.606502 0.301976 0.025328
0.648157 0.302770 0.023147
0.689710 0.307204 0.025508
0.756614 0.307236 0.020069
0.122338 0.281881 0.012096
0.173377 0.287073 0.019755
0.293657 0.289253 0.029873
0.544357 0.299036 0.027958
0.145058 0.286205 0.017053
0.251996 0.287493 0.030786
0.364925 0.294491 0.017131
0.267959 0.285919 0.031923
0.338908 0.293135 0.022983
0.396672 0.294547 0.041654
