0.630688 0.033420 0.050826
0.305303 0.059370 0.019577
0.253714 0.062460 0.017855
0.228461 0.068559 0.014693
0.209893 0.067678 0.013991
0.282433 0.064007 0.012932
0.908605 0.011716 0.039391
0.181931 0.074893 0.012651
0.101886 0.080991 0.033976
0.088510 0.084665 0.035377
0.138635 0.081712 0.035301
0.856153 0.022933 0.014567
0.837139 0.022217 0.015481
0.734195 0.029152 0.011856
0.671856 0.035079 0.020497
0.443441 0.047846 0.034723
0.392965 0.054644 0.021050
0.128759 0.083280 0.012105
0.815550 0.026143 0.015993
0.766085 0.030008 0.021397
0.698917 0.034077 0.014495
0.414998 0.054673 0.022975
0.363078 0.058286 0.019492
0.337093 0.061552 0.016124
0.719200 0.033475 0.013202
0.163853 0.079171 0.015315
0.878364 0.024331 0.034046
0.793805 0.030374 0.015866
0.591039 0.043976 0.024758
0.811341 0.073131 0.012126
0.787430 0.076208 0.016832
0.751833 0.078664 0.012200
0.459749 0.100271 0.034311
0.405749 0.102702 0.025143
0.364061 0.107841 0.027975
0.313418 0.113985 0.035033
0.326046 0.115262 0.031744
0.137554 0.134108 0.030619
0.876421 0.072721 0.010849
0.729920 0.080795 0.017743
0.705122 0.085371 0.019265
0.174164 0.127134 0.032454
0.916837 0.070184 0.034371
0.893592 0.074234 0.028321
0.855389 0.075048 0.015478
0.678754 0.086215 0.023496
0.661873 0.088968 0.030199
0.290356 0.118612 0.014531
0.272881 0.118395 0.011911
0.205120 0.126313 0.011312
0.186656 0.126370 0.027379
0.114729 0.135759 0.015871
0.096279 0.142507 0.031732
0.765210 0.081960 0.015539
0.435977 0.106058 0.031872
0.252077 0.120202 0.017211
0.224423 0.126873 0.016917
0.149504 0.131254 0.021232
0.831317 0.081202 0.014315
0.620626 0.092358 0.029994
0.594207 0.095090 0.026334
0.442217 0.151016 0.010350
0.791179 0.127696 0.010268
0.764699 0.128575 0.018131
0.615199 0.139703 0.014566
0.597047 0.139833 0.027467
0.148985 0.179966 0.012377
0.459258 0.151866 0.030319
0.271142 0.170290 0.018664
0.878160 0.124885 0.017970
0.807343 0.129674 0.010138
0.736537 0.134114 0.023214
0.679239 0.137949 0.030755
0.644626 0.138050 0.024320
0.398302 0.159072 0.020365
0.309886 0.167860 0.018869
0.293185 0.168744 0.011480
0.129813 0.184001 0.016434
0.902627 0.123963 0.012594
0.853410 0.126585 0.014330
0.421464 0.157999 0.028832
0.372908 0.162370 0.017507
0.346566 0.163948 0.023597
0.242179 0.175796 0.017384
0.215442 0.176251 0.016927
0.169924 0.181657 0.011723
0.103580 0.189188 0.032519
0.923350 0.125893 0.030014
0.833694 0.131601 0.021314
0.688092 0.139124 0.027244
0.191983 0.179935 0.015358
0.090817 0.187533 0.032257
0.712733 0.140576 0.015953
0.916946 0.168584 0.026853
0.148172 0.232815 0.014235
0.819435 0.178911 0.010959
0.613962 0.192808 0.012120
0.880393 0.175062 0.017782
0.837085 0.177188 0.017766
0.461212 0.204325 0.032041
0.435977 0.207662 0.009994
0.264258 0.222221 0.014554
0.795796 0.185812 0.035460
0.680735 0.191623 0.020292
0.647208 0.190718 0.015760
0.420530 0.207264 0.029887
0.334395 0.216355 0.031647
0.126521 0.238592 0.015134
0.095740 0.242473 0.024428
0.761780 0.186519 0.027772
0.399405 0.211406 0.016801
0.238581 0.227541 0.020411
0.211114 0.227754 0.022469
0.178586 0.235894 0.021341
0.860013 0.180283 0.012051
0.744538 0.187323 0.011463
0.709676 0.189144 0.027874
0.627879 0.192856 0.038414
0.594031 0.202088 0.036575
0.286743 0.224887 0.030676
0.105198 0.245609 0.031204
0.718680 0.190393 0.030044
0.348523 0.220492 0.032587
0.375184 0.215379 0.020080
0.317041 0.224226 0.009313
0.146195 0.284402 0.018746
0.474295 0.252942 0.026418
0.462965 0.254815 0.009150
0.215014 0.278379 0.022304
0.169881 0.283378 0.013116
0.110299 0.289369 0.027901
0.290734 0.270175 0.027996
0.192749 0.282444 0.014119
0.119961 0.284109 0.037759
0.928516 0.224685 0.031511
0.839448 0.233060 0.015838
0.814607 0.231665 0.014220
0.788031 0.237918 0.020762
0.714966 0.238710 0.019581
0.445668 0.261789 0.025257
0.354357 0.266370 0.021044
0.909522 0.226289 0.017423
0.859898 0.232137 0.018584
0.747512 0.240063 0.025897
0.383443 0.265323 0.012277
0.325388 0.272728 0.021235
0.247870 0.280131 0.019941
0.882942 0.230385 0.018117
0.665664 0.245840 0.016879
0.420264 0.264087 0.017009
0.692238 0.244632 0.015240
0.644953 0.247297 0.010481
0.399192 0.266027 0.025482
0.627328 0.248643 0.013987
0.607908 0.256082 0.035017
0.181407 0.332262 0.023470
0.115453 0.343328 0.046015
0.241764 0.325345 0.014542
0.159494 0.335657 0.016203
0.150104 0.334344 0.027232
0.842620 0.278639 0.024685
0.297603 0.318727 0.021881
0.215075 0.330420 0.021532
0.135724 0.341161 0.037174
0.926605 0.273731 0.027611
0.807109 0.281559 0.026626
0.710016 0.287255 0.028255
0.436668 0.309828 0.028457
0.374169 0.316605 0.020762
0.328652 0.317041 0.026640
0.266727 0.324267 0.023265
0.898902 0.277441 0.011450
0.848386 0.282046 0.021851
0.730228 0.291418 0.030769
0.471711 0.309484 0.026781
0.874774 0.281455 0.019361
0.766236 0.289352 0.033591
0.657479 0.295247 0.017036
0.754234 0.291304 0.036585
0.683577 0.295451 0.022891
0.627391 0.295497 0.042285
