605.46 32.08 48
293.09 57.00 18
243.57 59.96 17
219.32 65.82 14
201.50 64.97 13
271.14 61.45 12
872.26 11.25 37
174.65 71.90 12
97.81 77.75 32
84.97 81.28 33
133.09 78.44 33
821.91 22.02 13
803.65 21.33 14
704.83 27.99 11
644.98 33.68 19
425.70 45.93 33
377.25 52.46 20
123.61 79.95 11
782.93 25.10 15
735.44 28.81 20
670.96 32.71 13
398.40 52.49 22
348.55 55.95 18
323.61 59.09 15
690.43 32.14 12
157.30 76.00 14
843.23 23.36 32
762.05 29.16 15
567.40 42.22 23
778.89 70.21 11
755.93 73.16 16
721.76 75.52 11
441.36 96.26 32
389.52 98.59 24
349.50 103.53 26
300.88 109.43 33
313.00 110.65 30
132.05 128.74 29
841.36 69.81 10
700.72 77.56 17
676.92 81.96 18
167.20 122.05 31
880.16 67.38 32
857.85 71.26 27
821.17 72.05 14
651.60 82.77 22
635.40 85.41 28
278.74 113.87 13
261.97 113.66 11
196.92 121.26 10
179.19 121.32 26
110.14 130.33 15
92.43 136.81 30
734.60 78.68 14
418.54 101.82 30
241.99 115.39 16
215.45 121.80 16
143.52 126.00 20
798.06 77.95 13
595.80 88.66 28
570.44 91.29 25
424.53 144.98 9
759.53 122.59 9
734.11 123.43 17
590.59 134.11 13
573.17 134.24 26
143.03 172.77 11
440.89 145.79 29
260.30 163.48 17
843.03 119.89 17
775.05 124.49 9
707.08 128.75 22
652.07 132.43 29
618.84 132.53 23
382.37 152.71 19
297.49 161.15 18
281.46 161.99 11
124.62 176.64 15
866.52 119.00 12
819.27 121.52 13
404.60 151.68 27
357.99 155.88 16
332.70 157.39 22
232.49 168.76 16
206.82 169.20 16
163.13 174.39 11
99.44 181.62 31
886.42 120.86 28
800.35 126.34 20
660.57 133.56 26
184.30 172.74 14
87.18 180.03 30
684.22 134.95 15
880.27 161.84 25
142.24 223.50 13
786.66 171.75 10
589.40 185.10 11
845.18 168.06 17
803.60 170.10 17
442.76 196.15 30
418.54 199.36 9
253.69 213.33 13
763.96 178.38 34
653.51 183.96 19
621.32 183.09 15
403.71 198.97 28
321.02 207.70 30
121.46 229.05 14
91.91 232.77 23
731.31 179.06 26
383.43 202.95 16
229.04 218.44 19
202.67 218.64 21
171.44 226.46 20
825.61 173.07 11
714.76 179.83 11
681.29 181.58 26
602.76 185.14 36
570.27 194.00 35
275.27 215.89 29
100.99 235.78 29
689.93 182.78 28
334.58 211.67 31
360.18 206.76 19
304.36 215.26 8
140.35 273.03 17
455.32 242.82 25
444.45 244.62 8
206.41 267.24 21
163.09 272.04 12
105.89 277.79 26
279.10 259.37 26
185.04 271.15 13
115.16 272.74 36
891.38 215.70 30
805.87 223.74 15
782.02 222.40 13
756.51 228.40 19
686.37 229.16 18
427.84 251.32 24
340.18 255.72 20
873.14 217.24 16
825.50 222.85 17
717.61 230.46 24
368.11 254.71 11
312.37 261.82 20
237.96 268.93 19
847.62 221.17 17
639.04 236.01 16
403.45 253.52 16
664.55 234.85 14
619.16 237.41 10
383.22 255.39 24
602.23 238.70 13
583.59 245.84 33
174.15 318.97 22
110.83 329.59 44
232.09 312.33 13
153.11 322.23 15
144.10 320.97 26
808.92 267.49 23
285.70 305.98 21
206.47 317.20 20
130.30 327.51 35
889.54 262.78 26
774.82 270.30 25
681.62 275.76 27
419.20 297.43 27
359.20 303.94 19
315.51 304.36 25
256.06 311.30 22
862.95 266.34 10
814.45 270.76 20
701.02 279.76 29
452.84 297.10 25
839.78 270.20 18
735.59 277.78 32
631.18 283.44 16
724.06 279.65 35
656.23 283.63 21
602.30 283.68 40
