338.33 62.19 48
660.41 59.70 21
703.75 60.69 17
733.46 60.63 14
751.75 57.79 14
681.19 61.73 14
84.47 46.43 38
773.64 60.27 14
847.56 55.33 33
865.70 55.33 34
811.94 58.26 29
131.46 54.51 13
148.37 55.17 14
247.64 59.75 11
310.20 62.65 20
528.46 64.49 34
574.31 65.97 21
826.43 60.43 11
172.43 57.01 14
214.48 58.01 21
284.11 61.17 14
548.76 67.59 21
604.05 68.49 17
629.18 66.19 14
262.96 62.64 11
793.26 63.38 14
110.45 57.47 31
195.21 60.37 14
384.20 68.85 25
178.66 104.75 11
201.05 106.57 16
235.74 106.15 11
512.05 114.91 33
564.38 115.97 24
601.88 114.74 28
652.02 110.55 31
635.37 118.29 29
819.65 109.46 28
114.03 103.92 11
254.58 109.32 17
284.13 113.53 17
785.50 111.25 28
75.28 104.09 31
101.30 106.75 28
136.53 105.65 14
304.31 110.13 21
321.33 113.31 30
674.78 115.47 14
692.44 116.42 11
755.99 113.52 10
774.22 111.36 26
844.94 110.46 17
858.71 114.33 31
219.65 111.94 14
533.53 118.14 31
737.37 116.35 17
810.85 111.29 21
159.33 108.50 14
364.33 114.95 28
386.88 118.34 28
533.87 163.39 11
199.89 154.93 11
225.51 156.94 17
367.43 162.76 14
388.61 160.00 28
812.35 158.45 11
519.36 164.59 27
696.52 163.42 17
117.52 155.26 17
186.55 156.60 11
251.44 160.69 21
311.84 162.30 28
336.40 162.16 24
572.98 167.15 21
659.91 166.19 17
677.58 164.34 11
830.52 159.47 14
94.98 153.30 13
137.98 154.12 14
550.77 166.76 28
598.81 166.79 17
627.30 168.93 23
724.88 164.61 17
749.78 166.50 17
791.99 161.71 14
852.21 159.77 31
73.62 153.19 28
161.81 158.30 20
299.09 159.68 28
771.80 165.29 14
866.58 163.04 27
276.11 164.41 14
85.03 200.32 28
819.24 207.12 14
177.94 205.10 11
375.30 212.27 11
120.33 204.40 17
159.18 204.53 17
517.85 215.62 28
542.38 216.07 9
707.02 214.13 14
204.00 209.28 31
308.94 214.26 21
338.89 213.90 14
554.77 217.05 31
641.35 218.20 27
837.07 209.98 14
871.98 211.74 24
232.43 210.06 27
581.44 217.26 17
729.17 215.02 20
760.53 214.95 21
791.06 213.52 21
140.94 207.22 11
248.66 212.73 11
282.83 212.34 28
360.02 216.55 36
384.24 215.79 37
680.62 215.03 31
861.79 209.49 34
269.36 213.98 28
626.86 219.32 36
603.25 220.67 17
658.73 222.76 9
825.16 257.11 17
511.89 264.38 23
523.87 265.24 9
760.70 264.65 21
803.54 259.31 14
863.60 255.13 27
687.21 263.51 24
781.80 262.35 14
851.46 259.28 37
74.97 256.13 29
163.30 258.42 17
186.59 257.98 14
210.82 257.66 20
285.35 262.60 17
542.00 266.95 24
624.34 268.10 18
94.64 252.37 17
145.62 255.86 17
251.35 262.21 25
598.86 269.10 11
653.26 267.01 21
727.38 264.48 21
118.72 258.05 17
331.30 264.16 17
566.21 268.49 17
306.88 266.16 14
348.35 266.38 11
587.83 271.73 27
367.33 269.43 14
388.78 272.50 31
794.74 307.17 24
870.33 302.84 38
740.20 309.38 14
819.72 308.28 17
826.45 308.81 28
166.79 302.39 24
685.71 311.33 21
767.02 309.82 21
848.06 307.17 41
81.55 300.07 24
202.14 305.82 26
292.82 308.46 28
548.30 315.08 24
576.33 318.15 24
615.93 314.74 21
655.31 315.26 24
717.55 316.14 21
111.25 303.23 11
160.89 303.47 21
279.05 309.34 28
520.37 315.36 27
133.70 306.08 17
240.69 310.08 31
343.06 313.22 17
258.37 309.97 33
323.14 313.93 21
373.91 322.22 38
