0.352430 0.064780 0.050000
0.687924 0.062190 0.021875
0.733069 0.063215 0.017708
0.764022 0.063152 0.014583
0.783069 0.060195 0.014583
0.709574 0.064302 0.014583
0.087990 0.048363 0.039583
0.805878 0.062780 0.014583
0.882879 0.057640 0.034375
0.901767 0.057637 0.035417
0.845775 0.060692 0.030208
0.136939 0.056780 0.013542
0.154554 0.057467 0.014583
0.257956 0.062235 0.011458
0.323129 0.065257 0.020833
0.550477 0.067181 0.035417
0.598240 0.068716 0.021875
0.860864 0.062950 0.011458
0.179619 0.059390 0.014583
0.223412 0.060423 0.021875
0.295945 0.063721 0.014583
0.571625 0.070410 0.021875
0.629216 0.071341 0.017708
0.655395 0.068950 0.014583
0.273912 0.065253 0.011458
0.826316 0.066016 0.014583
0.115049 0.059860 0.032292
0.203344 0.062881 0.014583
0.400207 0.071716 0.026042
0.186106 0.109113 0.011458
0.209427 0.111010 0.016667
0.245565 0.110568 0.011458
0.533381 0.119695 0.034375
0.587898 0.120799 0.025000
0.626963 0.119525 0.029167
0.679191 0.115160 0.032292
0.661846 0.123220 0.030208
0.853798 0.114020 0.029167
0.118781 0.108251 0.011458
0.265186 0.113876 0.017708
0.295966 0.118257 0.017708
0.818234 0.115890 0.029167
0.078414 0.108428 0.032292
0.105523 0.111203 0.029167
0.142222 0.110048 0.014583
0.316990 0.114719 0.021875
0.334715 0.118033 0.031250
0.702894 0.120279 0.014583
0.721293 0.121271 0.011458
0.787493 0.118253 0.010417
0.806475 0.116001 0.027083
0.880143 0.115059 0.017708
0.894492 0.119096 0.032292
0.228806 0.116609 0.014583
0.555765 0.123058 0.032292
0.768091 0.121194 0.017708
0.844633 0.115928 0.021875
0.165974 0.113024 0.014583
0.379510 0.119738 0.029167
0.403002 0.123271 0.029167
0.556113 0.170194 0.011458
0.208221 0.161389 0.011458
0.234910 0.163484 0.017708
0.382743 0.169540 0.014583
0.404807 0.166671 0.029167
0.846195 0.165050 0.011458
0.540998 0.171448 0.028125
0.725544 0.170232 0.017708
0.122417 0.161730 0.017708
0.194321 0.163123 0.011458
0.261913 0.167384 0.021875
0.324829 0.169067 0.029167
0.350413 0.168913 0.025000
0.596858 0.174112 0.021875
0.687407 0.173120 0.017708
0.705815 0.171189 0.011458
0.865125 0.166110 0.014583
0.098941 0.159684 0.013542
0.143724 0.160541 0.014583
0.573724 0.173707 0.029167
0.623759 0.173742 0.017708
0.653433 0.175965 0.023958
0.755079 0.171468 0.017708
0.781016 0.173436 0.017708
0.824995 0.168452 0.014583
0.887716 0.166426 0.032292
0.076684 0.159570 0.029167
0.168550 0.164896 0.020833
0.311547 0.166334 0.029167
0.803959 0.172178 0.014583
0.902690 0.169835 0.028125
0.287619 0.171265 0.014583
0.088577 0.208670 0.029167
0.853376 0.215750 0.014583
0.185353 0.213650 0.011458
0.390936 0.221110 0.011458
0.125339 0.212916 0.017708
0.165812 0.213055 0.017708
0.539422 0.224606 0.029167
0.564983 0.225069 0.009375
0.736477 0.223056 0.014583
0.212502 0.217997 0.032292
0.321808 0.223191 0.021875
0.353015 0.222811 0.014583
0.577889 0.226093 0.032292
0.668075 0.227288 0.028125
0.871953 0.218730 0.014583
0.908317 0.220564 0.025000
0.242115 0.218809 0.028125
0.605670 0.226314 0.017708
0.759552 0.223975 0.020833
0.792222 0.223903 0.021875
0.824017 0.222418 0.021875
0.146808 0.215858 0.011458
0.259023 0.221597 0.011458
0.294610 0.221187 0.029167
0.375022 0.225571 0.037500
0.400250 0.224786 0.038542
0.708977 0.223992 0.032292
0.897701 0.218216 0.035417
0.280580 0.222900 0.029167
0.652981 0.228453 0.037500
0.628383 0.229870 0.017708
0.686180 0.232037 0.009375
0.859544 0.267821 0.017708
0.533214 0.275400 0.023958
0.545699 0.276287 0.009375
0.792392 0.275675 0.021875
0.837023 0.270114 0.014583
0.899581 0.265764 0.028125
0.715846 0.274487 0.025000
0.814377 0.273285 0.014583
0.886941 0.270083 0.038542
0.078093 0.266797 0.030208
0.170108 0.269191 0.017708
0.194362 0.268725 0.014583
0.219608 0.268400 0.020833
0.297237 0.273544 0.017708
0.564582 0.278073 0.025000
0.650358 0.279275 0.018750
0.098586 0.262880 0.017708
0.151685 0.266523 0.017708
0.261824 0.273136 0.026042
0.623816 0.280310 0.011458
0.680477 0.278133 0.021875
0.757688 0.275500 0.021875
0.123669 0.268799 0.017708
0.345107 0.275163 0.017708
0.589807 0.279675 0.017708
0.319671 0.277252 0.014583
0.362864 0.277476 0.011458
0.612325 0.283053 0.028125
0.382632 0.280655 0.014583
0.404977 0.283849 0.032292
0.827859 0.319973 0.025000
0.906595 0.315462 0.039583
0.771046 0.322272 0.014583
0.853874 0.321122 0.017708
0.860888 0.321681 0.029167
0.173744 0.314994 0.025000
0.714280 0.324301 0.021875
0.798977 0.322724 0.021875
0.883392 0.319967 0.042708
0.084946 0.312571 0.025000
0.210565 0.318558 0.027083
0.305021 0.321308 0.029167
0.571143 0.328211 0.025000
0.600341 0.331408 0.025000
0.641589 0.327851 0.021875
0.682612 0.328392 0.025000
0.747451 0.329309 0.021875
0.115885 0.315863 0.011458
0.167592 0.316114 0.021875
0.290673 0.322225 0.029167
0.542057 0.328503 0.028125
0.139271 0.318829 0.017708
0.250721 0.322995 0.032292
0.357357 0.326274 0.017708
0.269136 0.322885 0.034375
0.336608 0.327015 0.021875
0.389491 0.335648 0.039583
