307.12 48.37 48
616.69 49.37 21
661.80 49.02 17
690.95 50.85 14
710.53 49.29 14
639.62 50.25 14
44.98 52.01 38
732.98 53.07 14
806.12 49.83 33
824.98 49.53 34
772.48 55.79 29
96.64 53.71 13
111.62 54.29 14
210.74 55.02 11
271.78 53.12 20
489.42 54.36 34
534.92 54.75 21
784.26 54.12 11
136.53 54.98 14
179.64 54.46 21
246.27 54.92 14
508.64 56.38 21
565.56 53.22 17
588.44 55.53 14
225.46 56.24 11
751.52 56.28 14
75.80 58.33 31
156.69 58.25 14
343.91 59.08 25
141.65 101.91 11
162.47 103.71 16
198.43 103.47 11
474.04 103.16 33
524.66 102.95 24
559.59 104.42 28
609.86 106.40 31
597.09 106.56 29
780.52 106.08 28
79.97 104.06 11
216.95 106.67 17
243.43 105.21 17
745.56 104.20 28
44.42 106.65 31
64.41 107.92 28
99.37 104.88 14
268.79 106.99 21
286.30 105.34 30
635.22 106.22 14
651.09 105.97 11
717.25 106.53 10
732.32 106.26 26
802.06 105.52 17
821.02 104.73 31
183.90 106.77 14
494.73 108.10 31
670.38 106.50 17
697.34 107.88 17
769.37 108.52 21
121.52 108.37 14
324.17 105.26 28
347.52 108.79 28
495.41 152.26 11
164.82 154.52 11
187.79 154.24 17
330.92 155.03 14
349.44 156.19 28
773.30 154.05 11
480.41 156.18 27
656.87 156.72 17
81.20 156.64 17
151.63 156.30 11
214.21 158.26 21
273.06 153.16 28
301.76 157.86 24
533.78 155.74 21
621.04 154.15 17
637.09 156.57 11
789.94 157.09 14
58.62 157.03 13
102.14 157.47 14
513.18 158.70 28
560.47 156.70 17
588.97 157.47 23
684.64 157.73 17
706.98 156.47 17
751.61 157.00 14
812.78 155.65 31
40.55 156.66 28
124.66 157.96 20
262.01 158.67 28
732.36 158.22 14
827.64 159.98 27
239.30 160.64 14
49.47 205.93 28
777.42 204.48 14
142.78 205.71 11
337.76 205.15 11
84.83 208.30 17
122.31 207.69 17
479.90 206.49 28
504.99 206.88 9
667.72 207.52 14
163.99 206.54 31
273.76 207.45 21
303.55 207.31 14
518.48 207.88 31
607.55 209.71 27
799.04 207.56 14
826.57 209.44 24
196.23 209.43 27
542.21 208.71 17
691.64 209.80 20
717.97 207.72 21
750.54 209.11 21
104.84 210.03 11
212.49 211.21 11
247.84 209.38 28
324.14 210.46 36
350.85 207.68 37
642.25 208.42 31
822.35 211.14 34
234.49 213.43 28
589.61 213.31 36
564.63 210.71 17
619.00 213.56 9
784.04 254.64 17
472.26 256.67 23
484.85 257.28 9
721.37 257.73 21
761.72 256.84 14
822.62 256.81 27
649.74 254.92 24
740.50 255.23 14
808.70 257.06 37
41.59 256.07 29
126.87 258.65 17
150.36 257.95 14
173.19 259.41 20
500.84 257.48 24
586.16 258.56 18
59.65 260.64 17
109.34 259.34 17
211.16 261.38 25
561.53 259.05 11
613.57 258.32 21
688.95 259.30 21
82.50 260.67 17
292.67 261.22 17
526.80 260.62 17
267.51 261.70 14
311.23 260.95 11
546.64 263.36 27
329.12 262.45 14
348.40 266.10 31
753.82 304.61 24
822.94 308.17 38
699.78 304.32 14
778.84 305.49 17
786.98 307.50 28
128.63 303.69 24
646.44 305.97 21
727.28 306.43 21
801.25 306.72 41
46.72 306.03 24
161.61 308.57 26
254.11 305.77 28
514.26 309.12 24
537.32 307.38 24
575.90 306.23 21
614.78 309.22 24
678.80 307.81 21
74.31 308.93 11
124.42 309.52 21
241.55 308.04 28
478.55 307.88 27
94.24 309.99 17
200.96 311.82 31
306.36 310.02 17
217.91 309.66 33
281.41 312.52 21
332.38 311.16 38
