0.319920 0.050382 0.050000
0.642387 0.051431 0.021875
0.689370 0.051064 0.017708
0.719736 0.052968 0.014583
0.740136 0.051347 0.014583
0.666267 0.052339 0.014583
0.046858 0.054173 0.039583
0.763517 0.055283 0.014583
0.839711 0.051911 0.034375
0.859357 0.051592 0.035417
0.804666 0.058113 0.030208
0.100671 0.055944 0.013542
0.116271 0.056552 0.014583
0.219516 0.057314 0.011458
0.283100 0.055336 0.020833
0.509814 0.056628 0.035417
0.557212 0.057036 0.021875
0.816942 0.056377 0.011458
0.142223 0.057275 0.014583
0.187125 0.056730 0.021875
0.256531 0.057211 0.014583
0.529836 0.058731 0.021875
0.589124 0.055432 0.017708
0.612954 0.057840 0.014583
0.234856 0.058581 0.011458
0.782836 0.058629 0.014583
0.078955 0.060759 0.032292
0.163214 0.060682 0.014583
0.358243 0.061540 0.026042
0.147551 0.106155 0.011458
0.169244 0.108030 0.016667
0.206700 0.107786 0.011458
0.493788 0.107455 0.034375
0.546518 0.107239 0.025000
0.582902 0.108773 0.029167
0.635271 0.110832 0.032292
0.621969 0.111001 0.030208
0.813038 0.110498 0.029167
0.083299 0.108397 0.011458
0.225986 0.111112 0.017708
0.253571 0.109598 0.017708
0.776625 0.108545 0.029167
0.046271 0.111092 0.032292
0.067097 0.112419 0.029167
0.103513 0.109254 0.014583
0.279989 0.111452 0.021875
0.298232 0.109726 0.031250
0.661691 0.110650 0.014583
0.678214 0.110387 0.011458
0.747132 0.110973 0.010417
0.762831 0.110690 0.027083
0.835476 0.109913 0.017708
0.855228 0.109098 0.032292
0.191559 0.111219 0.014583
0.515343 0.112605 0.032292
0.698310 0.110935 0.017708
0.726392 0.112373 0.017708
0.801424 0.113043 0.021875
0.126588 0.112890 0.014583
0.337680 0.109643 0.029167
0.362005 0.113322 0.029167
0.516047 0.158602 0.011458
0.171686 0.160954 0.011458
0.195612 0.160671 0.017708
0.344711 0.161485 0.014583
0.364002 0.162699 0.029167
0.805523 0.160467 0.011458
0.500425 0.162689 0.028125
0.684237 0.163254 0.017708
0.084579 0.163168 0.017708
0.157946 0.162809 0.011458
0.223134 0.164853 0.021875
0.284442 0.159541 0.029167
0.314331 0.164439 0.025000
0.556022 0.162225 0.021875
0.646922 0.160571 0.017708
0.663636 0.163095 0.011458
0.822850 0.163639 0.014583
0.061059 0.163568 0.013542
0.106396 0.164027 0.014583
0.534567 0.165308 0.029167
0.583825 0.163225 0.017708
0.613505 0.164034 0.023958
0.713164 0.164304 0.017708
0.736439 0.162991 0.017708
0.782926 0.163541 0.014583
0.846647 0.162141 0.032292
0.042242 0.163186 0.029167
0.129852 0.164543 0.020833
0.272923 0.165277 0.029167
0.762872 0.164816 0.014583
0.862127 0.166649 0.028125
0.249266 0.167328 0.014583
0.051528 0.214508 0.029167
0.809813 0.213000 0.014583
0.148725 0.214279 0.011458
0.351839 0.213701 0.011458
0.088364 0.216978 0.017708
0.127401 0.216346 0.017708
0.499896 0.215091 0.029167
0.526032 0.215499 0.009375
0.695541 0.216167 0.014583
0.170818 0.215145 0.032292
0.285171 0.216092 0.021875
0.316196 0.215950 0.014583
0.540080 0.216538 0.032292
0.632862 0.218451 0.028125
0.832331 0.216207 0.014583
0.861009 0.218169 0.025000
0.204402 0.218159 0.028125
0.564802 0.217407 0.017708
0.720460 0.218542 0.020833
0.747886 0.216375 0.021875
0.781811 0.217819 0.021875
0.109203 0.218781 0.011458
0.221340 0.220007 0.011458
0.258162 0.218107 0.029167
0.337645 0.219227 0.037500
0.365468 0.216330 0.038542
0.669015 0.217103 0.032292
0.856616 0.219941 0.035417
0.244265 0.222328 0.029167
0.614180 0.222200 0.037500
0.588158 0.219493 0.017708
0.644792 0.222461 0.009375
0.816704 0.265251 0.017708
0.491941 0.267370 0.023958
0.505049 0.268002 0.009375
0.751427 0.268470 0.021875
0.793457 0.267544 0.014583
0.856898 0.267511 0.028125
0.676807 0.265536 0.025000
0.771358 0.265868 0.014583
0.842394 0.267774 0.038542
0.043328 0.266739 0.030208
0.132156 0.269424 0.017708
0.156628 0.268702 0.014583
0.180406 0.270223 0.020833
0.521712 0.268205 0.025000
0.610581 0.269331 0.018750
0.062134 0.271495 0.017708
0.113900 0.270145 0.017708
0.219956 0.272267 0.026042
0.584923 0.269843 0.011458
0.639139 0.269079 0.021875
0.717653 0.270099 0.021875
0.085941 0.271533 0.017708
0.304860 0.272108 0.017708
0.548745 0.271475 0.017708
0.278656 0.272604 0.014583
0.324200 0.271826 0.011458
0.569413 0.274328 0.028125
0.342829 0.273390 0.014583
0.362913 0.277185 0.032292
0.785225 0.317301 0.025000
0.857234 0.321015 0.039583
0.728935 0.316997 0.014583
0.811293 0.318224 0.017708
0.819775 0.320316 0.029167
0.133986 0.316343 0.025000
0.673375 0.318719 0.021875
0.757579 0.319197 0.021875
0.834635 0.319496 0.042708
0.048670 0.318784 0.025000
0.168345 0.321425 0.027083
0.264698 0.318511 0.029167
0.535688 0.321995 0.025000
0.559705 0.320187 0.025000
0.599900 0.318992 0.021875
0.640400 0.322101 0.025000
0.707078 0.320639 0.021875
0.077408 0.321805 0.011458
0.129605 0.322416 0.021875
0.251609 0.320878 0.029167
0.498491 0.320706 0.028125
0.098163 0.322903 0.017708
0.209335 0.324815 0.032292
0.319127 0.322938 0.017708
0.226991 0.322559 0.034375
0.293134 0.325541 0.021875
0.346226 0.324125 0.039583
