326.40 60.45 10
577.81 72.50 6
600.43 73.88 10
649.34 75.72 7
659.98 76.04 7
686.17 77.27 11
248.36 58.61 16
272.16 60.78 14
288.20 60.30 10
301.81 61.31 7
484.78 69.60 11
526.83 71.40 13
546.03 73.68 17
564.34 71.29 16
587.51 75.08 6
614.12 76.19 6
624.13 75.18 7
639.27 75.24 19
671.79 77.91 9
702.59 79.93 8
714.73 81.79 18
228.01 58.73 14
313.46 62.34 10
346.00 65.09 11
393.96 66.38 16
456.34 68.37 13
471.59 68.73 7
506.50 70.13 13
556.97 73.14 7
202.79 58.23 17
361.44 66.39 11
417.79 67.78 13
435.50 68.73 10
877.03 90.03 17
372.75 68.08 7
897.64 90.78 11
910.37 92.12 7
924.74 94.82 19
955.25 96.52 18
933.16 96.65 18
964.97 97.06 6
981.84 96.65 13
1031.52 99.55 9
1059.57 100.98 11
1101.50 101.08 14
1122.49 103.88 13
1176.48 106.08 14
1194.28 107.08 14
1004.33 99.47 14
1019.37 100.09 8
1046.76 101.58 7
1078.28 101.36 14
1141.26 104.93 16
1151.72 106.45 18
1228.98 109.74 10
1210.41 110.74 16
1242.42 112.52 6
1279.15 114.11 11
1251.67 113.93 6
1262.11 114.33 9
1291.94 116.70 20
1305.77 116.59 9
1319.50 118.76 11
1337.85 119.22 14
1359.45 122.02 16
1385.86 122.06 15
1408.20 123.19 14
1432.03 126.53 17
1455.06 126.78 16
201.29 85.87 15
367.90 92.26 16
524.61 100.51 14
546.12 101.49 14
268.01 89.53 14
345.29 93.01 14
397.25 95.91 13
443.62 97.11 14
466.86 97.57 13
502.92 101.23 13
569.84 103.54 13
671.92 107.33 14
870.29 116.44 16
219.22 88.19 7
236.10 90.40 13
250.98 89.90 10
293.35 91.46 14
315.65 93.63 14
420.14 96.32 13
607.77 104.92 12
649.78 108.18 11
694.06 110.15 17
703.74 110.00 6
718.65 110.50 17
329.37 96.06 8
484.77 102.52 10
613.76 107.47 4
622.81 108.42 7
635.64 107.74 8
882.49 120.30 16
903.97 120.79 12
922.88 122.15 12
975.93 125.37 15
947.99 123.41 17
1059.99 131.11 16
1070.66 130.76 7
1002.86 130.28 17
1081.64 132.60 6
1095.16 132.92 12
1162.01 136.10 13
1118.39 136.54 13
1183.60 137.95 16
1017.59 131.51 4
1032.58 132.11 18
1139.95 137.61 14
1192.04 140.49 6
1199.99 140.50 6
1213.90 141.21 10
1238.54 141.97 11
1254.28 142.64 11
1278.94 144.80 10
1309.76 145.98 12
1268.31 145.26 6
1292.62 145.35 11
1334.36 150.84 14
1357.09 150.74 13
1380.78 152.23 17
1409.08 155.13 14
1426.60 155.64 10
683.26 138.37 13
871.22 145.34 16
202.75 117.79 15
226.04 117.69 16
266.89 119.69 10
310.36 122.22 14
330.66 122.47 14
343.67 123.98 6
365.90 125.59 14
491.54 131.36 15
525.64 132.07 19
607.63 134.73 14
623.09 136.19 6
658.54 138.42 14
708.37 138.39 17
284.39 121.81 14
388.43 126.16 13
402.44 126.35 6
416.83 128.10 10
444.64 129.54 10
554.23 135.76 17
635.83 136.87 16
898.23 146.87 14
431.07 129.78 9
467.14 130.01 13
585.04 137.06 15
250.58 122.78 11
952.94 154.17 13
925.48 151.04 17
934.91 153.64 11
973.18 155.32 13
1000.68 155.50 15
1016.75 160.08 6
1026.00 159.43 17
117.18 120.45 39
1039.92 160.95 6
1050.41 163.12 17
1112.27 163.94 15
1181.43 168.95 13
1200.10 167.26 17
1067.62 164.03 11
1085.23 164.89 14
1131.69 168.06 13
1146.38 166.91 7
1234.73 172.80 13
1278.55 174.83 16
1256.20 175.32 13
1303.43 176.09 9
1314.42 177.08 6
1327.12 177.91 11
1348.53 178.20 14
1375.48 181.59 15
1396.80 182.28 14
1414.00 183.57 13
1434.02 184.07 11
1444.72 189.34 19
199.88 143.93 16
670.26 167.57 13
707.71 168.54 17
217.36 146.60 14
317.11 153.18 14
570.14 163.28 7
608.11 164.33 15
684.65 168.89 6
695.04 169.48 6
238.01 149.04 14
273.24 150.90 15
297.80 151.49 14
375.38 156.03 6
475.41 159.85 13
531.49 163.86 14
554.97 165.47 13
586.45 165.71 13
637.57 168.60 19
866.51 178.54 13
905.93 179.22 13
922.21 179.81 9
362.78 156.11 10
391.22 157.66 11
421.28 159.80 11
652.21 167.84 10
886.48 179.91 11
937.21 181.64 17
337.44 156.34 14
345.52 155.03 16
410.48 158.83 11
445.16 160.83 17
457.50 161.50 11
498.74 163.77 16
512.73 165.90 10
962.22 183.41 17
992.54 187.39 15
1013.52 187.68 14
1033.21 190.72 14
1065.39 191.88 16
1088.41 193.76 16
1110.95 195.25 13
1130.69 197.63 13
1252.33 201.60 14
1152.34 197.73 14
1198.71 201.17 11
1230.12 203.01 10
1273.44 202.91 14
1179.53 202.32 15
1215.42 203.17 10
1286.16 208.25 19
1314.74 208.14 17
1387.13 210.51 16
1538.08 219.42 41
1406.48 214.14 10
1340.94 213.75 16
1360.39 213.68 13
1440.70 217.79 16
1419.50 217.47 17
299.92 179.35 11
194.95 176.73 16
268.20 179.98 12
285.77 180.35 9
867.74 205.99 17
221.77 177.86 16
246.58 179.03 14
321.97 182.26 14
341.54 182.75 13
647.40 195.21 13
892.72 209.18 15
109.45 173.70 33
665.39 198.32 17
679.39 199.67 5
704.61 197.97 20
917.98 210.57 15
945.84 212.03 16
394.74 188.63 14
459.58 189.87 10
522.96 192.75 10
536.55 195.25 18
617.23 197.32 20
688.45 200.31 6
967.37 214.03 14
975.50 211.28 16
103.61 172.53 35
366.26 188.78 17
413.00 189.62 13
432.50 190.27 10
446.45 191.15 6
487.62 192.57 17
558.44 195.64 15
585.97 196.66 17
603.06 200.20 16
630.94 200.42 8
986.29 214.13 9
1004.19 216.29 11
476.22 194.03 8
508.34 194.52 13
1044.97 220.15 14
1025.46 218.74 12
1074.42 222.67 14
1098.03 224.78 17
1121.08 227.65 11
1135.42 227.07 7
1163.27 226.70 10
1185.73 229.47 15
1205.88 229.14 13
1147.77 228.73 16
1243.00 233.32 10
1257.42 234.41 8
105.04 186.98 40
1223.41 234.18 10
1270.20 236.79 17
1289.01 236.92 13
1381.19 243.61 13
1404.94 243.70 17
1416.68 244.03 6
1432.98 245.16 13
1314.34 240.85 14
1333.35 240.91 10
1346.01 243.85 8
1363.56 243.98 11
1452.75 248.10 13
198.26 205.87 17
865.92 235.07 16
227.50 209.15 11
241.58 210.43 10
315.20 213.84 16
339.81 218.01 15
430.84 218.63 19
623.61 227.95 11
884.66 239.11 14
907.61 239.95 14
934.68 242.10 17
274.98 213.09 6
289.81 214.23 10
303.98 214.32 7
363.65 216.36 13
403.21 217.33 13
596.62 228.61 9
608.82 227.83 7
646.57 228.74 15
261.43 214.65 10
382.50 220.00 12
418.58 220.64 7
507.34 224.24 11
527.01 225.22 14
546.53 226.94 13
565.81 227.86 10
582.42 227.57 10
667.72 232.57 14
688.44 232.17 17
1003.54 245.19 14
457.70 221.86 17
466.48 223.79 17
488.54 225.87 14
699.67 233.42 20
958.32 245.94 14
983.34 246.39 13
1021.13 248.34 13
1042.67 250.61 14
1063.74 253.11 14
1085.86 255.40 15
1105.99 256.40 7
1118.82 255.52 10
1134.26 256.80 8
1150.80 259.32 13
1173.79 259.20 13
1200.13 262.58 17
1241.33 263.13 10
1223.89 261.97 13
1259.20 266.88 20
1281.95 269.73 19
1293.94 267.61 16
1311.13 270.84 14
1329.18 271.42 11
1380.42 272.95 9
1395.02 275.35 12
1341.47 271.86 20
1365.02 274.03 13
1416.13 276.11 14
1433.75 276.61 21
1445.25 280.77 19
184.07 236.83 27
201.52 237.11 13
220.07 237.61 14
267.09 240.71 13
288.62 241.96 11
303.63 242.84 15
853.92 268.64 20
241.99 242.31 14
312.42 244.05 6
324.72 244.46 11
868.84 268.01 28
340.07 246.48 11
698.09 262.52 19
884.18 270.00 11
361.60 248.38 15
388.22 249.16 15
411.55 253.44 18
912.99 271.64 11
425.19 253.42 24
443.48 252.75 14
604.98 261.01 16
625.84 261.28 14
649.32 261.55 14
672.39 263.04 13
899.71 273.30 9
926.95 273.92 10
463.91 254.45 14
537.06 259.72 20
576.09 261.39 20
966.12 277.54 11
994.96 276.88 20
485.54 257.84 13
507.41 257.85 15
946.52 279.11 13
1005.17 281.38 7
1021.68 283.16 23
1035.99 282.26 21
1059.54 282.77 15
978.84 279.76 7
1081.69 286.43 17
1114.09 288.85 17
1141.80 291.96 11
1128.87 291.81 6
1156.63 293.32 10
1173.05 292.97 13
1190.48 294.79 11
1208.72 297.32 21
1237.95 298.32 14
1220.58 297.21 9
1306.90 303.31 9
1262.60 302.37 15
1280.69 301.60 19
1292.20 303.23 8
1321.07 306.26 22
1338.12 305.84 7
1349.70 308.14 18
1367.14 309.55 12
1383.52 308.61 11
1400.23 310.89 11
1416.32 312.01 7
1428.36 311.99 10
1447.64 314.27 25
