0.191999 0.035559 0.006466
0.339885 0.042647 0.004113
0.353194 0.043462 0.005905
0.381965 0.044543 0.004151
0.388223 0.044730 0.004127
0.403627 0.045452 0.006485
0.146092 0.034478 0.009862
0.160093 0.035756 0.008293
0.169527 0.035470 0.006445
0.177533 0.036064 0.004167
0.285164 0.040940 0.006574
0.309898 0.042002 0.008072
0.321195 0.043340 0.010161
0.331967 0.041935 0.009917
0.345593 0.044162 0.004066
0.361248 0.044820 0.004106
0.367133 0.044223 0.004133
0.376040 0.044261 0.011313
0.395168 0.045830 0.005475
0.413289 0.047018 0.005200
0.420430 0.048112 0.011127
0.134121 0.034549 0.008273
0.184389 0.036673 0.006429
0.203528 0.038291 0.006912
0.231739 0.039045 0.009972
0.268437 0.040220 0.008233
0.277405 0.040428 0.004137
0.297940 0.041252 0.008196
0.327632 0.043023 0.004185
0.119290 0.034251 0.010027
0.212611 0.039054 0.006533
0.245760 0.039869 0.008132
0.256174 0.040431 0.006270
0.515902 0.052958 0.010095
0.219262 0.040044 0.004136
0.528023 0.053399 0.006525
0.535511 0.054187 0.004125
0.543962 0.055775 0.011722
0.561914 0.056775 0.011145
0.548915 0.056851 0.010720
0.567630 0.057092 0.004081
0.577553 0.056854 0.008208
0.606776 0.058561 0.005881
0.623274 0.059400 0.006498
0.647939 0.059456 0.008457
0.660286 0.061108 0.008184
0.692045 0.062402 0.008489
0.702519 0.062988 0.008253
0.590782 0.058509 0.008239
0.599631 0.058878 0.005267
0.615744 0.059751 0.004164
0.634281 0.059626 0.008405
0.671330 0.061723 0.009894
0.677483 0.062619 0.011165
0.722929 0.064551 0.006453
0.712007 0.065143 0.009936
0.730837 0.066187 0.004069
0.752440 0.067122 0.006507
0.736277 0.067018 0.003563
0.742420 0.067251 0.005315
0.759965 0.068647 0.012281
0.768102 0.068579 0.005311
0.776174 0.069860 0.006550
0.786973 0.070129 0.008285
0.799678 0.071778 0.009530
0.815213 0.071802 0.009395
0.828354 0.072462 0.008321
0.842373 0.074427 0.010086
0.855915 0.074579 0.009936
0.118405 0.050510 0.009402
0.216411 0.054271 0.009924
0.308591 0.059126 0.008255
0.321248 0.059697 0.008812
0.157654 0.052667 0.008246
0.203113 0.054709 0.008238
0.233677 0.056418 0.008182
0.260951 0.057122 0.008290
0.274622 0.057392 0.008128
0.295832 0.059546 0.007651
0.335200 0.060908 0.008010
0.395248 0.063135 0.008308
0.511934 0.068494 0.009973
0.128953 0.051879 0.004133
0.138882 0.053177 0.008143
0.147633 0.052881 0.006353
0.172558 0.053798 0.008710
0.185677 0.055079 0.008235
0.247140 0.056659 0.008195
0.357509 0.061718 0.007209
0.382225 0.063636 0.006619
0.408268 0.064794 0.010105
0.413962 0.064703 0.004077
0.422733 0.065003 0.010016
0.193746 0.056509 0.005265
0.285158 0.060304 0.006429
0.361038 0.063217 0.002930
0.366358 0.063775 0.004119
0.373904 0.063375 0.005277
0.519114 0.070766 0.009994
0.531745 0.071051 0.007477
0.542873 0.071856 0.007597
0.574078 0.073747 0.008895
0.557642 0.072594 0.010065
0.623524 0.077125 0.009842
0.629799 0.076918 0.004130
0.589917 0.076634 0.010005
0.636257 0.078002 0.004055
0.644213 0.078190 0.007069
0.683537 0.080061 0.007688
0.657877 0.080319 0.008230
0.696234 0.081146 0.009607
0.598582 0.077356 0.002920
0.607400 0.077712 0.010616
0.670558 0.080947 0.008280
0.701199 0.082643 0.003549
0.705879 0.082650 0.004093
0.714062 0.083063 0.005917
0.728554 0.083509 0.006651
0.737809 0.083906 0.006573
0.752317 0.085179 0.006468
0.770446 0.085873 0.007174
0.746064 0.085446 0.004070
0.760366 0.085500 0.006490
0.784919 0.088727 0.008395
0.798291 0.088670 0.008050
0.812223 0.089547 0.010127
0.828869 0.091254 0.008286
0.839178 0.091554 0.006421
0.401920 0.081392 0.008116
0.512485 0.085492 0.009516
0.119267 0.069287 0.009409
0.132967 0.069230 0.009524
0.156994 0.070404 0.006379
0.182565 0.071894 0.008293
0.194505 0.072041 0.008317
0.202162 0.072930 0.004068
0.215238 0.073878 0.008395
0.289140 0.077272 0.009283
0.309199 0.077690 0.011465
0.357432 0.079250 0.008435
0.366523 0.080115 0.004077
0.387378 0.081426 0.008401
0.416688 0.081404 0.010042
0.167285 0.071650 0.008272
0.228489 0.074209 0.007680
0.236731 0.074325 0.004031
0.245192 0.075351 0.006469
0.261552 0.076201 0.006450
0.326018 0.079856 0.010067
0.374019 0.080512 0.009733
0.528370 0.086393 0.008822
0.253569 0.076344 0.005359
0.274788 0.076479 0.008168
0.344142 0.080624 0.008883
0.147397 0.072223 0.006515
0.560554 0.090687 0.008210
0.544400 0.088849 0.010036
0.549950 0.090375 0.006537
0.572460 0.091363 0.008082
0.588638 0.091472 0.008891
0.598087 0.094163 0.004103
0.603528 0.093780 0.010002
0.068927 0.070854 0.023399
0.611718 0.094674 0.004090
0.617888 0.095955 0.010085
0.654278 0.096435 0.008868
0.694958 0.099385 0.008073
0.705943 0.098387 0.010045
0.628012 0.096490 0.006510
0.638372 0.096992 0.008433
0.665701 0.098856 0.008167
0.674342 0.098185 0.004127
0.726312 0.101649 0.008210
0.752086 0.102843 0.009678
0.738942 0.103132 0.008163
0.766726 0.103581 0.005322
0.773189 0.104167 0.004084
0.780662 0.104652 0.006601
0.793254 0.104825 0.008286
0.809109 0.106821 0.009374
0.821648 0.107226 0.008341
0.831767 0.107980 0.008200
0.843543 0.108279 0.006552
0.849838 0.111378 0.011216
0.117574 0.084667 0.009470
0.394269 0.098571 0.008176
0.416301 0.099142 0.010010
0.127857 0.086233 0.008274
0.186535 0.090106 0.008256
0.335379 0.096049 0.004150
0.357710 0.096666 0.009014
0.402736 0.099346 0.004110
0.408847 0.099692 0.004082
0.140004 0.087668 0.008308
0.160729 0.088764 0.009357
0.175174 0.089112 0.008387
0.220809 0.091783 0.004098
0.279655 0.094028 0.008156
0.312640 0.096387 0.008271
0.326451 0.097336 0.008128
0.344972 0.097476 0.008192
0.375044 0.099178 0.011279
0.509710 0.105026 0.008057
0.532902 0.105424 0.007671
0.542474 0.105771 0.005848
0.213400 0.091827 0.006471
0.230128 0.092740 0.006545
0.247814 0.093998 0.006499
0.383653 0.098729 0.005926
0.521462 0.105830 0.007016
0.551302 0.106845 0.010167
0.198494 0.091962 0.008280
0.203250 0.091192 0.009770
0.241458 0.093432 0.006572
0.261860 0.094607 0.010426
0.269118 0.095002 0.006564
0.293379 0.096337 0.009885
0.301609 0.097589 0.005917
0.566014 0.107887 0.010134
0.583848 0.110230 0.009386
0.596190 0.110399 0.008271
0.607770 0.112190 0.008297
0.626703 0.112870 0.009784
0.640240 0.113974 0.009624
0.653498 0.114854 0.008218
0.665110 0.116253 0.007690
0.736662 0.118586 0.008249
0.677849 0.116312 0.008327
0.705126 0.118335 0.006477
0.723599 0.119415 0.006375
0.749081 0.119362 0.008322
0.693843 0.119010 0.009152
0.714951 0.119513 0.005947
0.756565 0.122502 0.011518
0.773374 0.122436 0.010135
0.815958 0.123828 0.009481
0.904754 0.129072 0.024134
0.827339 0.125966 0.006435
0.788786 0.125733 0.009413
0.800229 0.125695 0.008153
0.847468 0.128112 0.009485
0.834997 0.127924 0.010058
0.176421 0.105497 0.006546
0.114675 0.103959 0.009892
0.157766 0.105869 0.007589
0.168101 0.106088 0.005844
0.510434 0.121171 0.010333
0.130451 0.104625 0.009837
0.145050 0.105312 0.008270
0.189391 0.107211 0.008361
0.200909 0.107498 0.008187
0.380825 0.114828 0.008155
0.525130 0.123048 0.008980
0.064382 0.102179 0.019555
0.391403 0.116656 0.010115
0.399641 0.117452 0.003455
0.414474 0.116450 0.011831
0.539988 0.123867 0.009406
0.556377 0.124724 0.009480
0.232201 0.110957 0.008257
0.270343 0.111689 0.006439
0.307625 0.113380 0.006451
0.315615 0.114850 0.011106
0.363074 0.116068 0.011912
0.404970 0.117832 0.004066
0.569042 0.125897 0.008338
0.573826 0.124281 0.009968
0.060946 0.101488 0.020868
0.215444 0.111049 0.010159
0.242938 0.111540 0.008117
0.254412 0.111924 0.006379
0.262617 0.112442 0.004114
0.286836 0.113277 0.010024
0.328497 0.115082 0.008939
0.344688 0.115682 0.010130
0.354741 0.117766 0.009930
0.371142 0.117896 0.005286
0.580172 0.125960 0.005855
0.590699 0.127229 0.006902
0.280132 0.114133 0.005275
0.299023 0.114423 0.008041
0.614689 0.129502 0.008803
0.603210 0.128669 0.007548
0.632009 0.130980 0.008745
0.645897 0.132224 0.010053
0.659457 0.133913 0.006496
0.667897 0.133571 0.004175
0.684277 0.133350 0.006346
0.697486 0.134982 0.008848
0.709341 0.134790 0.007749
0.675157 0.134549 0.009838
0.731178 0.137250 0.006378
0.739656 0.137889 0.005251
0.061791 0.109986 0.023593
0.719652 0.137752 0.006375
0.747178 0.139287 0.010078
0.758244 0.139362 0.008150
0.812466 0.143297 0.007905
0.826438 0.143355 0.010024
0.833343 0.143546 0.004111
0.842930 0.144209 0.007652
0.773142 0.141675 0.008382
0.784325 0.141715 0.006439
0.791768 0.143442 0.005259
0.802092 0.143521 0.006479
0.854560 0.145938 0.008128
0.116621 0.121098 0.010533
0.509363 0.138277 0.009920
0.133825 0.123030 0.006486
0.142106 0.123781 0.006420
0.185413 0.125786 0.009920
0.199890 0.128243 0.009256
0.253434 0.128605 0.011385
0.366831 0.134088 0.006494
0.520389 0.140655 0.008303
0.533886 0.141150 0.008354
0.549811 0.142413 0.010097
0.161756 0.125345 0.004110
0.170475 0.126018 0.006464
0.178811 0.126073 0.004251
0.213914 0.127271 0.008137
0.237183 0.127842 0.008185
0.350951 0.134478 0.005352
0.358130 0.134015 0.004137
0.380338 0.134551 0.008933
0.153781 0.126262 0.006339
0.225001 0.129414 0.007551
0.246225 0.129791 0.004118
0.298437 0.131908 0.006952
0.310009 0.132483 0.008427
0.321486 0.133491 0.008186
0.332831 0.134034 0.006403
0.342598 0.133867 0.006458
0.392777 0.136806 0.008280
0.404964 0.136569 0.010204
0.590315 0.144228 0.008277
0.269235 0.130507 0.010546
0.274403 0.131638 0.010068
0.287378 0.132865 0.008307
0.411572 0.137304 0.012337
0.563720 0.144669 0.008406
0.578437 0.144936 0.008206
0.600662 0.146080 0.008114
0.613334 0.147417 0.008311
0.625731 0.148886 0.008315
0.638741 0.150238 0.009213
0.650584 0.150826 0.004128
0.658129 0.150307 0.006363
0.667213 0.151058 0.005267
0.676939 0.152538 0.008211
0.690463 0.152469 0.008168
0.705957 0.154460 0.010026
0.730194 0.154780 0.006464
0.719932 0.154103 0.008185
0.740704 0.156988 0.012308
0.754091 0.158666 0.011246
0.761140 0.157415 0.009941
0.771255 0.159315 0.008241
0.781869 0.159659 0.006501
0.812012 0.160561 0.005351
0.820603 0.161973 0.007466
0.789099 0.159915 0.011850
0.802954 0.161194 0.008078
0.833018 0.162420 0.008305
0.843384 0.162709 0.012496
0.850145 0.165160 0.011307
0.108276 0.139311 0.015921
0.118542 0.139475 0.008127
0.129454 0.139769 0.008245
0.157111 0.141593 0.008166
0.169778 0.142331 0.006567
0.178603 0.142845 0.008893
0.502308 0.158025 0.011897
0.142348 0.142538 0.008236
0.183775 0.143556 0.004059
0.191011 0.143802 0.006496
0.511085 0.157654 0.016541
0.200042 0.144989 0.006616
0.410643 0.154423 0.011264
0.520107 0.158826 0.006517
0.212704 0.146105 0.009281
0.228366 0.146564 0.009375
0.242090 0.149084 0.010992
0.537053 0.159788 0.006667
0.250114 0.149073 0.014565
0.260873 0.148677 0.008326
0.355871 0.153536 0.009543
0.368142 0.153696 0.008271
0.381952 0.153850 0.008262
0.395522 0.154732 0.008111
0.529241 0.160763 0.005333
0.545267 0.161131 0.006442
0.272891 0.149676 0.008376
0.315916 0.152776 0.011812
0.338874 0.153762 0.011814
0.568303 0.163259 0.006532
0.585271 0.162870 0.011811
0.285610 0.151672 0.008209
0.298479 0.151677 0.009394
0.556777 0.164184 0.008129
0.591275 0.165520 0.004128
0.600990 0.166565 0.014032
0.609403 0.166035 0.012378
0.623257 0.166333 0.009390
0.575791 0.164564 0.004141
0.636288 0.168488 0.010052
0.655350 0.169912 0.010023
0.671650 0.171739 0.006508
0.664042 0.171654 0.004074
0.680371 0.172540 0.005941
0.690030 0.172338 0.008079
0.700281 0.173404 0.006514
0.711015 0.174895 0.012470
0.728207 0.175484 0.008351
0.717991 0.174828 0.005320
0.768767 0.178418 0.005347
0.742709 0.177866 0.009287
0.753346 0.177415 0.011243
0.760118 0.178371 0.005252
0.777102 0.180153 0.013034
0.787130 0.179908 0.004197
0.793942 0.181261 0.011039
0.804200 0.182091 0.007574
0.813835 0.181536 0.006562
0.823663 0.182878 0.006481
0.833128 0.183535 0.004187
0.840209 0.183526 0.006427
0.851555 0.184867 0.015142
