322.88 87.80 11
574.11 93.65 6
595.35 93.77 9
645.82 94.69 7
656.71 94.86 7
683.42 94.55 11
242.06 88.14 17
265.84 90.18 14
284.10 88.73 10
298.09 90.46 7
481.74 94.62 11
524.68 93.63 14
542.82 95.07 16
560.29 95.02 16
583.95 94.50 7
609.98 94.78 6
620.59 95.58 6
635.10 95.17 18
667.85 95.05 9
699.03 94.50 9
711.84 95.58 18
225.04 89.53 14
310.11 91.65 11
340.58 91.88 11
390.63 91.38 17
450.62 92.79 13
467.68 93.82 8
502.74 94.78 13
552.31 95.15 6
199.80 90.26 17
358.71 93.74 10
413.21 94.55 13
432.42 95.16 11
874.25 98.75 16
368.63 94.38 6
893.20 98.76 11
906.71 99.85 6
922.31 100.72 20
949.06 102.28 18
932.28 103.42 18
961.92 102.22 7
979.00 102.29 15
1028.49 102.21 9
1056.11 101.15 10
1096.47 100.07 13
1117.10 101.37 14
1170.52 101.22 13
1189.56 99.54 13
1000.58 102.58 14
1016.00 102.98 9
1042.13 102.17 7
1074.38 101.10 12
1139.51 101.93 16
1146.68 101.36 17
1226.27 99.46 11
1206.57 102.94 17
1239.68 101.97 7
1276.61 100.84 11
1248.52 103.29 6
1260.33 103.13 8
1291.98 106.08 21
1301.84 103.72 9
1317.14 103.54 9
1333.41 103.11 14
1383.61 104.57 15
1404.32 103.36 14
1427.37 105.09 16
1452.27 104.56 17
197.76 115.13 15
364.39 118.10 16
520.54 121.95 15
542.12 122.70 15
263.80 119.05 14
342.85 121.66 14
394.06 122.51 14
439.33 121.74 14
463.06 123.37 14
498.58 122.19 13
565.63 125.37 13
586.45 124.71 13
668.79 124.41 14
866.87 127.16 17
214.48 119.38 6
231.70 120.39 13
245.72 119.80 10
289.15 121.08 15
311.86 122.31 14
414.88 122.57 13
602.26 126.29 12
645.50 125.66 11
688.00 130.13 17
699.29 126.79 7
710.41 127.24 17
325.40 123.63 9
480.19 125.42 10
610.50 127.19 4
619.43 127.24 7
631.34 127.81 9
878.77 128.54 16
900.74 129.58 13
919.29 129.39 13
974.74 128.48 14
943.59 130.88 16
1054.27 129.17 17
1067.50 129.50 7
1000.78 132.25 16
1078.85 131.92 7
1092.39 132.09 12
1158.35 130.69 14
1115.03 131.07 13
1178.93 131.13 16
1013.87 133.83 4
1028.10 135.26 18
1138.03 132.84 13
1189.14 133.58 5
1197.19 133.15 6
1210.73 133.06 9
1220.32 132.49 14
1235.48 132.41 11
1252.54 131.75 10
1276.52 132.86 10
1308.08 132.27 13
1265.28 134.57 6
1288.87 132.85 11
1331.20 134.08 14
1352.72 133.62 13
1377.58 133.19 17
1408.45 135.90 13
1422.70 135.16 11
1442.34 134.61 17
677.90 154.12 14
870.08 154.69 15
199.54 147.15 16
224.67 146.69 15
262.91 150.83 10
305.76 150.99 13
326.10 151.43 13
340.53 150.66 7
363.84 150.70 14
490.58 154.29 16
519.38 153.23 18
604.45 155.73 13
620.14 154.73 7
656.45 155.13 13
705.69 155.53 15
280.93 150.57 14
384.24 151.73 13
398.54 153.27 6
413.99 153.33 10
441.71 151.80 10
550.56 153.29 17
634.08 156.38 18
894.01 156.40 15
426.29 154.16 8
463.20 153.34 14
581.63 157.10 14
246.28 152.26 10
950.33 158.95 14
922.97 159.62 16
931.86 159.91 10
970.92 160.78 13
995.24 160.32 14
1013.28 161.97 6
1022.66 161.54 16
112.74 153.01 40
1036.21 162.45 6
1046.88 163.22 16
1109.64 162.62 15
1156.23 158.97 20
1178.56 161.76 14
1196.27 162.87 16
1062.85 163.68 10
1083.08 163.20 14
1127.96 162.93 14
1143.42 162.51 6
1231.10 163.28 14
1274.50 162.85 17
1253.43 162.72 13
1300.26 162.21 8
1311.74 163.90 7
1326.05 162.20 10
1346.02 162.63 15
1370.35 164.14 15
1394.42 162.65 13
1414.39 162.79 15
1433.77 164.32 10
1447.81 165.51 19
192.39 176.01 16
666.40 184.19 13
703.20 185.05 16
213.09 176.29 14
313.31 181.04 14
566.87 184.36 7
605.97 184.86 15
681.58 186.15 7
693.01 184.88 6
235.46 179.97 14
269.97 181.50 16
294.36 181.90 14
373.12 181.72 7
471.40 184.78 14
527.08 186.21 13
551.47 184.52 14
582.01 186.19 13
631.06 186.89 20
863.40 187.08 14
904.43 187.06 13
919.19 187.99 10
358.46 183.62 10
389.43 183.81 10
419.89 183.81 10
649.42 188.16 9
885.08 190.00 12
931.65 189.58 15
334.78 181.78 14
341.97 182.74 16
406.73 185.45 11
444.19 186.04 18
453.68 185.91 11
495.46 184.20 17
509.82 187.32 9
959.20 190.54 16
989.75 190.02 15
1010.87 189.50 13
1031.20 191.34 13
1061.06 192.64 17
1087.30 193.62 16
1110.51 192.03 14
1128.18 192.76 13
1250.17 192.06 13
1152.14 194.71 13
1196.64 194.59 10
1225.76 192.87 10
1270.12 192.43 14
1176.60 193.27 17
1213.88 193.63 10
1287.13 196.65 20
1314.70 194.38 16
1384.30 193.89 15
1540.69 190.79 40
1404.67 193.29 9
1338.68 196.95 16
1360.37 196.51 13
1440.91 194.59 17
1417.25 197.02 16
298.03 208.31 10
192.82 206.81 17
265.37 208.44 12
282.87 209.87 10
864.79 214.74 17
219.32 209.93 17
244.62 209.99 12
319.13 210.30 14
339.02 213.28 13
645.52 215.33 12
890.33 215.48 15
110.92 209.32 35
662.15 216.28 17
676.68 216.95 6
699.20 216.65 19
916.68 215.70 15
946.31 217.85 16
392.28 213.50 14
457.17 215.58 12
521.03 215.89 11
534.38 215.51 17
617.72 217.21 19
686.36 218.16 7
964.59 218.49 14
970.19 217.70 17
102.49 203.32 34
362.42 215.26 16
411.54 215.41 14
430.28 216.24 11
444.36 215.74 7
481.91 216.40 16
557.49 217.22 14
584.89 218.10 17
599.06 217.88 17
630.11 218.06 8
984.74 220.06 10
1002.53 218.21 12
473.38 217.79 9
505.63 218.24 14
1043.19 218.32 14
1022.69 222.15 12
1072.38 221.05 15
1094.53 221.51 16
1119.97 223.21 11
1134.13 222.69 6
1160.96 222.15 10
1184.50 221.82 14
1206.32 221.52 12
1146.46 221.38 17
1240.63 224.40 11
1255.59 223.74 9
100.86 216.14 39
1222.80 223.93 11
1267.85 224.28 16
1288.54 225.52 13
1380.39 224.96 13
1402.91 224.34 18
1416.07 223.52 6
1431.92 223.45 12
1311.17 226.49 13
1332.05 225.99 11
1344.97 227.05 9
1360.83 226.96 10
1450.39 225.99 13
196.01 239.11 18
864.80 246.11 17
224.66 239.65 10
239.95 240.59 11
312.62 242.94 17
338.42 242.17 16
429.21 246.58 18
622.93 246.41 11
884.05 248.58 13
906.49 248.60 14
930.68 248.82 18
273.64 243.97 7
287.67 242.73 10
302.35 243.08 7
361.39 244.88 14
401.40 244.39 14
596.96 248.17 8
608.35 249.28 7
647.04 248.51 15
260.28 243.57 12
380.98 246.11 12
417.04 246.41 6
505.37 247.25 11
525.80 246.99 13
544.42 249.91 14
563.42 248.42 11
581.45 249.00 10
665.74 248.79 13
689.41 249.12 16
1001.28 250.30 14
455.87 247.59 19
465.07 249.14 16
485.14 249.22 13
699.76 249.70 20
959.03 252.27 13
980.50 250.82 13
1022.05 251.49 13
1042.24 250.33 13
1063.95 252.22 14
1086.60 254.04 15
1106.11 252.93 6
1118.27 252.78 11
1133.67 253.61 8
1149.74 256.38 14
1173.48 253.91 13
1198.64 254.55 17
1240.75 252.94 11
1224.74 254.22 13
1256.24 255.88 22
1282.45 256.27 19
1294.53 252.80 17
1310.98 255.70 13
1328.96 256.13 11
1379.01 255.20 9
1396.67 254.87 12
1343.73 255.54 20
1364.50 257.24 14
1418.01 254.97 14
1434.01 254.79 21
1446.44 256.44 19
182.21 264.57 27
198.39 267.66 14
219.68 268.25 14
266.79 269.71 13
288.71 271.24 10
300.81 270.92 15
857.00 277.03 19
240.32 270.51 14
311.31 272.65 6
324.81 273.25 11
864.37 278.33 26
338.95 274.45 10
698.75 276.68 18
885.19 279.64 12
361.53 275.59 15
387.35 275.40 16
410.70 277.51 18
913.60 280.73 10
426.38 277.08 22
443.50 277.64 14
604.02 280.39 16
627.62 279.93 14
649.72 279.96 14
672.67 279.19 13
899.86 281.72 9
928.32 280.64 10
464.05 278.74 14
539.60 281.76 20
579.19 281.46 19
966.34 283.61 10
992.70 282.73 19
484.39 279.97 13
509.26 282.84 16
946.93 284.30 13
1006.88 283.75 6
1020.01 284.11 25
1036.04 283.28 20
979.77 285.22 7
1085.78 284.55 16
1113.64 285.37 16
1143.20 285.53 10
1129.36 287.88 7
1158.24 285.90 9
1173.47 287.50 13
1191.08 287.91 11
1210.75 290.37 21
1240.64 287.25 14
1222.71 288.45 8
1308.09 287.59 8
1263.16 291.51 15
1280.92 287.79 18
1294.71 289.21 8
1322.83 289.65 22
1339.66 289.49 6
1351.14 290.07 18
1370.97 290.59 13
1385.75 290.16 10
1402.30 291.66 10
1417.55 290.81 6
1431.00 289.95 11
1446.58 290.90 25
