0.189927 0.051646 0.006703
0.337710 0.055086 0.003963
0.350204 0.055161 0.005613
0.379892 0.055700 0.004203
0.386302 0.055802 0.004337
0.402011 0.055616 0.006804
0.142387 0.051847 0.010547
0.156378 0.053047 0.008369
0.167120 0.052195 0.006380
0.175346 0.053209 0.004214
0.283378 0.055660 0.006622
0.308636 0.055077 0.008257
0.319304 0.055925 0.009718
0.329581 0.055897 0.009928
0.343498 0.055591 0.004162
0.358811 0.055756 0.003926
0.365051 0.056223 0.004057
0.373589 0.055981 0.010628
0.392854 0.055911 0.005673
0.411194 0.055586 0.005446
0.418729 0.056222 0.011113
0.132375 0.052664 0.008552
0.182417 0.053910 0.006516
0.200338 0.054050 0.006903
0.229780 0.053751 0.010012
0.265072 0.054584 0.008192
0.275105 0.055188 0.004722
0.295731 0.055755 0.007908
0.324889 0.055970 0.003655
0.117532 0.053095 0.010309
0.211008 0.055141 0.006124
0.243066 0.055619 0.007771
0.254365 0.055978 0.006825
0.514266 0.058090 0.009640
0.216842 0.055516 0.003898
0.525413 0.058093 0.006475
0.533357 0.058735 0.003908
0.542536 0.059249 0.012117
0.558273 0.060167 0.010819
0.548400 0.060838 0.010628
0.565836 0.060129 0.004368
0.575882 0.060169 0.008906
0.604991 0.060126 0.005344
0.621243 0.059499 0.006340
0.644984 0.058865 0.008100
0.657117 0.059630 0.008519
0.688540 0.059540 0.008089
0.699744 0.058551 0.007926
0.588578 0.060340 0.008738
0.597647 0.060574 0.005580
0.613017 0.060103 0.004140
0.631986 0.059472 0.007526
0.670302 0.059959 0.009943
0.674515 0.059622 0.010543
0.721335 0.058504 0.007011
0.709745 0.060551 0.010207
0.729222 0.059983 0.004180
0.750947 0.059318 0.006705
0.734423 0.060757 0.003634
0.741371 0.060666 0.005031
0.759985 0.062401 0.012669
0.765787 0.061011 0.005370
0.774791 0.060906 0.005790
0.784358 0.060654 0.008637
0.813887 0.061510 0.009376
0.826069 0.060798 0.008419
0.839631 0.061817 0.009661
0.854276 0.061506 0.010437
0.116332 0.067722 0.009265
0.214349 0.069468 0.009479
0.306202 0.071736 0.008939
0.318893 0.072179 0.009128
0.155177 0.070030 0.008265
0.201678 0.071567 0.008335
0.231802 0.072067 0.008422
0.258427 0.071612 0.008746
0.272387 0.072569 0.008493
0.293283 0.071874 0.008091
0.332722 0.073745 0.008017
0.344973 0.073360 0.007988
0.393408 0.073184 0.008320
0.509926 0.074799 0.010193
0.126168 0.070222 0.004113
0.136293 0.070820 0.007955
0.144544 0.070469 0.006393
0.170089 0.071226 0.009154
0.183445 0.071949 0.008521
0.244045 0.072100 0.007844
0.354271 0.074288 0.007304
0.379709 0.073918 0.006601
0.404707 0.076546 0.010161
0.411347 0.074583 0.004279
0.417887 0.074847 0.010126
0.191409 0.072722 0.005680
0.282466 0.073777 0.006342
0.359118 0.074820 0.002830
0.364369 0.074850 0.004170
0.371376 0.075182 0.005401
0.516925 0.075609 0.009571
0.529849 0.076223 0.007810
0.540761 0.076109 0.007747
0.573375 0.075576 0.008420
0.555054 0.076989 0.009883
0.620159 0.075981 0.010458
0.627939 0.076174 0.004285
0.588693 0.077792 0.009559
0.634617 0.077600 0.004252
0.642580 0.077700 0.007082
0.681380 0.076876 0.008325
0.655897 0.077100 0.008174
0.693491 0.077137 0.009664
0.596396 0.078724 0.002754
0.604765 0.079565 0.011085
0.669427 0.078141 0.008230
0.699495 0.078577 0.003451
0.704231 0.078322 0.004035
0.712192 0.078269 0.005848
0.717836 0.077934 0.008620
0.726755 0.077888 0.006633
0.736790 0.077501 0.006344
0.750894 0.078150 0.006397
0.769457 0.077809 0.007919
0.744282 0.079160 0.004110
0.758161 0.078146 0.006604
0.783058 0.078871 0.008339
0.795717 0.078600 0.008217
0.810344 0.078349 0.010057
0.828500 0.079941 0.007788
0.836880 0.079507 0.006666
0.848434 0.079183 0.010100
0.398765 0.090656 0.008286
0.511809 0.090995 0.008978
0.117378 0.086559 0.009776
0.132160 0.086286 0.008877
0.154650 0.088725 0.006447
0.179856 0.088815 0.008003
0.191824 0.089075 0.007758
0.200313 0.088623 0.004377
0.214025 0.088649 0.008711
0.288578 0.090759 0.009900
0.305516 0.090133 0.011174
0.355560 0.091608 0.007940
0.364790 0.091017 0.004148
0.386147 0.091253 0.008188
0.415111 0.091485 0.009264
0.165254 0.088571 0.008635
0.226022 0.089255 0.007905
0.234434 0.090161 0.004013
0.243526 0.090196 0.006199
0.259830 0.089297 0.006451
0.323861 0.090170 0.010085
0.372988 0.091988 0.010886
0.525886 0.091999 0.008971
0.250759 0.090683 0.005074
0.272473 0.090202 0.008455
0.342134 0.092413 0.008385
0.144869 0.089566 0.006196
0.559019 0.093500 0.008405
0.542925 0.093895 0.009911
0.548153 0.094064 0.006092
0.571127 0.094577 0.008000
0.585437 0.094305 0.008651
0.596046 0.095279 0.003943
0.601568 0.095024 0.009801
0.066318 0.090004 0.023651
0.609533 0.095560 0.004073
0.615811 0.096012 0.009645
0.652728 0.095658 0.009089
0.680137 0.093512 0.011890
0.693271 0.095154 0.008528
0.703689 0.095805 0.009558
0.625208 0.096281 0.006256
0.637104 0.096001 0.008267
0.663506 0.095844 0.008296
0.672602 0.095596 0.003959
0.724174 0.096048 0.008396
0.749708 0.095794 0.010009
0.737310 0.095717 0.007826
0.764857 0.095420 0.004916
0.771614 0.096412 0.004119
0.780027 0.095414 0.006296
0.791776 0.095663 0.008886
0.806088 0.096550 0.009051
0.820249 0.095677 0.008036
0.831994 0.095756 0.009177
0.843394 0.096657 0.006163
0.851654 0.097360 0.011644
0.113168 0.103535 0.009485
0.392001 0.108349 0.008136
0.413646 0.108851 0.009564
0.125346 0.103699 0.008283
0.184301 0.106493 0.008760
0.333453 0.108447 0.004266
0.356453 0.108741 0.008826
0.400930 0.109499 0.004274
0.407654 0.108750 0.004059
0.138503 0.105865 0.008303
0.158804 0.106766 0.009873
0.173151 0.107002 0.008267
0.219479 0.106894 0.004266
0.277292 0.108693 0.008284
0.310044 0.109533 0.007886
0.324397 0.108542 0.008682
0.342358 0.109524 0.008001
0.371215 0.109933 0.011795
0.507884 0.110044 0.008602
0.532017 0.110033 0.008095
0.540698 0.110582 0.006074
0.210861 0.108014 0.006431
0.229074 0.108123 0.006235
0.246993 0.108121 0.006337
0.382013 0.110681 0.005761
0.520633 0.111768 0.007363
0.548030 0.111519 0.009332
0.196929 0.106930 0.008567
0.201161 0.107493 0.009899
0.239254 0.109089 0.006591
0.261286 0.109433 0.010989
0.266873 0.109361 0.006638
0.291447 0.108354 0.010436
0.299893 0.110190 0.005721
0.564232 0.112082 0.009830
0.582204 0.111779 0.008908
0.594632 0.111469 0.008169
0.606590 0.112551 0.008198
0.624155 0.113320 0.010167
0.639591 0.113897 0.009642
0.653241 0.112956 0.008648
0.663638 0.113389 0.008055
0.735391 0.112975 0.008046
0.677732 0.114538 0.008174
0.703905 0.114467 0.006371
0.721034 0.113453 0.006396
0.747128 0.113196 0.008614
0.692118 0.113688 0.010005
0.714045 0.113899 0.006060
0.757133 0.115675 0.012040
0.773353 0.114342 0.009659
0.814297 0.114052 0.009220
0.906290 0.112232 0.024033
0.826275 0.113702 0.005862
0.787457 0.115852 0.009570
0.800219 0.115594 0.008184
0.847595 0.114465 0.010117
0.833674 0.115894 0.009954
0.175314 0.122533 0.006034
0.113426 0.121652 0.010059
0.156100 0.122614 0.007606
0.166391 0.123453 0.005950
0.508699 0.126317 0.010114
0.129012 0.123486 0.010023
0.143892 0.123526 0.007641
0.187725 0.123708 0.008367
0.199425 0.125458 0.008186
0.379720 0.126665 0.007478
0.523725 0.126754 0.009085
0.065250 0.123127 0.020890
0.389498 0.127223 0.010477
0.398048 0.127619 0.003634
0.411296 0.127441 0.011487
0.539226 0.126880 0.009140
0.556655 0.128146 0.009613
0.230755 0.125588 0.008617
0.268921 0.126813 0.007207
0.306488 0.126994 0.006563
0.314341 0.126769 0.010389
0.363364 0.127770 0.011618
0.403739 0.128330 0.004262
0.567404 0.128525 0.008456
0.570703 0.128062 0.010435
0.060288 0.119600 0.020417
0.213188 0.126622 0.009835
0.242081 0.126711 0.008474
0.253103 0.127201 0.006585
0.261389 0.126904 0.004187
0.283474 0.127291 0.009758
0.327936 0.127775 0.008656
0.344053 0.128295 0.010213
0.352391 0.128163 0.010372
0.370653 0.128272 0.005022
0.579260 0.129449 0.005936
0.589726 0.128361 0.007230
0.278461 0.128112 0.005362
0.297430 0.128378 0.008352
0.613640 0.128423 0.008796
0.601584 0.130676 0.007420
0.630814 0.130031 0.009241
0.643840 0.130302 0.009485
0.658804 0.131302 0.006547
0.667136 0.130992 0.003924
0.682917 0.130678 0.006304
0.696765 0.130480 0.008770
0.709602 0.130305 0.007319
0.674389 0.130224 0.010029
0.729781 0.131997 0.006691
0.738585 0.131614 0.005547
0.059329 0.127140 0.023089
0.719294 0.131722 0.006547
0.745791 0.131932 0.009796
0.757964 0.132657 0.007858
0.811995 0.132328 0.008038
0.825239 0.131964 0.010812
0.832983 0.131481 0.003943
0.842306 0.131443 0.007458
0.771274 0.133231 0.008113
0.783559 0.132934 0.006725
0.791157 0.133561 0.005316
0.800487 0.133504 0.006320
0.853172 0.132936 0.008022
0.115302 0.140652 0.010676
0.508704 0.144773 0.010081
0.132152 0.140972 0.005997
0.141148 0.141526 0.006488
0.183894 0.142907 0.010061
0.199069 0.142452 0.009541
0.252479 0.145046 0.010998
0.366431 0.144945 0.006594
0.520032 0.146226 0.007847
0.533228 0.146237 0.008304
0.547457 0.146367 0.011116
0.160967 0.143513 0.004189
0.169215 0.142780 0.006227
0.177854 0.142989 0.004218
0.212581 0.144047 0.008565
0.236118 0.143758 0.008486
0.351152 0.145980 0.005224
0.357851 0.146637 0.004138
0.380609 0.146182 0.008928
0.153108 0.143276 0.007316
0.224105 0.144773 0.007061
0.245317 0.144946 0.004056
0.297274 0.145442 0.006981
0.309294 0.145286 0.008124
0.320249 0.147005 0.008264
0.331424 0.146129 0.006768
0.342029 0.146471 0.006143
0.391611 0.146347 0.008174
0.405534 0.146543 0.009602
0.588990 0.147236 0.008442
0.268161 0.145643 0.011389
0.273572 0.146553 0.009595
0.285376 0.146599 0.008185
0.411625 0.146885 0.012162
0.564133 0.148395 0.007915
0.576764 0.147539 0.008090
0.601208 0.147935 0.008215
0.613081 0.147254 0.007808
0.625856 0.148365 0.008488
0.639178 0.149433 0.009056
0.650651 0.148780 0.003757
0.657805 0.148695 0.006500
0.666867 0.149183 0.005239
0.676320 0.150810 0.008464
0.690284 0.149358 0.008222
0.705082 0.149733 0.010121
0.729850 0.148786 0.006610
0.720436 0.149538 0.007817
0.738967 0.150519 0.013118
0.754381 0.150750 0.011591
0.761490 0.148705 0.010488
0.771164 0.150414 0.007990
0.781742 0.150664 0.006493
0.811185 0.150116 0.005337
0.821571 0.149924 0.007227
0.790430 0.150318 0.012045
0.802645 0.151320 0.008400
0.834122 0.149980 0.008403
0.843534 0.149874 0.012462
0.850850 0.150847 0.011662
0.107183 0.155627 0.016209
0.116699 0.157448 0.008356
0.129226 0.157795 0.008505
0.156938 0.158654 0.008169
0.169828 0.159556 0.006369
0.176947 0.159363 0.009118
0.504115 0.162958 0.011715
0.141364 0.159122 0.008342
0.183123 0.160385 0.003874
0.191067 0.160734 0.006537
0.508453 0.163721 0.015307
0.199382 0.161443 0.006308
0.411032 0.162752 0.011088
0.520698 0.164493 0.007104
0.212667 0.162114 0.009314
0.227852 0.161998 0.009700
0.241589 0.163243 0.010923
0.537414 0.165136 0.006390
0.250810 0.162991 0.013182
0.260884 0.163318 0.008594
0.355304 0.164938 0.009625
0.369190 0.164663 0.008499
0.382187 0.164680 0.008362
0.395688 0.164231 0.008211
0.529329 0.165720 0.005426
0.546069 0.165081 0.006454
0.272968 0.163966 0.008721
0.317411 0.165742 0.012034
0.340703 0.165565 0.011597
0.568438 0.166832 0.006169
0.583944 0.166309 0.011678
0.284933 0.164689 0.007868
0.299563 0.166376 0.009575
0.557016 0.167233 0.008211
0.592280 0.166913 0.003842
0.600009 0.167123 0.014783
0.609434 0.166633 0.012039
0.576338 0.167777 0.004342
0.638694 0.167384 0.009867
0.655081 0.167863 0.009778
0.672468 0.167959 0.006326
0.664330 0.169342 0.004129
0.681319 0.168178 0.005860
0.690279 0.169120 0.007824
0.700638 0.169358 0.006473
0.712206 0.170808 0.012359
0.729791 0.168971 0.008367
0.719244 0.169677 0.004949
0.769463 0.169168 0.005211
0.743033 0.171475 0.008879
0.753480 0.169290 0.010892
0.761594 0.170124 0.005034
0.778134 0.170380 0.013138
0.788035 0.170288 0.004094
0.794789 0.170628 0.011105
0.806452 0.170938 0.007700
0.815145 0.170682 0.006233
0.824885 0.171566 0.006124
0.833856 0.171064 0.003913
0.841768 0.170559 0.006750
0.850932 0.171116 0.015096
