0.181635 0.014210 0.006550
0.329949 0.034379 0.004189
0.343091 0.035927 0.005852
0.372360 0.040129 0.004170
0.379302 0.040538 0.004095
0.394126 0.042135 0.006474
0.134917 0.009771 0.010106
0.148541 0.011142 0.008209
0.158566 0.012729 0.006622
0.166808 0.013877 0.004015
0.275009 0.027799 0.006452
0.301084 0.031052 0.008169
0.311159 0.031783 0.009977
0.322549 0.033598 0.010007
0.335841 0.035505 0.004052
0.351119 0.037529 0.004164
0.357942 0.038559 0.004067
0.365804 0.039207 0.011240
0.385852 0.042006 0.005345
0.403989 0.044461 0.005235
0.412115 0.045809 0.011301
0.122706 0.008540 0.008256
0.173075 0.015040 0.006449
0.192334 0.017524 0.007116
0.221279 0.020377 0.010158
0.258103 0.026061 0.008347
0.267485 0.027359 0.004132
0.287454 0.029828 0.008209
0.317703 0.033782 0.004094
0.109284 0.007340 0.010075
0.202413 0.018984 0.006476
0.236045 0.023571 0.008191
0.246205 0.025061 0.006426
0.507317 0.058935 0.009902
0.208975 0.020961 0.004086
0.519623 0.060310 0.006495
0.527147 0.061711 0.004081
0.535298 0.063360 0.011633
0.553648 0.066219 0.011096
0.541401 0.065216 0.010481
0.559656 0.067490 0.004076
0.570345 0.068965 0.008308
0.599799 0.072530 0.005990
0.615392 0.074285 0.006470
0.640982 0.076673 0.008264
0.652807 0.078214 0.008217
0.684021 0.082175 0.008278
0.695148 0.083218 0.008140
0.582758 0.071171 0.008246
0.592291 0.072352 0.005370
0.607891 0.074013 0.004076
0.627712 0.076199 0.008212
0.664461 0.080093 0.009973
0.669680 0.081221 0.011072
0.716844 0.085984 0.006514
0.704550 0.084884 0.009967
0.724309 0.087987 0.004174
0.746273 0.090740 0.006466
0.729606 0.089339 0.003508
0.736762 0.090018 0.005248
0.754289 0.093401 0.012207
0.761562 0.093561 0.005330
0.769391 0.094681 0.006456
0.780308 0.096255 0.008367
0.792753 0.097283 0.009415
0.809681 0.098999 0.009458
0.822204 0.100172 0.008275
0.835443 0.102082 0.009869
0.849009 0.103902 0.010070
0.109272 0.023004 0.009435
0.208263 0.036964 0.009927
0.301047 0.047955 0.008223
0.313960 0.050420 0.008862
0.150449 0.029159 0.008268
0.195359 0.035163 0.008280
0.225677 0.039188 0.008273
0.253482 0.042206 0.008334
0.266969 0.044118 0.008222
0.288433 0.047081 0.007618
0.327641 0.052232 0.008209
0.340030 0.053573 0.008265
0.388617 0.060173 0.008185
0.505892 0.075252 0.009877
0.120243 0.026047 0.004068
0.130095 0.026570 0.008336
0.139152 0.028377 0.006479
0.163518 0.031152 0.008934
0.177804 0.032970 0.008273
0.239104 0.041513 0.008235
0.350022 0.055701 0.007167
0.376188 0.058924 0.006551
0.401218 0.062765 0.010206
0.407305 0.063036 0.004068
0.415131 0.064068 0.009935
0.186341 0.034886 0.005308
0.277879 0.046827 0.006341
0.354564 0.056740 0.002951
0.359873 0.057326 0.004076
0.366726 0.058274 0.005254
0.526152 0.078744 0.007721
0.537492 0.080325 0.007675
0.568903 0.084417 0.008693
0.551794 0.082839 0.009819
0.617741 0.091150 0.010092
0.624429 0.092255 0.004155
0.585342 0.087973 0.009966
0.631601 0.093659 0.004188
0.639543 0.094574 0.007068
0.679714 0.099038 0.007648
0.652918 0.096636 0.008292
0.690524 0.100695 0.009362
0.594013 0.090287 0.002912
0.602762 0.091408 0.010680
0.666659 0.099264 0.008212
0.697490 0.102973 0.003520
0.702313 0.103437 0.004164
0.709667 0.104080 0.005892
0.714435 0.104331 0.008715
0.724535 0.105829 0.006514
0.733726 0.106833 0.006453
0.749234 0.108789 0.006469
0.766971 0.111539 0.007033
0.742213 0.108499 0.004174
0.757315 0.110199 0.006472
0.781947 0.113555 0.008385
0.794489 0.115064 0.008308
0.808873 0.116517 0.009989
0.825801 0.118847 0.008364
0.836502 0.119859 0.006571
0.847101 0.120899 0.010008
0.397750 0.078578 0.008187
0.510590 0.092641 0.009448
0.114182 0.041835 0.009421
0.127907 0.043850 0.009294
0.151271 0.046776 0.006636
0.176113 0.049340 0.008144
0.188937 0.050878 0.008328
0.197367 0.052667 0.004127
0.210521 0.054771 0.008242
0.286022 0.064112 0.009409
0.303804 0.066504 0.011182
0.353371 0.072671 0.008104
0.362504 0.073941 0.004055
0.383178 0.076507 0.008340
0.412236 0.080584 0.009984
0.162397 0.048527 0.008365
0.222773 0.056605 0.007664
0.231614 0.057449 0.004113
0.240427 0.058384 0.006459
0.256941 0.060567 0.006463
0.321108 0.068835 0.009880
0.370668 0.075768 0.009990
0.524952 0.095270 0.008896
0.249034 0.060340 0.005332
0.270130 0.062283 0.008190
0.339829 0.072177 0.008908
0.141796 0.047365 0.006480
0.557463 0.100571 0.008249
0.540759 0.098417 0.009699
0.547231 0.100174 0.006434
0.571141 0.103039 0.008207
0.584823 0.103766 0.008750
0.595855 0.107095 0.004148
0.601443 0.107353 0.009800
0.063099 0.039849 0.023512
0.609284 0.108909 0.004114
0.615791 0.110049 0.010110
0.652030 0.114246 0.008747
0.680109 0.117287 0.011173
0.692799 0.118661 0.008176
0.704123 0.119385 0.009984
0.625631 0.111750 0.006484
0.636656 0.112360 0.008194
0.664632 0.116030 0.008231
0.672587 0.117058 0.004122
0.725146 0.123511 0.008335
0.750354 0.125830 0.009870
0.737668 0.125611 0.008285
0.765594 0.128204 0.005225
0.772629 0.129411 0.004084
0.780407 0.129877 0.006402
0.792320 0.131474 0.008302
0.807657 0.133527 0.009329
0.821138 0.134763 0.008400
0.832432 0.136228 0.008242
0.843500 0.137014 0.006520
0.851992 0.139276 0.011146
0.112436 0.057379 0.009497
0.392511 0.094556 0.008139
0.414172 0.097378 0.010042
0.124774 0.060869 0.008233
0.184248 0.068680 0.008413
0.333449 0.087846 0.004076
0.356424 0.090686 0.008535
0.401644 0.096634 0.004185
0.408275 0.097672 0.004111
0.137462 0.062513 0.008172
0.157595 0.065360 0.009475
0.172371 0.067736 0.008251
0.218901 0.073429 0.004085
0.276959 0.080794 0.008081
0.310868 0.085560 0.008278
0.324810 0.087342 0.008187
0.342091 0.089470 0.008094
0.373761 0.093423 0.011084
0.509585 0.110655 0.008219
0.531991 0.113516 0.007576
0.542585 0.115159 0.005847
0.210727 0.073227 0.006559
0.228230 0.075234 0.006458
0.246332 0.077453 0.006547
0.383210 0.095706 0.005922
0.521341 0.113510 0.006948
0.549514 0.116620 0.010022
0.196513 0.071880 0.008219
0.201251 0.072475 0.009783
0.239507 0.077393 0.006423
0.260142 0.079287 0.010455
0.267260 0.080886 0.006602
0.291947 0.083823 0.009890
0.300637 0.086053 0.005905
0.566342 0.119984 0.010051
0.583878 0.122744 0.009366
0.596041 0.123071 0.008227
0.608988 0.126021 0.008147
0.625566 0.128061 0.010029
0.642255 0.131303 0.009605
0.655473 0.132070 0.008282
0.666950 0.134269 0.007722
0.679715 0.136151 0.008293
0.707541 0.139564 0.006430
0.724776 0.141170 0.006443
0.751202 0.144029 0.008223
0.694738 0.138583 0.009578
0.716466 0.140941 0.005784
0.759177 0.146953 0.011997
0.774650 0.148091 0.009869
0.817735 0.151869 0.009417
0.906771 0.159357 0.023590
0.829604 0.153625 0.006340
0.790648 0.150333 0.009569
0.803171 0.151773 0.008199
0.850691 0.156527 0.009336
0.837461 0.155166 0.010212
0.176688 0.083706 0.006409
0.113721 0.076172 0.010005
0.157814 0.082132 0.007715
0.168082 0.083304 0.005901
0.512525 0.128541 0.010633
0.129791 0.078774 0.010005
0.144821 0.080944 0.008237
0.188967 0.086477 0.008157
0.200159 0.088498 0.008352
0.382113 0.111705 0.008221
0.528184 0.130379 0.008839
0.065428 0.071298 0.020172
0.394308 0.114036 0.009987
0.401177 0.114551 0.003471
0.415421 0.116472 0.011512
0.542700 0.132632 0.009456
0.560228 0.135229 0.009480
0.232600 0.093105 0.008206
0.271060 0.098277 0.006459
0.309900 0.103390 0.006442
0.316833 0.104335 0.011216
0.365332 0.111717 0.011943
0.407095 0.116230 0.004114
0.571386 0.136469 0.008343
0.575877 0.136955 0.009972
0.059751 0.072692 0.021231
0.215271 0.091298 0.009875
0.243714 0.095130 0.008209
0.254975 0.097188 0.006510
0.263803 0.098015 0.004103
0.287627 0.101459 0.009988
0.330878 0.107510 0.008860
0.346516 0.108631 0.009858
0.356427 0.109901 0.009815
0.373103 0.112086 0.005361
0.583950 0.138978 0.005814
0.594441 0.139851 0.007134
0.280744 0.100537 0.005230
0.300588 0.103291 0.008268
0.618583 0.142872 0.008748
0.606634 0.143382 0.007725
0.636147 0.147063 0.008883
0.649175 0.148469 0.010003
0.663692 0.151060 0.006474
0.671871 0.151580 0.004086
0.688959 0.153798 0.006450
0.701718 0.155437 0.008737
0.714711 0.156785 0.007637
0.679070 0.153304 0.010015
0.734696 0.160046 0.006419
0.744347 0.160775 0.005287
0.062144 0.075090 0.023499
0.724603 0.159544 0.006477
0.751313 0.161602 0.009947
0.763568 0.164366 0.008252
0.817828 0.169985 0.008149
0.830618 0.171613 0.009925
0.838683 0.172133 0.004110
0.848694 0.173083 0.007702
0.777822 0.166638 0.008317
0.789254 0.167727 0.006474
0.797179 0.169297 0.005264
0.807051 0.170194 0.006476
0.859670 0.175094 0.008249
0.119272 0.095150 0.010818
0.514569 0.145912 0.010064
0.136092 0.097921 0.006560
0.145207 0.099615 0.006481
0.188414 0.105278 0.010004
0.203962 0.107284 0.009409
0.257068 0.115284 0.011283
0.371441 0.128883 0.006479
0.525882 0.148475 0.008219
0.539364 0.150371 0.008293
0.554586 0.152004 0.010042
0.165139 0.102729 0.004137
0.174003 0.104103 0.006623
0.182200 0.104955 0.004072
0.216498 0.109912 0.008259
0.241032 0.112461 0.008183
0.355527 0.127373 0.005324
0.362423 0.128500 0.004127
0.384796 0.131064 0.008739
0.157158 0.102296 0.006444
0.229794 0.111749 0.007625
0.249725 0.114408 0.004063
0.302505 0.121021 0.007031
0.314395 0.122234 0.008126
0.326474 0.124736 0.008090
0.337074 0.125373 0.006551
0.346774 0.126576 0.006310
0.595866 0.158098 0.008158
0.273714 0.117712 0.010675
0.278169 0.118546 0.010180
0.290724 0.120514 0.008220
0.416535 0.136892 0.012396
0.570799 0.156297 0.008207
0.583521 0.157790 0.008314
0.607418 0.160170 0.008212
0.619942 0.162162 0.008186
0.632190 0.164317 0.008196
0.644927 0.166341 0.009425
0.658232 0.168050 0.004061
0.665032 0.168580 0.006450
0.673868 0.170472 0.005355
0.683626 0.171611 0.008442
0.697069 0.173836 0.008133
0.712906 0.175653 0.009993
0.737716 0.177794 0.006448
0.728126 0.177209 0.008089
0.746326 0.179674 0.012335
0.761371 0.181801 0.011091
0.767273 0.181867 0.010008
0.779336 0.183708 0.008178
0.790181 0.185294 0.006562
0.819694 0.188322 0.005301
0.829054 0.189838 0.007566
0.798815 0.187371 0.011724
0.811340 0.188543 0.008257
0.842059 0.191031 0.008277
0.853190 0.192321 0.012599
0.858982 0.193966 0.011127
0.113512 0.111637 0.015643
0.122084 0.112783 0.008324
0.135061 0.115533 0.008314
0.162831 0.118701 0.008330
0.175914 0.120475 0.006399
0.184289 0.121469 0.008837
0.511391 0.164049 0.011818
0.147879 0.117778 0.008222
0.189386 0.122651 0.004098
0.197415 0.123701 0.006565
0.517248 0.164778 0.016682
0.205984 0.125612 0.006405
0.418685 0.153149 0.011238
0.528370 0.166946 0.006544
0.219622 0.127841 0.009369
0.234299 0.129759 0.009314
0.249427 0.131328 0.011143
0.545443 0.169646 0.006514
0.255728 0.133531 0.014178
0.268102 0.134347 0.008211
0.363224 0.146454 0.009429
0.376318 0.148351 0.008127
0.389693 0.150568 0.008249
0.403523 0.152465 0.008301
0.537430 0.169229 0.005271
0.553904 0.171148 0.006490
0.279340 0.136790 0.008203
0.324172 0.143545 0.011668
0.347903 0.146351 0.011818
0.577011 0.175141 0.006413
0.593242 0.177676 0.011744
0.292939 0.140204 0.008313
0.306719 0.141676 0.009330
0.565462 0.174580 0.008327
0.600941 0.178902 0.004194
0.608759 0.180030 0.014214
0.617293 0.180020 0.012371
0.632305 0.182570 0.009471
0.584932 0.177454 0.004096
0.647254 0.184779 0.009984
0.664065 0.187087 0.010114
0.681396 0.190262 0.006508
0.673801 0.190271 0.004079
0.690133 0.191991 0.005841
0.700497 0.193257 0.008209
0.710914 0.194461 0.006507
0.721684 0.196291 0.012384
0.738802 0.197936 0.008305
0.728703 0.197332 0.005316
0.779867 0.203299 0.005358
0.764785 0.202905 0.011211
0.771270 0.202884 0.005202
0.788177 0.205001 0.013158
0.798107 0.206161 0.004136
0.804855 0.206965 0.011182
0.816652 0.208653 0.007570
0.825248 0.209650 0.006420
0.835568 0.211293 0.006412
0.844373 0.211801 0.004162
0.852283 0.212785 0.006417
0.862542 0.215436 0.015506
