308.78 24.16 11
560.91 58.44 7
583.25 61.08 9
633.01 68.22 7
644.81 68.92 6
670.01 71.63 11
229.36 16.61 17
252.52 18.94 13
269.56 21.64 11
283.57 23.59 6
467.51 47.26 10
511.84 52.79 13
528.97 54.03 16
548.33 57.12 17
570.93 60.36 6
596.90 63.80 7
608.50 65.55 6
621.87 66.65 19
655.95 71.41 9
686.78 75.58 8
700.60 77.88 19
208.60 14.52 14
294.23 25.57 10
326.97 29.79 12
376.17 34.64 17
438.77 44.30 14
454.72 46.51 7
488.67 50.71 13
540.09 57.43 6
185.78 12.48 17
344.10 32.27 11
401.28 40.07 13
418.55 42.60 10
862.44 100.19 16
355.26 35.63 6
883.36 102.53 11
896.15 104.91 6
910.01 107.71 19
941.20 112.57 18
920.38 110.87 17
951.42 114.73 6
969.59 117.24 14
1019.66 123.30 10
1046.17 126.28 10
1089.67 130.34 14
1109.77 132.96 13
1162.84 139.70 14
1181.75 141.47 13
990.69 120.99 14
1006.90 123.00 9
1033.41 125.82 6
1067.11 129.54 13
1129.58 136.16 16
1138.46 138.08 18
1218.63 146.17 11
1197.73 144.30 16
1231.33 149.58 7
1268.66 154.26 10
1240.33 151.88 5
1252.50 153.03 8
1282.29 158.78 20
1294.66 159.05 9
1307.96 160.96 10
1326.52 163.63 14
1347.68 165.38 16
1376.46 168.30 16
1397.75 170.29 14
1420.25 173.54 16
1443.32 176.63 17
185.76 39.11 16
354.05 62.84 16
511.78 81.52 13
533.73 85.71 15
255.76 49.57 14
332.11 59.78 14
383.65 66.62 14
430.92 71.75 14
453.85 75.00 13
490.34 80.04 12
556.99 88.80 13
578.05 91.07 14
660.65 102.29 13
860.02 127.93 16
204.41 44.28 6
221.16 45.17 14
236.56 48.24 11
277.98 52.96 15
302.27 56.05 14
406.48 70.57 14
595.04 94.69 12
639.52 100.17 11
682.07 106.70 17
692.42 107.16 6
705.72 108.92 16
316.78 59.31 9
472.39 79.61 10
602.76 96.46 5
611.78 97.45 6
623.43 99.07 8
894.46 133.86 13
913.74 136.55 13
967.14 143.51 14
938.05 140.83 16
1050.16 154.96 17
1061.53 156.83 7
995.08 149.55 16
1073.72 159.22 7
1087.22 160.78 12
1155.51 168.36 13
1109.96 164.28 14
1173.89 171.18 15
1009.82 153.49 4
1024.70 155.39 18
1133.32 168.75 13
1185.73 175.05 5
1193.93 175.84 7
1206.43 176.94 10
1214.54 177.36 14
1231.71 179.91 11
1247.33 181.62 10
1273.70 184.94 10
1303.85 189.62 11
1261.76 184.45 7
1287.44 187.34 11
1329.31 193.04 14
1350.63 195.61 14
1375.08 198.08 16
1403.86 202.04 14
1422.05 203.76 11
1440.07 205.53 17
676.17 133.58 13
868.00 157.49 16
194.11 71.12 16
217.44 74.55 15
257.16 79.52 11
299.39 83.88 13
321.19 86.49 14
335.52 89.53 7
357.89 93.11 14
486.24 108.99 15
516.47 113.06 19
600.73 123.54 13
616.26 125.70 6
651.40 130.06 14
700.80 136.99 16
276.07 82.50 14
378.71 96.23 13
393.74 97.66 6
408.73 99.25 10
436.80 102.96 10
545.88 117.02 16
630.14 128.81 16
892.42 161.96 15
423.36 102.58 9
459.22 105.88 13
577.71 122.70 15
241.05 80.52 11
947.69 170.97 14
919.29 167.31 16
930.29 170.30 10
970.94 175.17 13
994.20 176.40 14
1012.95 182.06 7
1022.45 182.50 16
107.27 67.74 39
1035.78 185.14 6
1046.85 187.08 17
1108.45 194.22 14
1156.19 199.39 18
1177.76 201.72 13
1197.01 202.95 16
1063.57 189.98 11
1082.32 191.01 13
1129.87 197.25 13
1143.40 199.00 7
1232.75 209.97 14
1275.60 213.91 16
1254.03 213.54 14
1301.51 217.95 8
1313.47 220.00 6
1326.69 220.79 10
1346.94 223.51 14
1373.02 227.00 15
1395.93 229.10 14
1415.14 231.59 14
1433.95 232.92 11
1448.39 236.77 18
191.14 97.54 16
667.27 160.75 13
704.09 165.54 17
212.12 103.48 13
313.22 116.76 14
566.86 149.34 6
605.92 154.17 14
682.80 164.28 7
694.07 166.04 6
233.69 106.27 13
267.91 111.11 16
293.03 115.15 14
372.13 124.83 6
470.83 137.35 13
528.48 145.45 14
552.18 148.48 13
581.55 152.10 13
635.39 158.82 18
866.30 188.11 13
904.39 192.98 12
922.39 195.77 9
358.24 124.49 11
387.99 127.90 10
418.76 131.67 11
651.46 162.70 10
886.28 192.97 11
934.17 198.25 17
334.07 122.20 13
342.13 123.21 16
407.16 131.57 10
442.24 134.79 17
454.34 137.51 11
496.31 142.50 16
511.08 146.29 10
962.78 203.97 17
992.59 208.66 15
1013.27 209.22 13
1035.28 214.24 13
1063.46 217.70 17
1091.83 223.22 16
1114.30 224.52 14
1133.82 228.26 13
1155.52 231.46 14
1202.82 237.26 10
1232.12 239.99 10
1277.04 244.85 13
1181.06 235.59 16
1217.99 239.60 9
1290.60 249.82 20
1316.91 251.75 16
1390.15 258.18 16
1541.51 270.91 40
1410.33 261.16 10
1344.10 255.57 16
1365.39 258.01 13
1446.17 266.10 15
1423.68 263.78 17
300.37 142.30 10
193.33 129.49 17
268.28 139.62 13
285.74 141.62 10
871.29 218.52 18
220.64 133.92 17
246.19 137.60 14
321.24 147.01 13
340.27 150.45 14
649.59 189.90 13
897.91 221.64 15
111.23 121.21 34
670.32 193.86 16
682.00 194.74 5
706.22 198.00 19
922.59 225.47 16
952.39 229.89 16
395.42 158.28 13
460.80 167.07 10
526.83 175.76 10
538.62 177.37 19
621.06 189.92 20
692.06 197.59 6
971.36 232.00 14
978.99 232.82 16
101.58 123.58 36
365.96 155.21 16
414.31 161.72 13
433.46 165.22 11
448.47 166.63 6
488.97 172.48 16
562.49 182.77 15
589.08 184.67 16
605.93 186.83 16
634.27 190.55 9
992.71 236.26 9
1010.55 237.75 12
477.27 170.91 8
511.00 175.59 14
1051.59 242.88 14
1031.28 243.75 13
1081.45 250.01 15
1103.60 252.40 17
1128.28 256.80 11
1142.18 257.69 6
1171.23 261.46 10
1192.92 264.24 14
1215.01 266.53 12
1154.42 260.62 17
1248.98 272.08 10
1265.39 273.32 8
105.64 127.65 39
1231.82 271.22 11
1277.23 274.72 16
1298.07 279.42 14
1390.31 288.97 13
1412.05 291.74 16
1425.76 292.63 6
1442.78 294.24 13
1322.30 283.29 14
1341.73 285.14 11
1355.20 287.81 8
1371.99 289.33 11
1461.44 297.66 14
202.76 161.76 18
874.77 248.05 17
231.36 166.47 11
246.85 169.35 11
320.30 178.97 17
346.74 182.38 15
437.02 195.98 19
631.45 219.10 11
894.00 252.41 13
916.92 255.63 14
942.80 258.41 17
280.74 174.64 7
295.81 176.98 11
309.74 178.42 6
368.05 186.85 14
409.75 191.18 13
604.40 216.53 9
616.12 218.45 7
654.15 222.81 14
267.17 173.90 10
390.65 189.97 12
424.53 194.49 6
514.26 205.74 11
534.47 207.80 13
555.01 212.05 13
573.03 213.13 11
589.52 215.18 10
1012.97 268.77 13
465.31 200.11 18
472.89 201.53 17
494.23 204.87 13
708.11 232.72 21
970.36 265.70 13
991.98 268.24 14
1032.61 272.29 13
1053.90 275.68 13
1074.72 279.34 13
1096.38 282.78 16
1118.99 285.68 6
1130.55 286.59 10
1145.58 289.80 9
1162.16 291.74 14
1185.02 295.52 13
1211.94 298.61 16
1254.12 302.25 10
1237.81 301.26 13
1268.75 305.45 20
1294.33 309.06 18
1304.36 309.17 17
1324.87 312.30 13
1343.31 315.00 11
1393.48 320.15 9
1409.39 322.72 12
1357.99 318.53 19
1379.28 320.52 14
1431.50 324.75 14
1450.42 326.95 21
1460.27 329.74 18
192.97 189.78 26
207.54 191.73 14
229.60 196.41 14
276.81 201.79 14
299.05 204.81 10
313.29 206.50 15
869.37 278.88 20
251.39 200.22 13
321.96 208.51 6
335.61 210.29 11
879.32 280.12 28
350.17 213.54 10
711.76 260.35 19
898.23 283.81 11
373.36 217.33 15
398.31 220.59 15
424.03 223.26 18
927.25 288.40 11
434.74 227.00 24
455.77 228.39 13
617.48 248.97 16
639.74 252.20 13
662.48 255.97 14
685.99 259.19 14
913.63 287.69 8
941.64 290.95 11
474.88 232.54 13
551.09 244.03 19
591.44 248.80 20
980.92 297.74 10
1008.51 302.05 19
498.00 238.35 14
521.42 240.85 15
961.29 296.79 14
1021.60 304.13 7
1034.89 306.05 24
1049.40 306.03 21
1074.92 310.37 16
994.38 301.67 6
1100.33 314.13 16
1128.91 318.05 17
1158.37 323.44 11
1145.46 323.46 6
1173.23 326.39 9
1190.84 328.54 13
1208.55 330.58 11
1226.86 333.69 21
1255.96 336.49 14
1238.80 335.46 9
1325.77 345.61 9
1300.13 344.94 19
1311.16 344.90 8
1339.90 348.50 22
1356.78 350.47 7
1368.25 351.84 19
1388.31 354.71 12
1402.92 356.40 10
1420.47 359.20 10
1435.43 360.06 7
1448.88 361.74 10
1466.32 366.24 26
