0.165892 0.066249 0.006471
0.312865 0.057916 0.004118
0.326046 0.056620 0.005882
0.355720 0.054732 0.004118
0.361691 0.054264 0.004118
0.377440 0.053392 0.006471
0.119890 0.070455 0.010000
0.132717 0.069359 0.008235
0.143027 0.069118 0.006471
0.150751 0.068146 0.004118
0.258280 0.061952 0.006471
0.284455 0.060185 0.008235
0.294205 0.058478 0.010000
0.306553 0.059444 0.010000
0.318993 0.058065 0.004118
0.334036 0.057108 0.004118
0.340959 0.056761 0.004118
0.349318 0.055611 0.011176
0.368307 0.054414 0.005294
0.386477 0.054062 0.005294
0.394453 0.052665 0.011176
0.106682 0.071098 0.008235
0.156912 0.068300 0.006471
0.176495 0.068519 0.007059
0.205644 0.065991 0.010000
0.241828 0.063784 0.008235
0.250810 0.063123 0.004118
0.271414 0.061928 0.008235
0.300577 0.060258 0.004118
0.094343 0.073008 0.010000
0.186389 0.068163 0.006471
0.220075 0.065776 0.008235
0.230102 0.064903 0.006471
0.489448 0.047883 0.010000
0.192586 0.068083 0.004118
0.501959 0.047951 0.006471
0.509244 0.047897 0.004118
0.517841 0.048787 0.011765
0.534227 0.047680 0.011176
0.524109 0.048376 0.010588
0.541461 0.047324 0.004118
0.552324 0.046527 0.008235
0.580321 0.045487 0.005882
0.596758 0.044475 0.006471
0.620502 0.043359 0.008235
0.634002 0.041683 0.008235
0.664881 0.040254 0.008235
0.676141 0.040108 0.008235
0.563968 0.046964 0.008235
0.573209 0.046010 0.005294
0.588976 0.045160 0.004118
0.607782 0.043603 0.008235
0.646191 0.041331 0.010000
0.650680 0.042424 0.011176
0.696760 0.038710 0.006471
0.685940 0.040934 0.010000
0.704596 0.040023 0.004118
0.726392 0.038703 0.006471
0.709839 0.039988 0.003529
0.716803 0.040254 0.005294
0.735143 0.039791 0.012353
0.742498 0.039146 0.005294
0.749392 0.039098 0.006471
0.760054 0.037919 0.008235
0.772985 0.038601 0.009412
0.790031 0.037725 0.009412
0.803409 0.036144 0.008235
0.815635 0.036581 0.010000
0.829512 0.036519 0.010000
0.092708 0.089859 0.009412
0.190779 0.085294 0.010000
0.282675 0.079568 0.008235
0.295748 0.078903 0.008824
0.131915 0.089056 0.008235
0.177551 0.086460 0.008235
0.206964 0.084831 0.008235
0.235685 0.082979 0.008235
0.249218 0.082966 0.008235
0.269071 0.081255 0.007647
0.308425 0.078235 0.008235
0.321233 0.077619 0.008235
0.369160 0.074865 0.008235
0.486784 0.067021 0.010000
0.102751 0.091029 0.004118
0.112643 0.091006 0.008235
0.121154 0.090471 0.006471
0.146203 0.089220 0.008824
0.159767 0.087902 0.008235
0.220572 0.085297 0.008235
0.331227 0.077537 0.007059
0.357030 0.075580 0.006471
0.381702 0.075442 0.010000
0.388204 0.073906 0.004118
0.394699 0.073642 0.010000
0.168468 0.089017 0.005294
0.259768 0.082449 0.006471
0.335971 0.077922 0.002941
0.340953 0.077278 0.004118
0.347857 0.077114 0.005294
0.494198 0.068057 0.010000
0.506331 0.067210 0.007647
0.517800 0.066536 0.007647
0.548221 0.063913 0.008824
0.531400 0.065567 0.010000
0.597558 0.061833 0.010000
0.603729 0.062272 0.004118
0.564613 0.065098 0.010000
0.611347 0.062144 0.004118
0.619398 0.060839 0.007059
0.658268 0.059241 0.007647
0.632837 0.060644 0.008235
0.669630 0.058859 0.009412
0.573239 0.065840 0.002941
0.581770 0.065419 0.010588
0.645462 0.061367 0.008235
0.676385 0.059641 0.003529
0.680987 0.059315 0.004118
0.688713 0.059140 0.005882
0.693142 0.059280 0.008824
0.703529 0.058089 0.006471
0.712514 0.057585 0.006471
0.728156 0.057272 0.006471
0.745318 0.056105 0.007059
0.721213 0.058300 0.004118
0.735918 0.057201 0.006471
0.759724 0.056487 0.008235
0.772839 0.056055 0.008235
0.787184 0.055012 0.010000
0.803779 0.055147 0.008235
0.814595 0.054560 0.006471
0.825606 0.053959 0.010000
0.376377 0.092752 0.008235
0.488665 0.085257 0.009412
0.095225 0.108857 0.009412
0.108474 0.108489 0.009412
0.131493 0.106565 0.006471
0.157565 0.106095 0.008235
0.169330 0.105271 0.008235
0.178112 0.105285 0.004118
0.190999 0.104004 0.008235
0.265374 0.100325 0.009412
0.283504 0.099608 0.011176
0.332892 0.095645 0.008235
0.341725 0.096286 0.004118
0.362776 0.094907 0.008235
0.390517 0.092503 0.010000
0.142879 0.106670 0.008235
0.203142 0.104482 0.007647
0.211632 0.104102 0.004118
0.220304 0.103730 0.006471
0.236886 0.102870 0.006471
0.301405 0.099605 0.010000
0.350083 0.096476 0.010000
0.503782 0.084101 0.008824
0.228761 0.104143 0.005294
0.249857 0.103036 0.008235
0.318687 0.098380 0.008824
0.122756 0.109208 0.006471
0.535969 0.084830 0.008235
0.519938 0.085590 0.010000
0.525533 0.086471 0.006471
0.548691 0.084048 0.008235
0.563084 0.083204 0.008824
0.573439 0.083556 0.004118
0.579677 0.083427 0.010000
0.044591 0.116084 0.023529
0.587273 0.083694 0.004118
0.594056 0.082859 0.010000
0.629582 0.079552 0.008824
0.658472 0.078319 0.011176
0.669585 0.077432 0.008235
0.681221 0.076943 0.010000
0.603251 0.082547 0.006471
0.614508 0.082755 0.008235
0.642597 0.080421 0.008235
0.650031 0.079654 0.004118
0.701812 0.076754 0.008235
0.728120 0.075212 0.010000
0.714570 0.076996 0.008235
0.742568 0.074555 0.005294
0.749386 0.074925 0.004118
0.757019 0.074537 0.006471
0.769248 0.073658 0.008235
0.785058 0.073747 0.009412
0.797392 0.072603 0.008235
0.809453 0.072319 0.008235
0.819650 0.071676 0.006471
0.828555 0.071934 0.011176
0.092619 0.123352 0.009412
0.370055 0.111171 0.008235
0.391415 0.110505 0.010000
0.103682 0.124903 0.008235
0.163484 0.122912 0.008235
0.311813 0.115623 0.004118
0.334294 0.114610 0.008824
0.378712 0.112248 0.004118
0.385434 0.111420 0.004118
0.116339 0.125007 0.008235
0.136972 0.124208 0.009412
0.151295 0.123780 0.008235
0.197580 0.121784 0.004118
0.254825 0.118925 0.008235
0.288498 0.117128 0.008235
0.302180 0.117006 0.008235
0.320196 0.116134 0.008235
0.351347 0.116030 0.011176
0.485881 0.105420 0.008235
0.509406 0.103902 0.007647
0.518752 0.103683 0.005882
0.189604 0.122325 0.006471
0.207056 0.121379 0.006471
0.224221 0.120822 0.006471
0.360167 0.114687 0.005882
0.498530 0.105673 0.007059
0.526321 0.104123 0.010000
0.174698 0.123613 0.008235
0.179837 0.124383 0.010000
0.217362 0.121750 0.006471
0.238973 0.121256 0.010588
0.245467 0.120542 0.006471
0.270147 0.119204 0.010000
0.278502 0.119481 0.005882
0.542320 0.103312 0.010000
0.560736 0.102964 0.009412
0.572761 0.102131 0.008235
0.584305 0.101731 0.008235
0.602131 0.101144 0.010000
0.617951 0.101257 0.009412
0.631022 0.099670 0.008235
0.643103 0.100328 0.007647
0.713872 0.095263 0.008235
0.655280 0.099709 0.008235
0.682573 0.097677 0.006471
0.700593 0.096915 0.006471
0.725876 0.095283 0.008235
0.670447 0.100163 0.009412
0.692540 0.098129 0.005882
0.733873 0.095557 0.011765
0.750719 0.093761 0.010000
0.791561 0.091337 0.009412
0.881344 0.083682 0.024118
0.804155 0.091238 0.006471
0.765534 0.094402 0.009412
0.777925 0.093942 0.008235
0.825369 0.090291 0.009412
0.811612 0.092556 0.010000
0.154368 0.137615 0.006471
0.093056 0.140132 0.010000
0.134755 0.138695 0.007647
0.145772 0.138199 0.005882
0.487934 0.122520 0.010588
0.107246 0.140046 0.010000
0.122767 0.139338 0.008235
0.167160 0.137782 0.008235
0.178371 0.137730 0.008235
0.358365 0.129800 0.008235
0.502845 0.121887 0.008824
0.043341 0.143137 0.020000
0.370022 0.130921 0.010000
0.377272 0.129855 0.003529
0.391105 0.129045 0.011765
0.517451 0.122300 0.009412
0.534886 0.121003 0.009412
0.210316 0.136525 0.008235
0.247701 0.135971 0.006471
0.285640 0.134589 0.006471
0.293970 0.134529 0.011176
0.340964 0.132390 0.011765
0.382506 0.130193 0.004118
0.546368 0.120061 0.008235
0.550564 0.120193 0.010000
0.038160 0.144667 0.021176
0.192204 0.139302 0.010000
0.220748 0.137275 0.008235
0.231719 0.137315 0.006471
0.240254 0.136932 0.004118
0.264534 0.136470 0.010000
0.305916 0.134368 0.008824
0.322275 0.133985 0.010000
0.331993 0.133098 0.010000
0.349077 0.131968 0.005294
0.558653 0.120129 0.005882
0.569091 0.120021 0.007059
0.257424 0.136340 0.005294
0.276691 0.136411 0.008235
0.593061 0.119227 0.008824
0.580542 0.120388 0.007647
0.610233 0.118743 0.008824
0.621986 0.118675 0.010000
0.637610 0.118495 0.006471
0.646203 0.117697 0.004118
0.662171 0.116215 0.006471
0.674732 0.116327 0.008824
0.688025 0.114720 0.007647
0.652295 0.117591 0.010000
0.708559 0.114586 0.006471
0.717181 0.113945 0.005294
0.039136 0.150398 0.023529
0.698636 0.115907 0.006471
0.724920 0.113880 0.010000
0.736777 0.113850 0.008235
0.791127 0.110840 0.008235
0.804203 0.109361 0.010000
0.811785 0.109020 0.004118
0.821831 0.108447 0.007647
0.751042 0.114080 0.008235
0.762691 0.112758 0.006471
0.770338 0.112970 0.005294
0.780135 0.112538 0.006471
0.832704 0.109202 0.008235
0.095482 0.156984 0.010588
0.487795 0.139296 0.010000
0.111956 0.156806 0.006471
0.120626 0.156298 0.006471
0.164193 0.154727 0.010000
0.178853 0.154189 0.009412
0.233157 0.152912 0.011176
0.345278 0.147599 0.006471
0.498974 0.139773 0.008235
0.512948 0.139687 0.008235
0.527621 0.138544 0.010000
0.140686 0.156431 0.004118
0.149546 0.156334 0.006471
0.157736 0.155650 0.004118
0.192471 0.153866 0.008235
0.215629 0.153208 0.008235
0.329789 0.148608 0.005294
0.336750 0.148247 0.004118
0.359104 0.146998 0.008824
0.132255 0.157224 0.006471
0.203609 0.154202 0.007647
0.224717 0.153392 0.004118
0.277053 0.151454 0.007059
0.288860 0.151126 0.008235
0.300551 0.150170 0.008235
0.311319 0.149520 0.006471
0.321187 0.149527 0.006471
0.372256 0.146992 0.008235
0.385055 0.147208 0.010000
0.568562 0.137583 0.008235
0.247859 0.153229 0.010588
0.252696 0.151842 0.010000
0.265329 0.152172 0.008235
0.389537 0.147275 0.012353
0.543077 0.138929 0.008235
0.555785 0.138665 0.008235
0.580432 0.137722 0.008235
0.592546 0.137377 0.008235
0.603672 0.136684 0.008235
0.617467 0.137137 0.009412
0.630534 0.136159 0.004118
0.637348 0.135804 0.006471
0.646215 0.135706 0.005294
0.655474 0.135713 0.008235
0.669136 0.134669 0.008235
0.685493 0.133455 0.010000
0.709795 0.131718 0.006471
0.699566 0.133599 0.008235
0.718547 0.132941 0.012353
0.733995 0.131755 0.011176
0.739955 0.131613 0.010000
0.750840 0.131519 0.008235
0.761948 0.130948 0.006471
0.790641 0.129321 0.005294
0.799517 0.128923 0.007647
0.768999 0.132107 0.011765
0.782159 0.130349 0.008235
0.813385 0.128517 0.008235
0.823012 0.127461 0.012353
0.829720 0.128242 0.011176
0.087194 0.174178 0.015882
0.097325 0.172519 0.008235
0.109675 0.173692 0.008235
0.136962 0.171758 0.008235
0.149575 0.171278 0.006471
0.158840 0.170967 0.008824
0.483071 0.156243 0.011765
0.122241 0.173535 0.008235
0.163430 0.171486 0.004118
0.171339 0.171228 0.006471
0.488218 0.155414 0.016471
0.179464 0.171098 0.006471
0.390928 0.161611 0.011176
0.500280 0.156529 0.006471
0.193399 0.170405 0.009412
0.207343 0.170926 0.009412
0.222649 0.170054 0.011176
0.516994 0.156123 0.006471
0.229246 0.171612 0.014118
0.240435 0.168970 0.008235
0.335120 0.164915 0.009412
0.348897 0.164342 0.008235
0.361693 0.164029 0.008235
0.375427 0.162991 0.008235
0.509178 0.156911 0.005294
0.525080 0.156576 0.006471
0.252883 0.169244 0.008235
0.297547 0.168277 0.011765
0.319833 0.167475 0.011765
0.548598 0.156107 0.006471
0.562852 0.155018 0.011765
0.266362 0.169632 0.008235
0.279744 0.169380 0.009412
0.536503 0.157685 0.008235
0.571686 0.155604 0.004118
0.579526 0.154450 0.014118
0.587649 0.154870 0.012353
0.603781 0.154568 0.009412
0.555802 0.157148 0.004118
0.617877 0.153414 0.010000
0.634100 0.153472 0.010000
0.651878 0.153588 0.006471
0.644331 0.154160 0.004118
0.660596 0.153647 0.005882
0.671106 0.152370 0.008235
0.680669 0.152002 0.006471
0.692216 0.151879 0.012353
0.708858 0.150873 0.008235
0.698695 0.152540 0.005294
0.749476 0.150250 0.005294
0.722656 0.152004 0.009412
0.735239 0.151375 0.011176
0.741176 0.151369 0.005294
0.757198 0.150979 0.012941
0.767731 0.150589 0.004118
0.773895 0.150503 0.011176
0.785941 0.149117 0.007647
0.794690 0.149115 0.006471
0.804914 0.148918 0.006471
0.813764 0.148393 0.004118
0.820996 0.148504 0.006471
0.832008 0.148671 0.015294
