282.02 112.62 11
531.87 98.46 7
554.28 96.25 10
604.72 93.04 7
614.87 92.25 7
641.65 90.77 11
203.81 119.77 17
225.62 117.91 14
243.15 117.50 11
256.28 115.85 7
439.08 105.32 11
483.57 102.31 14
500.15 99.41 17
521.14 101.05 17
542.29 98.71 7
567.86 97.08 7
579.63 96.49 7
593.84 94.54 19
626.12 92.50 9
657.01 91.91 9
670.57 89.53 19
181.36 120.87 14
266.75 116.11 11
300.04 116.48 12
349.59 112.18 17
411.11 108.43 14
426.38 107.31 7
461.40 105.28 14
510.98 102.44 7
160.38 124.11 17
316.86 115.88 11
374.13 111.82 14
391.17 110.34 11
832.06 81.40 17
327.40 115.74 7
853.33 81.52 11
865.71 81.42 7
880.33 82.94 20
908.19 81.06 19
890.98 82.24 18
920.48 80.45 7
938.95 79.10 14
986.55 77.33 10
1014.49 75.61 11
1054.85 73.71 14
1077.80 70.86 14
1130.30 68.43 14
1149.44 68.18 14
958.75 79.84 14
974.46 78.22 9
1001.26 76.77 7
1033.23 74.13 14
1098.52 70.26 17
1106.16 72.12 19
1184.49 65.81 11
1166.10 69.59 17
1197.81 68.04 7
1234.87 65.79 11
1206.73 67.98 6
1218.57 68.43 9
1249.74 67.65 21
1262.25 66.55 9
1273.97 66.47 11
1292.09 64.46 14
1314.07 65.62 16
1343.05 64.13 16
1365.79 61.44 14
1386.58 62.19 17
1410.17 62.08 17
157.60 152.76 16
324.32 145.00 17
480.55 135.27 14
502.77 134.13 15
224.26 151.40 14
301.84 146.98 14
351.84 144.21 14
400.67 141.06 14
423.67 141.04 14
457.42 138.13 13
524.32 133.00 14
546.10 131.95 14
627.57 127.27 14
827.53 113.94 17
174.68 154.75 7
191.49 154.71 14
205.96 153.80 11
248.55 151.67 15
271.60 149.43 14
374.97 145.00 14
563.09 131.81 12
606.95 128.49 11
648.89 128.25 17
659.95 125.64 7
670.99 125.19 17
286.40 151.33 9
441.61 140.16 11
571.15 132.47 5
579.62 131.37 7
591.36 131.09 9
840.14 115.70 17
860.76 114.26 13
880.26 113.11 13
931.98 108.65 15
903.38 111.46 17
1015.85 105.12 17
1026.34 105.86 7
959.84 110.67 17
1039.29 105.65 7
1052.98 103.43 12
1119.05 100.71 13
1075.82 103.09 14
1138.37 100.06 16
974.51 111.93 5
989.01 111.21 18
1097.29 104.32 14
1149.85 101.39 6
1157.68 100.84 7
1170.81 100.54 10
1178.34 100.78 15
1196.00 98.75 11
1211.27 97.89 11
1237.87 97.36 11
1267.04 95.38 12
1226.06 99.11 7
1251.06 97.24 11
1291.53 96.03 14
1313.83 95.29 14
1338.21 93.52 17
1366.43 93.75 14
1384.81 92.75 11
1403.53 91.73 17
639.84 157.68 14
830.73 144.94 16
161.88 185.06 16
184.41 184.43 16
223.54 181.16 11
267.86 180.36 14
287.86 178.96 14
302.79 178.98 7
324.70 176.81 14
451.14 170.55 16
481.96 169.33 19
565.92 162.60 14
580.93 163.69 7
616.72 161.34 14
663.88 157.25 17
242.89 181.34 14
345.34 177.62 13
359.78 176.97 7
374.52 176.34 11
402.71 174.88 11
512.39 169.33 17
595.14 164.01 17
856.43 142.97 15
388.89 177.04 9
424.76 175.16 14
541.77 167.25 15
208.69 185.65 11
911.15 144.21 14
883.89 145.50 17
893.41 147.00 11
932.77 142.88 14
957.24 141.45 15
974.85 142.04 7
985.45 141.83 17
75.80 197.34 40
998.36 142.28 7
1009.90 140.86 17
1070.29 135.24 15
1119.40 133.14 19
1138.30 131.63 14
1158.08 130.80 17
1025.53 140.33 11
1044.66 140.68 14
1092.41 136.72 14
1105.05 135.41 7
1193.08 130.48 14
1237.80 127.86 17
1214.77 130.89 14
1262.37 126.74 9
1273.96 127.37 7
1286.93 126.71 11
1307.72 125.22 14
1334.60 125.37 16
1355.57 123.42 14
1376.07 122.94 14
1393.41 121.85 11
1408.54 122.29 19
157.45 209.70 16
629.09 188.99 14
665.41 187.86 17
176.26 212.33 14
277.92 208.95 14
530.08 196.56 7
568.30 194.84 15
643.81 190.82 7
655.24 189.41 7
197.78 212.51 14
232.85 211.15 16
257.20 210.43 14
335.89 207.03 7
433.20 202.17 14
490.45 199.12 14
513.71 198.91 14
544.33 197.43 14
597.29 197.25 19
826.00 179.21 14
865.99 176.63 13
881.88 176.26 10
322.33 207.95 11
351.99 206.34 11
381.18 205.40 11
612.28 194.97 10
847.50 179.64 12
894.74 177.01 17
296.99 210.14 14
305.72 211.45 17
369.51 206.98 11
406.25 206.14 18
417.29 204.92 11
459.25 202.65 17
473.45 203.12 10
921.94 175.63 17
953.25 175.04 16
973.69 173.62 14
993.32 172.94 14
1023.62 171.95 17
1050.52 172.14 16
1072.74 169.44 14
1093.28 170.56 13
1213.58 161.95 14
1113.98 169.51 14
1160.37 166.05 11
1191.01 164.76 11
1233.99 161.98 14
1139.76 170.28 16
1177.32 166.82 10
1247.58 162.45 20
1276.22 159.39 17
1345.65 155.27 16
1498.28 142.26 41
1367.06 155.10 11
1301.41 160.48 16
1322.47 159.70 14
1403.13 153.49 16
1379.74 157.34 17
262.42 233.95 11
158.19 238.22 17
229.08 235.78 13
247.81 234.94 10
829.49 208.28 18
182.32 238.08 17
208.70 236.87 14
284.17 234.23 14
303.23 234.14 14
609.22 220.66 14
854.84 207.21 15
73.68 243.33 34
629.04 222.57 17
641.36 220.75 6
664.88 219.38 20
879.67 207.91 16
909.31 205.71 16
357.54 232.09 14
421.09 231.15 11
485.59 228.80 11
499.75 228.70 19
579.64 225.06 20
650.26 221.33 7
928.83 204.10 14
935.96 204.33 17
64.87 245.93 36
326.75 236.81 17
375.27 233.37 14
393.92 233.44 11
408.43 232.78 7
449.71 232.00 17
520.06 228.43 15
547.87 227.77 17
564.39 226.27 17
593.43 224.35 9
949.71 204.22 10
967.45 204.04 12
437.62 231.78 9
470.37 231.90 14
1008.20 202.69 15
986.92 204.66 13
1037.40 201.86 15
1057.38 201.75 17
1083.94 201.44 11
1098.54 200.08 7
1125.69 197.57 11
1147.04 197.76 15
1169.64 195.02 13
1108.90 199.90 17
1204.55 194.80 11
1219.21 193.71 9
66.53 255.68 40
1187.68 197.04 11
1232.36 193.60 17
1252.52 193.55 14
1344.92 188.43 14
1367.15 185.91 17
1380.03 185.33 7
1397.11 184.36 13
1276.77 193.94 14
1296.58 191.69 11
1309.58 192.05 9
1326.23 191.32 11
1415.60 185.64 14
162.32 266.87 18
829.25 236.80 17
190.33 266.57 11
205.06 265.71 11
279.13 263.04 17
304.05 262.12 16
396.37 259.95 19
586.97 250.92 11
848.26 237.61 14
872.01 237.47 14
896.96 235.52 17
239.17 265.93 7
254.23 265.77 11
268.15 264.60 7
327.20 261.57 14
366.57 260.45 14
560.64 252.63 9
572.48 252.02 7
610.48 249.90 15
224.83 267.28 11
346.13 262.14 13
382.02 260.77 7
470.99 257.47 12
491.06 256.91 14
510.94 255.29 14
529.24 254.18 11
546.02 254.20 11
632.83 249.89 14
654.59 250.25 17
966.56 233.89 14
421.36 260.49 18
429.58 258.13 17
451.06 258.69 14
662.21 250.37 21
923.23 236.18 14
944.83 235.73 14
986.73 234.13 14
1007.33 233.54 14
1026.24 232.36 14
1049.69 233.13 16
1071.91 231.47 7
1083.49 230.87 11
1098.57 230.70 9
1114.31 230.71 14
1137.53 228.94 14
1165.34 226.87 17
1206.65 223.92 11
1189.26 227.12 14
1221.53 226.00 21
1247.79 223.98 19
1257.92 223.74 17
1276.43 223.58 14
1295.31 222.61 11
1344.09 219.85 9
1359.18 219.17 13
1307.30 224.58 20
1329.67 221.59 14
1382.75 218.48 14
1399.12 216.68 21
1410.52 218.01 19
148.23 296.10 27
165.45 293.28 14
186.45 295.28 14
232.84 291.99 14
254.28 291.17 11
270.03 290.64 15
821.22 265.61 20
207.81 295.01 14
277.83 291.53 7
291.28 291.09 11
829.97 264.20 28
305.09 290.87 11
664.58 274.74 19
850.48 266.10 11
328.78 289.69 16
352.48 290.57 16
378.50 289.09 19
878.89 265.41 11
389.72 291.74 24
408.74 287.25 14
569.70 280.36 16
593.13 279.38 14
614.88 278.85 14
638.23 277.08 14
865.60 266.75 9
892.64 266.18 11
429.90 287.72 14
505.83 286.07 20
543.72 284.71 20
932.62 265.38 11
956.85 263.53 20
452.82 288.37 14
475.56 287.95 16
912.06 268.06 14
971.87 264.53 7
985.19 262.56 24
999.00 263.28 21
1026.43 262.77 16
944.86 267.15 7
1050.39 260.80 17
1077.97 260.90 17
1108.19 261.10 11
1095.36 262.07 7
1123.01 261.20 10
1140.88 259.03 14
1157.14 258.40 11
1176.77 258.19 21
1205.06 256.48 14
1187.78 259.32 9
1274.11 255.42 9
1228.51 258.41 16
1249.91 257.34 19
1260.00 257.33 9
1287.24 256.66 22
1305.14 256.00 7
1315.62 255.85 19
1336.10 253.50 13
1350.97 253.50 11
1368.35 253.16 11
1383.40 252.27 7
1395.69 252.46 11
1414.41 252.74 26
