0.205069 0.056417 0.006471
0.354078 0.048907 0.004118
0.367905 0.048885 0.005882
0.397086 0.046412 0.004118
0.404201 0.046863 0.004118
0.417949 0.045227 0.006471
0.157643 0.061663 0.010000
0.171637 0.059705 0.008235
0.180854 0.057800 0.006471
0.189648 0.058689 0.004118
0.297895 0.053367 0.006471
0.323656 0.051363 0.008235
0.336684 0.049490 0.010000
0.344390 0.049874 0.010000
0.359258 0.050159 0.004118
0.375208 0.049500 0.004118
0.381510 0.048823 0.004118
0.391327 0.047336 0.011176
0.410253 0.047927 0.005294
0.428496 0.045997 0.005294
0.437811 0.044783 0.011176
0.146565 0.061100 0.008235
0.196934 0.058548 0.006471
0.215530 0.059288 0.007059
0.245043 0.056526 0.010000
0.282048 0.055091 0.008235
0.291247 0.054118 0.004118
0.311395 0.053551 0.008235
0.341517 0.051291 0.004118
0.132440 0.061622 0.010000
0.225948 0.057353 0.006471
0.260104 0.055499 0.008235
0.268905 0.056120 0.006471
0.532280 0.043175 0.010000
0.232243 0.058919 0.004118
0.544576 0.044528 0.006471
0.552218 0.043979 0.004118
0.561701 0.044913 0.011765
0.578347 0.044748 0.011176
0.567228 0.046752 0.010588
0.584524 0.045105 0.004118
0.597134 0.044826 0.008235
0.624523 0.043351 0.005882
0.640736 0.044352 0.006471
0.667959 0.043513 0.008235
0.679641 0.043386 0.008235
0.710429 0.044449 0.008235
0.720998 0.043585 0.008235
0.607836 0.044355 0.008235
0.616307 0.044481 0.005294
0.632927 0.044292 0.004118
0.650636 0.044067 0.008235
0.691357 0.043379 0.010000
0.695908 0.044080 0.011176
0.742084 0.044881 0.006471
0.730959 0.045820 0.010000
0.749853 0.045723 0.004118
0.772267 0.045671 0.006471
0.756037 0.046714 0.003529
0.763583 0.047786 0.005294
0.781329 0.046750 0.012353
0.787605 0.047250 0.005294
0.795461 0.047244 0.006471
0.807975 0.050053 0.008235
0.817800 0.050173 0.009412
0.837470 0.052857 0.009412
0.847676 0.051244 0.008235
0.861490 0.051008 0.010000
0.877555 0.053162 0.010000
0.130122 0.079102 0.009412
0.228948 0.075338 0.010000
0.323915 0.070289 0.008235
0.337178 0.069741 0.008824
0.170324 0.077153 0.008235
0.216960 0.077720 0.008235
0.248648 0.073973 0.008235
0.275013 0.072366 0.008235
0.289008 0.072617 0.008235
0.310366 0.071778 0.007647
0.350322 0.070313 0.008235
0.362736 0.068625 0.008235
0.410445 0.066215 0.008235
0.529630 0.061589 0.010000
0.140760 0.080815 0.004118
0.150464 0.080403 0.008235
0.159793 0.078145 0.006471
0.185119 0.078423 0.008824
0.199359 0.076294 0.008235
0.260312 0.074327 0.008235
0.372516 0.068210 0.007059
0.398683 0.066252 0.006471
0.422544 0.066082 0.010000
0.430027 0.065901 0.004118
0.436664 0.065228 0.010000
0.207825 0.078265 0.005294
0.299684 0.073095 0.006471
0.376836 0.068301 0.002941
0.382155 0.068996 0.004118
0.389186 0.068875 0.005294
0.539289 0.061255 0.010000
0.549354 0.062936 0.007647
0.561514 0.061859 0.007647
0.593636 0.062040 0.008824
0.574965 0.061691 0.010000
0.641228 0.061751 0.010000
0.648863 0.062012 0.004118
0.610352 0.063189 0.010000
0.655923 0.063049 0.004118
0.663146 0.062042 0.007059
0.704064 0.062326 0.007647
0.676873 0.063074 0.008235
0.715745 0.063207 0.009412
0.617376 0.064320 0.002941
0.625356 0.065021 0.010588
0.690866 0.061467 0.008235
0.721325 0.064295 0.003529
0.727015 0.064327 0.004118
0.734155 0.064527 0.005882
0.739331 0.064223 0.008824
0.749762 0.064081 0.006471
0.760064 0.063838 0.006471
0.774382 0.064190 0.006471
0.790982 0.065952 0.007059
0.766339 0.065323 0.004118
0.780978 0.066349 0.006471
0.806516 0.067247 0.008235
0.819000 0.067159 0.008235
0.835194 0.067098 0.010000
0.850619 0.068407 0.008235
0.860962 0.068853 0.006471
0.873762 0.071319 0.010000
0.418932 0.085980 0.008235
0.532556 0.077394 0.009412
0.132635 0.097648 0.009412
0.147845 0.096167 0.009412
0.171739 0.096793 0.006471
0.196286 0.094657 0.008235
0.208150 0.095407 0.008235
0.217758 0.093414 0.004118
0.231038 0.093871 0.008235
0.305156 0.089708 0.009412
0.322773 0.088101 0.011176
0.374471 0.087800 0.008235
0.383723 0.086476 0.004118
0.405572 0.085385 0.008235
0.432718 0.084514 0.010000
0.182275 0.095718 0.008235
0.243531 0.093568 0.007647
0.251896 0.093495 0.004118
0.260043 0.092619 0.006471
0.277197 0.090226 0.006471
0.342926 0.087642 0.010000
0.392382 0.085286 0.010000
0.546834 0.081731 0.008824
0.269123 0.092555 0.005294
0.290067 0.090895 0.008235
0.361131 0.088515 0.008824
0.160036 0.098223 0.006471
0.580794 0.079911 0.008235
0.563279 0.082356 0.010000
0.568477 0.081110 0.006471
0.593642 0.079249 0.008235
0.606015 0.081492 0.008824
0.617225 0.081805 0.004118
0.622424 0.082531 0.010000
0.084583 0.102253 0.023529
0.631350 0.081690 0.004118
0.636710 0.082101 0.010000
0.675793 0.080739 0.008824
0.702914 0.081109 0.011176
0.714744 0.080105 0.008235
0.726337 0.083444 0.010000
0.646609 0.082316 0.006471
0.658677 0.081506 0.008235
0.687650 0.081894 0.008235
0.695627 0.082237 0.004118
0.747606 0.082242 0.008235
0.774560 0.082844 0.010000
0.759790 0.083281 0.008235
0.788521 0.084682 0.005294
0.795806 0.084646 0.004118
0.804474 0.084609 0.006471
0.815457 0.085472 0.008235
0.833584 0.087036 0.009412
0.844213 0.085633 0.008235
0.855023 0.087363 0.008235
0.865664 0.087814 0.006471
0.875790 0.089340 0.011176
0.131198 0.112205 0.009412
0.412135 0.101217 0.008235
0.434574 0.100400 0.010000
0.142947 0.113628 0.008235
0.202129 0.110250 0.008235
0.352597 0.105745 0.004118
0.376814 0.106193 0.008824
0.421183 0.102805 0.004118
0.427609 0.103225 0.004118
0.154232 0.115402 0.008235
0.174299 0.114514 0.009412
0.189741 0.112710 0.008235
0.236794 0.111225 0.004118
0.294543 0.108081 0.008235
0.329656 0.106134 0.008235
0.344524 0.106767 0.008235
0.362308 0.104710 0.008235
0.392899 0.105609 0.011176
0.529831 0.100060 0.008235
0.553727 0.098693 0.007647
0.562775 0.098567 0.005882
0.228497 0.111405 0.006471
0.247032 0.112257 0.006471
0.265167 0.111579 0.006471
0.401838 0.104006 0.005882
0.542296 0.099780 0.007059
0.570115 0.098416 0.010000
0.214648 0.112767 0.008235
0.220266 0.114441 0.010000
0.257534 0.111213 0.006471
0.279310 0.110888 0.010588
0.285512 0.110081 0.006471
0.310305 0.109211 0.010000
0.318675 0.110581 0.005882
0.587474 0.099757 0.010000
0.601846 0.099665 0.009412
0.616177 0.099922 0.008235
0.629459 0.100223 0.008235
0.646120 0.100296 0.010000
0.662688 0.101697 0.009412
0.675123 0.102121 0.008235
0.688849 0.103079 0.007647
0.759307 0.102270 0.008235
0.700386 0.102984 0.008235
0.728338 0.101422 0.006471
0.746489 0.102131 0.006471
0.771909 0.104306 0.008235
0.716012 0.100779 0.009412
0.737116 0.102321 0.005882
0.780265 0.103851 0.011765
0.797325 0.102342 0.010000
0.838487 0.103195 0.009412
0.930101 0.108817 0.024118
0.851140 0.106569 0.006471
0.812905 0.104694 0.009412
0.825744 0.106908 0.008235
0.873825 0.106846 0.009412
0.859887 0.106173 0.010000
0.192738 0.128990 0.006471
0.128870 0.130301 0.010000
0.173032 0.130498 0.007647
0.185188 0.129765 0.005882
0.529851 0.115792 0.010588
0.145351 0.133664 0.010000
0.160919 0.130476 0.008235
0.205255 0.129515 0.008235
0.216987 0.129108 0.008235
0.400027 0.120391 0.008235
0.546097 0.117213 0.008824
0.082268 0.136626 0.020000
0.410326 0.121462 0.010000
0.419012 0.121115 0.003529
0.432053 0.120749 0.011765
0.560038 0.117504 0.009412
0.576859 0.117142 0.009412
0.250871 0.127659 0.008235
0.287880 0.127765 0.006471
0.326506 0.124963 0.006471
0.334014 0.125427 0.011176
0.382480 0.122008 0.011765
0.425033 0.122411 0.004118
0.591453 0.117203 0.008235
0.594925 0.116660 0.010000
0.075798 0.138147 0.021176
0.230541 0.129641 0.010000
0.261683 0.129851 0.008235
0.271997 0.127464 0.006471
0.281031 0.127425 0.004118
0.307002 0.126292 0.010000
0.347205 0.125691 0.008824
0.363573 0.124197 0.010000
0.374536 0.123199 0.010000
0.390372 0.123580 0.005294
0.602028 0.117170 0.005882
0.613528 0.116672 0.007059
0.298053 0.127371 0.005294
0.316708 0.125633 0.008235
0.636975 0.116057 0.008824
0.624974 0.119271 0.007647
0.655409 0.116977 0.008824
0.666582 0.118264 0.010000
0.683301 0.118992 0.006471
0.691268 0.119263 0.004118
0.708000 0.118206 0.006471
0.722197 0.118247 0.008824
0.735173 0.118045 0.007647
0.698266 0.118618 0.010000
0.754739 0.119947 0.006471
0.762967 0.119804 0.005294
0.076932 0.140645 0.023529
0.744855 0.120755 0.006471
0.771583 0.120921 0.010000
0.783921 0.121715 0.008235
0.839310 0.124944 0.008235
0.851384 0.123109 0.010000
0.859356 0.123466 0.004118
0.869683 0.123857 0.007647
0.798197 0.121065 0.008235
0.809942 0.122434 0.006471
0.817887 0.123555 0.005294
0.826729 0.124079 0.006471
0.880452 0.124773 0.008235
0.133979 0.151554 0.010588
0.531857 0.133822 0.010000
0.150327 0.148878 0.006471
0.158964 0.149520 0.006471
0.203806 0.148741 0.010000
0.216889 0.147589 0.009412
0.271851 0.144238 0.011176
0.386650 0.139464 0.006471
0.554764 0.135196 0.008235
0.571349 0.134412 0.010000
0.179782 0.149974 0.004118
0.188179 0.149453 0.006471
0.196205 0.148571 0.004118
0.232212 0.147708 0.008235
0.256021 0.145342 0.008235
0.370116 0.141515 0.005294
0.378559 0.140957 0.004118
0.400853 0.139420 0.008824
0.171593 0.150683 0.006471
0.242291 0.147453 0.007647
0.264723 0.147441 0.004118
0.317878 0.143962 0.007059
0.331588 0.143405 0.008235
0.342134 0.141246 0.008235
0.352929 0.142636 0.006471
0.362023 0.142364 0.006471
0.415026 0.139130 0.008235
0.427100 0.139191 0.010000
0.614122 0.133341 0.008235
0.288706 0.146482 0.010588
0.292741 0.146515 0.010000
0.306303 0.144544 0.008235
0.431187 0.138506 0.012353
0.587073 0.134347 0.008235
0.602209 0.135081 0.008235
0.623769 0.133752 0.008235
0.637134 0.135502 0.008235
0.648312 0.133948 0.008235
0.663045 0.136158 0.009412
0.675573 0.136141 0.004118
0.682735 0.137042 0.006471
0.692125 0.136221 0.005294
0.701249 0.138424 0.008235
0.713229 0.137125 0.008235
0.729319 0.137827 0.010000
0.755637 0.137643 0.006471
0.745749 0.138466 0.008235
0.766140 0.138830 0.012353
0.779633 0.139297 0.011176
0.784979 0.137547 0.010000
0.797086 0.141210 0.008235
0.808054 0.139951 0.006471
0.837516 0.141866 0.005294
0.847309 0.141048 0.007647
0.815247 0.141574 0.011765
0.829129 0.142381 0.008235
0.860960 0.141300 0.008235
0.872856 0.142129 0.012353
0.877386 0.144846 0.011176
0.126735 0.166571 0.015882
0.135671 0.166051 0.008235
0.147470 0.167013 0.008235
0.175348 0.165687 0.008235
0.187364 0.166440 0.006471
0.199524 0.166311 0.008824
0.524347 0.149225 0.011765
0.160199 0.166907 0.008235
0.201979 0.166037 0.004118
0.209842 0.164134 0.006471
0.533365 0.148742 0.016471
0.218658 0.165837 0.006471
0.431197 0.154538 0.011176
0.543641 0.152048 0.006471
0.233501 0.165127 0.009412
0.248490 0.164093 0.009412
0.261852 0.164377 0.011176
0.561338 0.151631 0.006471
0.268143 0.164928 0.014118
0.279173 0.163595 0.008235
0.377099 0.158228 0.009412
0.391379 0.158642 0.008235
0.403558 0.159139 0.008235
0.416596 0.157347 0.008235
0.552301 0.153714 0.005294
0.568891 0.153596 0.006471
0.293409 0.163178 0.008235
0.336686 0.161917 0.011765
0.361894 0.162376 0.011765
0.592209 0.154087 0.006471
0.609177 0.153103 0.011765
0.305913 0.162142 0.008235
0.318641 0.162956 0.009412
0.580457 0.153979 0.008235
0.616062 0.152864 0.004118
0.625033 0.152528 0.014118
0.631274 0.153597 0.012353
0.650600 0.154526 0.009412
0.599936 0.154455 0.004118
0.662272 0.155362 0.010000
0.680758 0.154588 0.010000
0.696470 0.155086 0.006471
0.689543 0.155956 0.004118
0.705022 0.155784 0.005882
0.715623 0.157209 0.008235
0.726243 0.155823 0.006471
0.735990 0.157966 0.012353
0.752848 0.157205 0.008235
0.744109 0.156975 0.005294
0.796190 0.159210 0.005294
0.767351 0.157936 0.009412
0.780309 0.159022 0.011176
0.787699 0.159127 0.005294
0.803694 0.163532 0.012941
0.814240 0.160201 0.004118
0.821982 0.160527 0.011176
0.831804 0.161509 0.007647
0.842089 0.161483 0.006471
0.851828 0.161689 0.006471
0.860441 0.162735 0.004118
0.868049 0.162910 0.006471
0.879956 0.163528 0.015294
