348.62 95.91 11
601.93 83.14 7
625.44 83.10 10
675.05 78.90 7
687.14 79.67 7
710.51 76.89 11
267.99 104.83 17
291.78 101.50 14
307.45 98.26 11
322.40 99.77 7
506.42 90.72 11
550.22 87.32 14
572.36 84.13 17
585.46 84.79 17
610.74 85.27 7
637.85 84.15 7
648.57 83.00 7
665.26 80.47 19
697.43 81.48 9
728.44 78.20 9
744.28 76.13 19
249.16 103.87 14
334.79 99.53 11
366.40 100.79 12
416.57 96.09 17
479.48 93.66 14
495.12 92.00 7
529.37 91.04 14
580.58 87.19 7
225.15 104.76 17
384.11 97.50 11
442.18 94.35 14
457.14 95.40 11
904.88 73.40 17
394.81 100.16 7
925.78 75.70 11
938.77 74.76 7
954.89 76.35 20
983.19 76.07 19
964.29 79.48 18
993.69 76.68 7
1015.13 76.20 14
1061.69 73.70 10
1089.25 75.40 11
1135.53 73.97 14
1155.39 73.76 14
1207.73 75.56 14
1225.70 74.09 14
1033.32 75.40 14
1047.72 75.62 9
1075.98 75.30 7
1106.08 74.91 14
1175.31 73.74 17
1183.04 74.94 19
1261.54 76.30 11
1242.63 77.89 17
1274.75 77.73 7
1312.85 77.64 11
1285.26 79.41 6
1298.09 81.24 9
1328.26 79.47 21
1338.93 80.32 9
1352.28 80.32 11
1373.56 85.09 14
1390.26 85.29 16
1423.70 89.86 16
1441.05 87.12 14
1464.53 86.71 17
1491.84 90.38 17
221.21 134.47 16
389.21 128.08 17
550.66 119.49 14
573.20 118.56 15
289.55 131.16 14
368.83 132.12 14
422.70 125.75 14
467.52 123.02 14
491.31 123.45 14
527.62 122.02 13
595.55 119.53 14
616.65 116.66 14
697.76 112.57 14
900.37 104.70 17
239.29 137.39 7
255.79 136.69 14
271.65 132.85 11
314.70 133.32 15
338.91 129.70 14
442.53 126.36 14
633.28 115.96 12
677.76 112.63 11
718.32 112.34 17
731.05 112.03 7
742.33 110.89 17
353.30 133.05 9
509.46 124.26 11
640.62 116.11 5
649.66 117.29 7
661.62 117.09 9
916.79 104.13 17
933.90 106.99 13
954.57 105.16 13
1009.18 105.47 15
977.44 104.87 17
1090.09 104.98 17
1103.07 105.42 7
1037.60 107.42 17
1115.07 107.18 7
1127.35 105.47 12
1196.91 105.95 13
1150.68 107.23 14
1216.77 107.45 16
1049.54 109.34 5
1063.10 110.54 18
1174.47 104.49 14
1226.25 109.30 6
1235.93 109.36 7
1248.06 109.70 10
1256.86 109.18 15
1274.60 108.94 11
1292.11 108.52 11
1316.45 109.12 11
1344.67 112.12 12
1302.78 111.05 7
1327.66 112.79 11
1371.08 114.32 14
1392.30 114.17 14
1419.83 114.07 17
1446.05 116.29 14
1463.64 117.05 11
1485.40 121.24 17
712.19 146.17 14
905.35 131.57 16
225.48 166.00 16
251.34 163.48 16
291.96 164.55 11
333.69 160.92 14
353.86 162.19 14
370.19 158.80 7
392.76 159.58 14
518.76 152.50 16
548.71 149.77 19
636.60 149.26 14
652.33 147.01 7
689.47 145.16 14
735.62 143.67 17
309.87 162.72 14
414.00 159.07 13
428.22 158.94 7
442.07 157.45 11
471.24 153.38 11
582.97 148.99 17
667.05 144.99 17
929.62 138.94 15
457.51 157.34 9
493.11 154.52 14
613.92 150.48 15
272.06 166.98 11
987.35 135.85 14
957.57 140.01 17
966.41 137.89 11
1009.19 134.72 14
1030.23 138.54 15
1049.28 139.07 7
1058.12 140.30 17
143.79 173.83 40
1073.29 138.87 7
1082.41 139.57 17
1148.85 137.26 15
1194.95 137.89 19
1215.06 136.18 14
1234.77 141.86 17
1099.23 139.94 11
1119.75 138.56 14
1169.01 139.22 14
1182.57 139.80 7
1270.93 139.81 14
1316.75 140.83 17
1291.64 141.58 14
1340.48 143.96 9
1352.87 143.90 7
1367.61 143.84 11
1386.28 145.30 14
1417.09 147.96 16
1435.16 145.58 14
1453.54 148.52 14
1471.63 149.28 11
1488.84 151.88 19
223.04 190.75 16
700.63 172.07 14
738.78 170.68 17
243.01 193.17 14
343.62 187.42 14
599.41 179.77 7
640.58 180.53 15
716.01 174.77 7
726.94 175.48 7
262.19 196.18 14
296.31 194.67 16
322.56 191.61 14
402.55 189.08 7
500.72 183.74 14
560.42 180.43 14
585.69 181.50 14
615.92 178.01 14
667.93 179.54 19
900.71 170.10 14
941.34 167.78 13
956.72 167.56 10
388.44 189.39 11
419.95 190.84 11
450.78 189.68 11
683.12 176.81 10
921.90 169.63 12
969.19 167.31 17
364.90 191.70 14
374.45 194.55 17
437.81 189.06 11
474.83 188.51 18
485.37 187.14 11
527.52 185.66 17
541.75 187.99 10
998.71 169.59 17
1023.14 169.43 16
1047.50 169.87 14
1070.08 170.38 14
1098.40 170.50 17
1126.57 172.89 16
1147.71 173.61 14
1171.04 175.23 13
1290.82 173.86 14
1190.66 175.07 14
1238.17 172.42 11
1269.03 173.62 11
1312.24 177.32 14
1217.22 171.32 16
1253.10 173.95 10
1326.45 176.55 20
1355.45 173.98 17
1425.43 175.43 16
1581.17 184.99 41
1446.94 181.17 11
1381.94 177.98 16
1403.76 181.74 14
1485.50 181.64 16
1461.81 180.49 17
327.65 219.28 11
219.08 221.51 17
294.15 221.85 13
314.82 220.60 10
900.75 196.85 18
247.10 227.23 17
273.56 221.81 14
348.93 220.18 14
368.88 219.48 14
680.05 204.66 14
928.37 199.26 15
139.85 232.26 34
697.55 206.48 17
712.32 205.89 6
734.49 205.27 20
952.06 199.76 16
980.66 199.14 16
426.48 217.02 14
489.40 217.20 11
555.06 212.44 11
567.82 213.23 19
650.22 207.41 20
722.56 208.10 7
1005.47 199.24 14
1011.37 198.32 17
128.86 234.85 36
391.92 220.39 17
444.86 220.75 14
462.39 216.69 11
477.75 216.62 7
521.90 214.70 17
590.25 213.68 15
618.07 211.13 17
636.71 209.44 17
663.63 210.09 9
1023.45 199.19 10
1043.00 198.34 12
506.69 216.53 9
538.40 213.58 14
1082.86 197.30 15
1062.46 202.76 13
1114.20 198.86 15
1133.19 201.05 17
1161.61 202.29 11
1175.16 202.75 7
1203.60 200.95 11
1227.74 201.02 15
1249.79 200.68 13
1187.05 201.65 17
1283.06 203.91 11
1297.04 203.67 9
130.78 239.10 40
1266.25 205.28 11
1311.69 205.57 17
1332.67 206.91 14
1426.83 212.40 14
1447.35 209.28 17
1460.91 209.89 7
1478.46 210.56 13
1356.93 205.81 14
1376.90 208.14 11
1390.41 210.04 9
1405.44 210.93 11
1496.77 212.11 14
227.76 257.64 18
904.16 227.50 17
255.56 253.09 11
270.24 254.18 11
346.47 252.86 17
368.71 250.90 16
462.15 245.20 19
657.30 237.09 11
943.10 229.83 14
971.29 228.50 17
305.63 254.96 7
319.90 254.07 11
333.55 252.57 7
394.76 251.10 14
435.24 247.08 14
629.20 240.57 9
643.55 239.63 7
681.45 237.01 15
291.71 256.16 11
411.89 250.67 13
450.03 250.65 7
540.39 244.73 12
563.70 243.79 14
581.63 240.12 14
599.98 242.48 11
615.44 242.02 11
705.54 236.52 14
726.07 236.63 17
1044.01 226.68 14
490.80 249.02 18
497.66 249.07 17
520.71 245.72 14
733.02 235.46 21
998.02 228.39 14
1023.75 229.64 14
1060.41 227.38 14
1083.13 230.35 14
1102.13 227.71 14
1127.18 231.47 16
1148.47 231.44 7
1160.65 232.97 11
1176.61 231.58 9
1192.12 235.32 14
1212.49 233.11 14
1239.84 234.31 17
1284.58 233.99 11
1267.77 235.39 14
1302.44 236.01 21
1325.38 236.80 19
1334.46 233.83 17
1355.05 240.06 14
1373.69 237.92 11
1423.78 241.17 9
1440.43 239.78 13
1385.92 240.68 20
1409.52 242.05 14
1463.63 240.21 14
1483.86 241.62 21
1491.56 246.24 19
215.45 283.17 27
230.64 282.29 14
250.70 283.92 14
298.09 281.67 14
318.52 282.95 11
339.19 282.73 15
891.39 253.68 20
272.34 283.74 14
343.36 282.26 7
356.73 279.03 11
906.72 252.86 28
371.72 281.92 11
733.03 262.71 19
924.19 258.48 11
396.95 280.72 16
422.43 278.96 16
445.15 279.44 19
954.28 257.77 11
455.84 280.38 24
474.59 278.11 14
641.07 268.99 16
665.34 269.69 14
686.05 270.54 14
708.21 267.49 14
938.91 261.31 9
967.12 261.11 11
498.80 277.40 14
572.37 275.26 20
615.22 276.04 20
1006.75 261.95 11
1035.60 260.28 20
520.05 275.64 14
541.69 277.03 16
986.78 261.76 14
1047.31 259.87 7
1062.56 259.30 24
1073.17 261.12 21
1106.02 262.69 16
1019.89 262.57 7
1125.86 264.12 17
1157.29 262.80 17
1184.00 263.65 11
1172.22 265.12 7
1198.54 264.83 10
1216.56 267.25 14
1234.61 264.90 11
1251.18 268.54 21
1279.84 267.25 14
1264.99 266.86 9
1353.52 270.66 9
1304.50 268.49 16
1326.52 270.34 19
1339.09 270.52 9
1366.28 278.01 22
1384.21 272.34 7
1397.37 272.90 19
1414.07 274.56 13
1431.55 274.52 11
1448.11 274.87 11
1462.75 276.65 7
1475.68 276.95 11
1495.93 278.00 26
