0.463452 0.070658 0.010461
0.475270 0.070792 0.011043
0.488050 0.067915 0.009773
0.500312 0.067818 0.009238
0.514178 0.068078 0.010470
0.525291 0.066198 0.009841
0.540086 0.063041 0.010190
0.551072 0.062405 0.009206
0.586610 0.060625 0.006149
0.599431 0.058857 0.011005
0.611864 0.058858 0.007697
0.623958 0.054873 0.009102
0.637871 0.055095 0.009299
0.649603 0.054923 0.007967
0.661158 0.052366 0.009257
0.674595 0.052567 0.010062
0.404931 0.245692 0.009622
0.419070 0.245476 0.009539
0.430646 0.247421 0.009577
0.444930 0.248605 0.009512
0.455582 0.247824 0.009470
0.469674 0.248585 0.009550
0.479927 0.248145 0.009491
0.493557 0.248546 0.009481
0.505424 0.250372 0.009583
0.515874 0.250135 0.009645
0.531249 0.250902 0.009427
0.542137 0.249525 0.009607
0.554356 0.246370 0.009633
0.567981 0.248503 0.009535
0.578597 0.245850 0.009638
0.592803 0.246923 0.009495
0.402913 0.213323 0.009496
0.416874 0.212722 0.009512
0.428167 0.214512 0.009428
0.442633 0.215068 0.009585
0.454711 0.217746 0.009569
0.465232 0.216270 0.009592
0.478551 0.216043 0.009593
0.489789 0.216610 0.009537
0.501833 0.215999 0.009400
0.513772 0.217896 0.009550
0.528301 0.215627 0.009436
0.539069 0.214695 0.009487
0.553487 0.215850 0.009426
0.564615 0.215633 0.009608
0.578474 0.212717 0.009516
0.589509 0.213687 0.009437
0.406387 0.179547 0.009555
0.418272 0.178059 0.009429
0.431987 0.180633 0.009332
0.445000 0.181448 0.009607
0.456680 0.182577 0.009613
0.466930 0.179093 0.009510
0.478961 0.180916 0.009504
0.491636 0.181189 0.009392
0.508830 0.180956 0.009400
0.517886 0.182774 0.009589
0.529801 0.182423 0.009576
0.540345 0.179657 0.009575
0.553959 0.180749 0.009485
0.565898 0.179923 0.009577
0.579803 0.180668 0.009617
0.590971 0.179682 0.009625
0.703370 0.282590 0.014501
0.720771 0.283817 0.016201
0.739694 0.283329 0.012893
0.754585 0.282529 0.012753
0.769674 0.281946 0.012542
0.786232 0.282321 0.013014
0.804167 0.282484 0.013732
0.818511 0.282431 0.012169
0.835306 0.281655 0.014759
0.850805 0.282962 0.013289
0.866551 0.281631 0.013428
0.884744 0.283746 0.015108
0.901619 0.283001 0.014070
0.917579 0.282646 0.014876
0.933047 0.281824 0.014061
0.950774 0.282918 0.011979
0.703426 0.233935 0.013679
0.721109 0.237876 0.013985
0.737530 0.237428 0.013517
0.754336 0.236938 0.012161
0.768160 0.237737 0.010024
0.785826 0.237133 0.010814
0.802581 0.236242 0.010932
0.819540 0.235642 0.015738
0.836282 0.238112 0.013518
0.851363 0.237591 0.011913
0.868293 0.237228 0.015501
0.885570 0.237436 0.012879
0.902070 0.237610 0.012883
0.917480 0.236575 0.011589
0.933941 0.237076 0.016089
0.950841 0.236620 0.014748
0.067962 0.095210 0.003563
0.078154 0.092869 0.003344
0.086252 0.091738 0.003811
0.095018 0.090672 0.003427
0.104209 0.089101 0.003674
0.113020 0.087782 0.003847
0.121748 0.086294 0.003833
0.130600 0.084799 0.003822
0.149049 0.081819 0.003539
0.157501 0.080621 0.003795
0.167146 0.078278 0.003610
0.175443 0.076976 0.003481
0.184702 0.075315 0.003807
0.071868 0.075172 0.003527
0.080867 0.073010 0.003353
0.089319 0.071829 0.003374
0.098694 0.070584 0.003658
0.108007 0.069091 0.003442
0.116320 0.067196 0.003452
0.125188 0.065764 0.003535
0.134242 0.064873 0.003592
0.143301 0.063449 0.003362
0.152673 0.061644 0.003613
0.161225 0.059682 0.003734
0.169829 0.058771 0.003772
0.179396 0.056889 0.003667
0.188315 0.054992 0.003624
0.076236 0.053746 0.003556
0.084439 0.053182 0.003437
0.093500 0.051865 0.003772
0.102678 0.050122 0.003728
0.110943 0.048895 0.003790
0.120493 0.047196 0.003772
0.128785 0.045849 0.003631
0.138118 0.043799 0.003247
0.147323 0.042512 0.003530
0.156326 0.040996 0.003643
0.164712 0.040149 0.003554
0.174383 0.038004 0.003225
0.182915 0.036563 0.004030
0.192800 0.034516 0.003371
