955.99 835.16 16
1009.06 829.70 12
1062.73 829.10 14
1115.60 828.71 16
1166.60 828.98 12
1222.20 826.21 17
1275.80 828.82 15
1326.67 827.50 16
1379.79 830.80 19
1431.66 831.98 15
1486.74 837.34 14
1536.45 837.19 16
1593.21 843.15 13
1645.47 846.89 16
1698.05 852.25 11
1753.93 855.79 18
1804.70 862.05 17
1857.03 862.96 16
1911.29 869.02 14
1963.99 873.71 15
2015.76 880.25 13
2070.07 886.08 12
2120.45 888.94 15
2176.30 890.78 14
2229.24 895.02 16
2282.39 892.66 14
2334.01 899.29 16
2387.77 898.29 15
2441.83 901.68 13
2494.68 899.95 16
1397.06 860.79 2
1452.42 863.93 3
1505.47 866.77 3
1560.97 870.48 2
1615.64 874.76 2
1670.01 879.02 3
1725.84 884.11 2
1780.10 889.22 2
1834.43 893.97 2
1982.39 907.49 2
2037.16 911.57 2
2091.46 915.97 2
2146.04 920.10 3
2201.03 923.63 2
2255.62 926.73 2
2310.48 928.54 2
2364.62 929.90 2
2419.07 931.15 2
2474.34 930.77 2
957.48 743.11 13
1008.58 741.14 14
1064.10 739.86 13
1115.93 737.29 16
1169.59 735.79 17
1225.07 737.05 14
1276.30 738.05 15
1328.46 741.88 16
1382.60 742.41 15
1436.00 745.59 17
1489.50 745.94 14
1539.21 749.93 16
1592.40 754.90 12
1648.57 758.06 14
1701.21 761.20 15
1754.41 768.47 13
1807.65 770.87 16
1860.19 778.96 13
1911.46 781.04 15
1965.34 785.64 16
2018.17 790.75 15
2070.21 792.79 12
2125.72 799.62 15
2177.82 799.68 15
2230.00 802.56 12
2285.17 803.27 15
2337.62 809.24 14
2390.21 807.39 12
2442.92 809.25 12
2494.67 808.78 15
2548.80 808.37 15
2605.05 807.61 17
956.46 652.32 15
1013.47 651.09 14
1064.14 650.16 14
1169.56 649.03 17
1225.23 648.60 12
1276.99 653.25 14
1332.34 656.57 18
1383.98 656.65 15
1438.65 658.73 15
1488.90 660.43 15
1544.18 666.60 17
1599.13 669.73 16
1649.11 674.98 11
1704.06 677.86 15
1755.31 680.74 14
1808.89 685.24 13
1862.77 690.06 15
1914.01 694.37 13
1965.56 696.53 14
2022.36 701.51 17
2075.17 704.63 12
2123.82 708.72 15
2182.41 712.16 16
2231.09 712.91 14
2286.60 716.76 11
2339.56 716.48 13
2392.31 718.08 13
2444.86 719.86 12
2495.10 719.09 12
2548.10 714.15 14
959.94 564.92 14
1011.68 564.14 15
1063.57 562.78 16
1117.64 563.81 12
1173.16 561.86 17
1225.15 566.47 14
1275.46 568.60 11
1330.91 572.62 13
1385.73 573.04 16
1434.99 576.71 15
1492.81 582.11 14
1544.21 585.60 14
1596.43 590.68 14
1647.72 592.79 14
1699.02 600.40 19
1754.61 601.23 11
1807.23 601.53 15
1860.95 607.83 15
1914.71 609.60 13
1964.69 612.93 15
2019.51 615.14 15
2071.64 618.07 16
2127.25 622.21 15
2178.78 623.79 17
2231.81 624.33 16
2285.48 626.22 15
2339.43 628.62 15
2391.20 626.71 14
2444.30 626.22 14
2496.82 626.63 15
2552.92 625.80 15
956.31 474.28 12
1011.16 476.61 17
1065.25 473.17 15
1114.76 474.78 15
1168.95 478.01 15
1220.95 482.78 16
1276.31 487.42 18
1381.57 494.08 14
1435.42 497.84 15
1489.86 502.08 15
1542.48 505.40 15
1595.48 510.15 12
1648.20 513.17 14
1701.28 515.24 14
1753.44 521.74 17
1807.26 520.39 15
1859.96 524.30 17
1911.53 526.15 12
1964.14 525.82 13
2018.83 528.51 15
2073.20 531.31 14
2122.03 531.50 14
2178.08 530.50 15
2229.77 536.29 14
2281.56 535.15 15
2336.57 537.23 15
2387.97 536.54 12
2445.65 530.36 18
2496.48 532.38 14
955.81 384.60 14
1008.26 384.93 17
1062.63 381.51 15
1113.40 385.55 12
1167.43 388.31 16
1222.50 394.25 14
1271.92 396.79 11
1324.95 399.29 18
1381.43 407.36 15
1432.08 407.54 14
1482.74 413.16 22
1540.06 417.56 12
1588.85 419.06 18
1646.14 424.80 12
1698.13 427.98 15
1750.97 430.19 15
1801.65 434.26 15
1855.04 433.28 15
1911.43 435.43 15
1962.44 438.97 13
2015.64 439.69 14
2070.50 438.98 15
2120.51 441.40 13
2174.45 441.38 15
2225.68 442.79 19
2278.93 444.71 17
2333.16 446.17 14
2385.34 443.07 16
2438.22 443.14 15
2495.69 445.91 15
952.24 292.14 15
1004.05 288.13 13
1056.86 291.41 17
1110.13 290.93 16
1164.59 295.98 13
1215.57 296.95 14
1269.67 299.74 14
947.56 193.28 13
999.56 195.39 15
1053.42 193.99 14
1105.44 192.67 15
1158.16 193.26 14
1211.79 195.34 15
1264.59 200.50 15
1319.45 201.52 15
1370.06 204.73 18
1425.25 209.80 13
1480.81 211.43 17
1531.58 216.55 14
1584.49 220.72 16
1638.28 224.99 14
1692.58 229.63 17
1743.23 231.18 12
1795.15 233.69 13
1850.71 237.70 15
1905.47 242.00 15
1954.84 242.70 14
2007.57 248.16 15
2064.00 252.22 13
2115.72 253.09 15
2167.46 252.95 14
2221.30 256.93 15
2274.66 259.41 13
2328.82 260.12 17
2376.64 260.21 14
2431.34 262.19 15
2484.71 257.19 13
2536.01 257.38 15
2591.24 260.38 16
942.59 102.81 13
998.63 101.14 13
1047.90 97.45 14
1101.50 99.05 16
1154.64 97.53 11
1209.50 96.95 14
1261.08 102.04 14
1313.81 100.20 12
1369.89 103.53 17
1422.06 109.82 11
1476.38 110.93 13
1528.14 115.33 14
1577.37 114.38 14
1634.47 118.86 14
1687.32 127.44 16
1739.99 131.07 16
1795.29 136.80 15
1846.79 139.17 14
1897.80 142.43 13
1953.14 149.22 13
2003.61 151.84 12
2058.35 153.13 13
2109.46 155.61 12
2162.93 163.35 15
2216.30 163.38 15
2272.37 164.65 17
2324.51 166.57 16
2377.81 168.03 14
2431.87 167.99 13
2480.97 169.43 11
940.71 9.62 14
993.49 3.79 12
1046.63 6.43 15
1100.72 2.07 14
1153.41 2.38 15
1208.35 2.78 16
1260.49 0.53 16
1312.32 5.87 12
1369.24 10.09 16
1419.49 6.43 19
1474.05 8.89 16
1524.40 17.89 15
1580.05 18.11 11
1634.10 22.77 16
1683.71 26.26 15
1735.20 33.60 16
1791.89 37.63 15
1842.72 41.16 15
1898.10 45.24 17
1947.08 48.37 15
2002.45 56.66 17
2058.62 59.36 18
2107.86 64.98 15
2162.74 65.20 16
2213.35 67.73 12
2268.43 71.57 14
2320.04 73.51 16
2374.10 72.39 14
2426.01 75.40 14
2479.37 72.23 14
2533.15 78.57 14
142.84 303.33 15
208.10 303.71 13
273.12 309.49 12
329.85 306.21 16
455.55 937.92 19
493.32 938.23 21
521.90 935.03 22
557.60 933.56 20
592.49 931.24 20
628.08 930.28 20
665.19 929.32 24
696.72 926.28 21
729.52 920.85 21
764.04 923.00 24
794.68 920.24 20
834.07 920.05 24
439.22 835.67 21
473.11 836.35 21
508.84 833.10 23
543.29 831.73 21
578.81 830.72 21
647.96 828.41 19
680.43 826.04 21
715.56 824.12 20
749.46 820.65 23
783.14 820.50 21
431.00 730.45 22
467.48 733.10 20
499.70 734.20 21
532.19 731.72 24
568.79 729.10 22
601.87 727.01 23
639.32 725.82 23
670.42 722.03 22
702.76 720.04 22
739.90 716.78 23
773.68 718.24 22
176.41 629.10 16
244.09 619.29 19
297.49 617.56 19
358.76 614.87 20
422.21 607.48 18
483.94 597.27 19
544.84 595.36 18
605.94 580.89 21
658.51 576.95 17
723.58 562.06 16
785.88 549.62 16
841.96 545.05 20
173.64 479.18 17
233.27 474.12 18
294.01 469.79 18
357.01 464.72 18
416.29 462.25 20
478.61 454.28 19
536.26 444.03 16
600.17 441.57 20
663.25 435.27 16
722.51 419.42 19
784.36 404.16 19
844.35 396.16 20
169.72 329.10 19
231.55 328.34 17
288.63 322.51 21
351.17 321.93 20
411.08 311.54 17
477.87 307.07 18
529.38 298.90 18
593.05 293.60 18
653.44 283.46 19
712.30 265.56 19
773.74 257.76 19
833.87 248.50 19
2586.98 150.53 8
2598.15 147.67 7
2610.19 146.69 8
2621.69 145.32 7
2634.59 146.75 7
2644.96 145.96 7
2657.23 146.17 7
2668.16 144.95 7
2584.75 138.43 8
2597.89 137.55 8
2611.32 136.34 8
2621.99 135.41 8
2632.63 134.90 7
2644.62 133.72 7
2656.75 133.98 7
2668.21 132.96 7
2586.66 124.78 8
2598.06 122.81 7
2608.48 123.05 7
2621.12 122.98 7
2633.27 123.17 7
2644.84 120.87 8
2655.63 120.81 8
2667.06 119.95 7
2584.21 111.13 7
2594.30 110.03 7
2607.68 107.85 7
2619.36 107.36 8
2630.68 107.24 8
2641.78 106.81 7
2653.81 106.25 7
2665.05 106.87 7
