0.189357 0.524661 0.018079
0.208237 0.518359 0.018301
0.226117 0.519164 0.025861
0.242618 0.520197 0.023931
0.263301 0.521026 0.015640
0.286103 0.521529 0.018043
0.300945 0.522810 0.019820
0.320575 0.520315 0.023179
0.337970 0.526138 0.017597
0.354938 0.518608 0.021852
0.375044 0.519701 0.018440
0.397254 0.521841 0.019241
0.409020 0.517082 0.021513
0.429631 0.521086 0.018167
0.445017 0.519814 0.023515
0.466241 0.523521 0.018710
0.482407 0.525149 0.021807
0.502169 0.525962 0.021974
0.520328 0.522682 0.022598
0.541668 0.520211 0.022897
0.562046 0.521756 0.022734
0.582488 0.523595 0.022814
0.592789 0.522121 0.019724
0.610252 0.523873 0.020602
0.630421 0.520899 0.015628
0.648825 0.523603 0.016271
0.671648 0.519521 0.021408
0.688372 0.520482 0.017234
0.703524 0.519767 0.021796
0.722207 0.520380 0.021701
0.740103 0.515855 0.020178
0.761872 0.521781 0.022940
0.778736 0.522340 0.017964
0.797671 0.525277 0.018919
0.817533 0.520688 0.020904
0.833739 0.520266 0.024875
0.849597 0.525544 0.021374
0.874366 0.521257 0.018655
0.886398 0.521734 0.020823
0.910798 0.520848 0.022493
0.927283 0.519479 0.020530
0.212412 0.493078 0.017767
0.225777 0.497042 0.013179
0.244957 0.498756 0.022254
0.261294 0.493722 0.021441
0.284768 0.493180 0.018876
0.303811 0.494495 0.020175
0.320814 0.501975 0.020908
0.338562 0.492399 0.018654
0.353526 0.495911 0.016658
0.374217 0.495967 0.016724
0.391194 0.492913 0.017482
0.415099 0.494134 0.024888
0.430495 0.494238 0.015790
0.444120 0.492535 0.021904
0.470720 0.497554 0.021556
0.485283 0.494418 0.018288
0.510483 0.500679 0.023444
0.519781 0.500783 0.022430
0.543597 0.497696 0.019869
0.564701 0.494108 0.016550
0.574368 0.493114 0.020888
0.593845 0.494521 0.017157
0.617657 0.496202 0.021103
0.634630 0.498785 0.023356
0.654035 0.499976 0.021615
0.669527 0.502421 0.019989
0.688859 0.496317 0.014331
0.709732 0.498002 0.020974
0.719967 0.494525 0.026731
0.742196 0.496060 0.014997
0.758563 0.498686 0.015486
0.778624 0.497751 0.017696
0.797093 0.501625 0.023620
0.819940 0.496139 0.023742
0.834616 0.494153 0.016624
0.855458 0.494040 0.023256
0.868204 0.495818 0.022332
0.894930 0.494984 0.023171
0.908368 0.499631 0.021452
0.925226 0.495156 0.021768
0.206381 0.469801 0.023036
0.229607 0.468445 0.022126
0.243660 0.473654 0.019843
0.262630 0.467474 0.018958
0.282115 0.470885 0.019718
0.296203 0.469855 0.022109
0.320515 0.472057 0.023378
0.336513 0.472675 0.022431
0.355796 0.467873 0.016542
0.372441 0.469979 0.024337
0.397679 0.466808 0.020906
0.407500 0.471482 0.021234
0.426585 0.472752 0.026311
0.451643 0.471701 0.025567
0.472393 0.471226 0.019788
0.488120 0.468845 0.024123
0.505125 0.471253 0.016371
0.525006 0.468571 0.016836
0.536272 0.472149 0.016746
0.556780 0.471797 0.025556
0.577796 0.467074 0.021165
0.600685 0.469264 0.019983
0.614769 0.470492 0.017764
0.631460 0.468889 0.026434
0.656281 0.471202 0.024771
0.668612 0.470988 0.020395
0.686887 0.473033 0.019425
0.706077 0.469560 0.021427
0.724347 0.472413 0.014491
0.741259 0.470248 0.024609
0.763832 0.468358 0.017948
0.784819 0.471980 0.019016
0.800081 0.471119 0.014804
0.812418 0.470166 0.021847
0.838160 0.473334 0.025293
0.853975 0.472202 0.017315
0.874666 0.467686 0.018421
0.888327 0.468425 0.018332
0.907872 0.472138 0.018030
0.926983 0.474799 0.022871
0.172952 0.445797 0.013834
0.189223 0.449673 0.023221
0.215407 0.443143 0.022045
0.224261 0.441242 0.023511
0.247524 0.443370 0.021217
0.261809 0.443255 0.013807
0.285880 0.443681 0.018164
0.300301 0.446534 0.019430
0.317524 0.445800 0.021873
0.335153 0.442817 0.024851
0.358576 0.443486 0.020077
0.380566 0.448493 0.021158
0.391450 0.446438 0.020059
0.410385 0.446262 0.019420
0.433220 0.444393 0.019802
0.450361 0.445122 0.020993
0.468350 0.443815 0.018245
0.483307 0.446961 0.014638
0.500448 0.442864 0.021305
0.523382 0.445888 0.014574
0.539985 0.447441 0.019920
0.556979 0.445512 0.021614
0.576765 0.443017 0.018831
0.597351 0.443628 0.023753
0.617023 0.445316 0.016975
0.634902 0.441587 0.019215
0.648531 0.447259 0.017573
0.674559 0.442856 0.014904
0.687923 0.444299 0.013591
0.704958 0.442991 0.014752
0.720977 0.446512 0.017781
0.739436 0.445838 0.015067
0.755498 0.444129 0.023638
0.784273 0.439964 0.022688
0.793861 0.451826 0.018499
0.817708 0.447474 0.012117
0.832782 0.441776 0.016453
0.853281 0.445634 0.024064
0.872458 0.446987 0.020165
0.889570 0.443497 0.019683
0.910594 0.445347 0.019342
0.927682 0.443425 0.021611
0.057960 0.418142 0.021966
0.081756 0.420128 0.012768
0.097450 0.419841 0.019883
0.117883 0.415281 0.018571
0.133088 0.418375 0.018211
0.153223 0.421180 0.022455
0.172801 0.421598 0.016258
0.190782 0.420643 0.023341
0.207619 0.419059 0.019019
0.225357 0.418259 0.018553
0.242774 0.421341 0.022152
0.263385 0.415647 0.022687
0.281585 0.423804 0.022986
0.303984 0.419206 0.018881
0.317276 0.418099 0.018074
0.335504 0.413767 0.022598
0.356014 0.419423 0.013434
0.378778 0.420050 0.016702
0.392035 0.415345 0.025048
0.411059 0.422378 0.016779
0.427241 0.419510 0.018479
0.448930 0.421911 0.019610
0.467555 0.419437 0.015461
0.484657 0.423727 0.017025
0.505148 0.418399 0.020919
0.521829 0.420490 0.018808
0.540005 0.418270 0.014920
0.561070 0.420975 0.020226
0.573581 0.416440 0.021748
0.595980 0.418353 0.021669
0.611116 0.418079 0.022698
0.630612 0.420756 0.014882
0.657653 0.419288 0.019367
0.670105 0.416649 0.019733
0.685503 0.420172 0.016426
0.707858 0.422657 0.021754
0.723218 0.419461 0.021297
0.741273 0.419505 0.021862
0.762145 0.414129 0.018375
0.778504 0.423398 0.018506
0.796200 0.424602 0.020098
0.816149 0.414156 0.021206
0.837514 0.423010 0.018952
0.855222 0.420478 0.020774
0.871542 0.421046 0.017764
0.887413 0.418200 0.018397
0.911364 0.418993 0.019980
0.927003 0.420903 0.020407
0.077621 0.393219 0.019798
0.096049 0.394175 0.016305
0.118323 0.397300 0.022784
0.135478 0.393706 0.020463
0.145257 0.391351 0.026006
0.165372 0.393157 0.018342
0.190181 0.393626 0.009374
0.212300 0.394376 0.021184
0.228670 0.397729 0.017824
0.245221 0.390255 0.026718
0.261883 0.392415 0.015663
0.283206 0.397530 0.012759
0.297248 0.391786 0.021768
0.322634 0.390409 0.020664
0.338535 0.392734 0.018168
0.361638 0.398238 0.023809
0.376750 0.391258 0.022356
0.394837 0.397212 0.027048
0.416295 0.393204 0.021049
0.425713 0.395965 0.015528
0.452114 0.395381 0.023157
0.469192 0.395786 0.018989
0.487655 0.392398 0.022102
0.504834 0.393930 0.019318
0.526480 0.391897 0.015657
0.538071 0.397289 0.023040
0.564376 0.387789 0.020985
0.582532 0.395958 0.018290
0.598449 0.396481 0.016812
0.615081 0.390865 0.015955
0.629796 0.396765 0.020021
0.649569 0.392532 0.015558
0.668329 0.393352 0.018030
0.686593 0.393661 0.018545
0.704538 0.394152 0.017828
0.725661 0.398359 0.016199
0.741707 0.394541 0.019599
0.763260 0.392785 0.018762
0.779762 0.391203 0.023798
0.803151 0.393484 0.018750
0.817150 0.390963 0.019901
0.833535 0.393693 0.015842
0.853543 0.395989 0.015050
0.873195 0.400710 0.018914
0.887691 0.396461 0.022960
0.913966 0.397873 0.024364
0.923312 0.395718 0.011563
0.152719 0.368068 0.015452
0.174082 0.368398 0.016213
0.191491 0.367631 0.024439
0.207814 0.368386 0.016301
0.225865 0.379121 0.027814
0.245586 0.365700 0.019378
0.263885 0.371936 0.018970
0.280721 0.366608 0.021768
0.299835 0.367173 0.016072
0.319689 0.366117 0.024136
0.338746 0.371108 0.020258
0.356430 0.367348 0.018212
0.370318 0.372535 0.019321
0.393935 0.366277 0.021843
0.412182 0.370429 0.021627
0.428000 0.367033 0.021222
0.449759 0.366818 0.025115
0.462831 0.367345 0.021254
0.488496 0.371460 0.019803
0.502838 0.369781 0.021391
0.517181 0.368323 0.015926
0.540812 0.368165 0.019871
0.556815 0.365701 0.016276
0.580564 0.367617 0.017197
0.590806 0.369820 0.023610
0.617476 0.368431 0.020204
0.639382 0.365277 0.023883
0.653370 0.370339 0.024643
0.667670 0.364689 0.015603
0.685307 0.370930 0.022375
0.711202 0.364922 0.018933
0.723750 0.370084 0.023039
0.744555 0.370059 0.021218
0.761618 0.373272 0.024745
0.779168 0.367880 0.015475
0.798798 0.370229 0.022430
0.815057 0.366695 0.023532
0.833406 0.367850 0.015529
0.856683 0.369500 0.018998
0.870206 0.367283 0.029466
0.890788 0.366716 0.022460
0.910971 0.365881 0.018686
0.930159 0.370173 0.013993
0.008112 0.345605 0.011083
0.014992 0.348862 0.006358
0.024152 0.348205 0.007481
0.033729 0.348367 0.006284
0.043062 0.347960 0.005984
0.054607 0.345349 0.012115
0.060648 0.349824 0.006774
0.068859 0.349678 0.008478
0.077635 0.347798 0.009863
0.086673 0.348545 0.006734
0.095851 0.348562 0.007051
0.105162 0.348235 0.007066
0.112072 0.348627 0.009400
0.123737 0.348432 0.004933
0.132051 0.348017 0.005720
0.142114 0.348124 0.006468
0.149792 0.348259 0.009768
0.158310 0.346990 0.007896
0.167669 0.347297 0.005782
0.177622 0.349393 0.009103
0.184981 0.349776 0.007310
0.197357 0.350449 0.007697
0.204551 0.347642 0.004939
0.212852 0.349015 0.006755
0.222135 0.348362 0.006671
0.229599 0.347643 0.007255
0.238646 0.349779 0.008403
0.250772 0.348398 0.007676
0.259377 0.349852 0.006829
0.265902 0.348779 0.008079
0.275339 0.348749 0.008238
0.286014 0.349156 0.006470
0.293919 0.348221 0.005486
0.302390 0.347960 0.006500
0.311508 0.348933 0.008173
0.319780 0.349284 0.007456
0.329623 0.349344 0.008748
0.339362 0.348274 0.008040
0.347872 0.347062 0.006808
0.356341 0.347377 0.010412
0.365629 0.347024 0.007883
0.375485 0.348356 0.009427
0.383193 0.347447 0.008314
0.392218 0.347847 0.005857
0.403454 0.347605 0.010412
0.084299 0.339076 0.019375
0.099789 0.343709 0.021799
0.116837 0.341904 0.019496
0.135498 0.341600 0.020894
0.151034 0.344969 0.016391
0.174964 0.343100 0.023923
0.191212 0.344337 0.021331
0.212132 0.346853 0.029702
0.228033 0.340056 0.024175
0.248044 0.346412 0.017689
0.259536 0.343026 0.021777
0.280474 0.347333 0.019413
0.301592 0.340201 0.022645
0.319215 0.343502 0.018516
0.337925 0.344566 0.020594
0.355790 0.342608 0.023943
0.373803 0.339464 0.020175
0.394776 0.339151 0.015976
0.401091 0.340138 0.024466
0.425821 0.341918 0.022449
0.441955 0.344452 0.024344
0.468639 0.344796 0.018413
0.488737 0.345106 0.019736
0.513450 0.345940 0.019579
0.520527 0.341935 0.013040
0.541865 0.341596 0.025447
0.575119 0.343762 0.014923
0.595273 0.343588 0.019393
0.610331 0.337767 0.020387
0.635899 0.345330 0.018727
0.653328 0.347054 0.022381
0.673545 0.338026 0.019406
0.687812 0.344118 0.012796
0.707110 0.344237 0.019866
0.726321 0.343910 0.018025
0.740635 0.340928 0.022047
0.759721 0.343573 0.019212
0.778221 0.344632 0.022602
0.793647 0.347443 0.017465
0.815341 0.345763 0.019565
0.833113 0.345615 0.018604
0.855538 0.341616 0.022291
0.875101 0.347213 0.021175
0.892189 0.347081 0.025214
0.907612 0.342851 0.020478
0.928923 0.342715 0.019396
0.006191 0.328759 0.008159
0.013336 0.331388 0.010194
0.025803 0.326713 0.013082
0.034052 0.329179 0.008794
0.041727 0.329875 0.007026
0.049295 0.326975 0.009045
0.058864 0.327880 0.011380
0.068536 0.329425 0.010052
0.078438 0.327469 0.009506
0.085953 0.327184 0.009502
0.096961 0.329742 0.011652
0.102741 0.326839 0.008242
0.112158 0.327309 0.007352
0.123036 0.326337 0.010098
0.132665 0.328921 0.010635
0.140071 0.326436 0.006451
0.148778 0.326730 0.010008
0.155901 0.324748 0.012288
0.167440 0.327272 0.008014
0.175298 0.327102 0.008508
0.184390 0.327992 0.009131
0.191261 0.326756 0.010742
0.199915 0.327074 0.009736
0.209715 0.329711 0.009077
0.220814 0.328838 0.009838
0.230692 0.328163 0.012516
0.235985 0.327424 0.011080
0.245512 0.328049 0.006290
0.254143 0.328107 0.012205
0.263437 0.326377 0.009231
0.271578 0.326337 0.009958
0.279953 0.328259 0.009967
0.291616 0.328014 0.007679
0.296643 0.330787 0.007601
0.307398 0.325819 0.009521
0.316597 0.327902 0.009857
0.324160 0.326752 0.011654
0.331069 0.328468 0.011173
0.342571 0.328538 0.006632
0.344879 0.327908 0.014382
0.358828 0.329625 0.009044
0.368608 0.330324 0.011864
0.374523 0.329121 0.010394
0.384660 0.328892 0.011866
0.397964 0.328424 0.009823
0.404484 0.328496 0.009939
0.140357 0.318150 0.023949
0.156862 0.315098 0.017557
0.173342 0.317128 0.015794
0.187362 0.316615 0.022483
0.209433 0.315657 0.023778
0.227090 0.322055 0.016600
0.242604 0.319563 0.019281
0.259427 0.320530 0.024823
0.280946 0.314068 0.018940
0.303980 0.317217 0.019720
0.324381 0.315411 0.023247
0.337392 0.319091 0.017346
0.357749 0.314126 0.017645
0.374122 0.316157 0.012439
0.389423 0.315645 0.020361
0.411692 0.314304 0.021915
0.430849 0.316006 0.017124
0.450927 0.315356 0.015987
0.468281 0.320247 0.023570
0.487116 0.317667 0.024755
0.511045 0.318806 0.021596
0.520361 0.317072 0.018866
0.538435 0.318191 0.019069
0.563316 0.313804 0.025028
0.578216 0.314054 0.021081
0.600282 0.319134 0.026484
0.611827 0.317979 0.023395
0.633108 0.317419 0.017314
0.649299 0.315115 0.015378
0.669425 0.319246 0.025343
0.687637 0.316782 0.023258
0.706320 0.316087 0.018591
0.727302 0.316182 0.016857
0.741173 0.315236 0.020286
0.756653 0.318796 0.019372
0.784543 0.314376 0.020966
0.798579 0.318187 0.021593
0.819632 0.318615 0.013885
0.836332 0.316871 0.019177
0.850365 0.315853 0.018249
0.870584 0.319238 0.016278
0.890706 0.313196 0.020074
0.911630 0.318311 0.020106
0.926919 0.317926 0.018502
0.026057 0.291305 0.022054
0.039868 0.290947 0.018513
0.060157 0.289944 0.014910
0.077072 0.291915 0.021671
0.097559 0.289454 0.022287
0.116065 0.293044 0.018369
0.136616 0.294649 0.023531
0.152121 0.293722 0.020084
0.173532 0.291133 0.011105
0.188081 0.293334 0.015186
0.208810 0.291797 0.013513
0.229371 0.292959 0.019640
0.241816 0.289608 0.020549
0.262777 0.292580 0.016128
0.278772 0.288131 0.021575
0.300310 0.295180 0.019991
0.319425 0.292348 0.021748
0.337258 0.293700 0.017004
0.350246 0.290889 0.018943
0.373322 0.293531 0.022021
0.394647 0.292267 0.020314
0.413142 0.293678 0.022297
0.431964 0.290826 0.018951
0.446460 0.289673 0.022370
0.465123 0.293435 0.020139
0.485163 0.286399 0.021662
0.503641 0.294367 0.019578
0.520571 0.291069 0.014300
0.538149 0.290036 0.018774
0.561029 0.291616 0.015155
0.582763 0.290998 0.015999
0.596373 0.294574 0.016989
0.617684 0.290716 0.023390
0.633125 0.291561 0.015885
0.651151 0.288001 0.023260
0.672457 0.291540 0.015004
0.688019 0.291314 0.018354
0.709320 0.293917 0.019681
0.728074 0.293634 0.021437
0.743920 0.292324 0.021579
0.760897 0.292381 0.027306
0.781499 0.290786 0.022420
0.795272 0.290403 0.018421
0.818731 0.293383 0.015171
0.834419 0.286996 0.021328
0.854002 0.291610 0.019001
0.871536 0.294832 0.020418
0.886564 0.287738 0.025030
0.909290 0.288765 0.017083
0.927631 0.292968 0.016445
0.007104 0.276397 0.005361
0.013545 0.276368 0.005017
0.022130 0.276547 0.006417
0.030163 0.276160 0.005805
0.036694 0.276157 0.005433
0.046268 0.275778 0.005730
0.052548 0.276496 0.005061
0.060663 0.275743 0.004139
0.068518 0.276751 0.004469
0.077000 0.276148 0.006338
0.083510 0.275785 0.005524
0.091379 0.275935 0.004920
0.098806 0.275715 0.005859
0.106486 0.275262 0.004494
0.115526 0.276669 0.004544
0.122544 0.276428 0.003505
0.131190 0.276247 0.004056
0.137312 0.276013 0.005014
0.145854 0.276647 0.004660
0.153949 0.275569 0.005113
0.161275 0.276300 0.004500
0.169983 0.277154 0.004708
0.175721 0.276935 0.004813
0.184546 0.276081 0.003305
0.191070 0.276832 0.005614
0.201235 0.276192 0.005728
0.207363 0.275551 0.004862
0.215123 0.275794 0.006095
0.223136 0.276632 0.005205
0.230274 0.276858 0.004418
0.239660 0.275958 0.005036
0.246170 0.276616 0.003120
0.254419 0.277648 0.005032
0.261939 0.275417 0.005722
0.269005 0.276591 0.005229
0.278232 0.275637 0.005551
0.285026 0.276923 0.005378
0.293465 0.276545 0.004778
0.300149 0.276548 0.005177
0.308695 0.276460 0.004737
0.315671 0.276331 0.005726
0.323627 0.276396 0.006220
0.137194 0.265982 0.021230
0.150336 0.266859 0.018645
0.172499 0.268331 0.013222
0.188609 0.267332 0.018485
0.209392 0.267859 0.015318
0.228023 0.270540 0.021495
0.238279 0.262415 0.017334
0.263969 0.262075 0.018948
0.278821 0.269143 0.022107
0.300466 0.267621 0.014480
0.320421 0.263838 0.024330
0.334762 0.265201 0.024322
0.359572 0.263566 0.022872
0.378072 0.266215 0.020416
0.393418 0.262691 0.023854
0.409352 0.265781 0.021675
0.430530 0.266123 0.027875
0.447998 0.263785 0.019012
0.462784 0.265873 0.015376
0.488622 0.268712 0.021406
0.507092 0.267803 0.017437
0.522648 0.268285 0.016588
0.541989 0.262962 0.021659
0.557089 0.268768 0.023542
0.577986 0.265206 0.016159
0.594230 0.262547 0.021455
0.612813 0.267166 0.020468
0.634105 0.267503 0.014493
0.652718 0.266275 0.016598
0.667850 0.263563 0.014570
0.687211 0.267478 0.026868
0.698763 0.251288 0.024237
0.727042 0.262667 0.024624
0.743099 0.266086 0.018065
0.760665 0.265490 0.020052
0.776059 0.266411 0.022415
0.796461 0.266287 0.021499
0.820122 0.265184 0.021455
0.835286 0.267104 0.006535
0.850996 0.267172 0.015901
0.870403 0.266057 0.018340
0.890974 0.266800 0.020550
0.911077 0.268371 0.020228
0.924474 0.267320 0.017683
0.157508 0.244381 0.013588
0.171551 0.241998 0.020447
0.189829 0.242384 0.018749
0.205853 0.237128 0.023440
0.229482 0.244585 0.020999
0.245348 0.242018 0.017800
0.264585 0.241563 0.015083
0.282778 0.240112 0.016509
0.302290 0.241947 0.018347
0.320672 0.239196 0.010592
0.337581 0.239645 0.017973
0.356383 0.242846 0.019477
0.378946 0.242622 0.019835
0.390702 0.245293 0.019205
0.416870 0.239899 0.020247
0.431543 0.243025 0.014965
0.448594 0.241531 0.023544
0.469469 0.237083 0.022753
0.482382 0.245805 0.020346
0.498663 0.242279 0.021155
0.521384 0.237025 0.022229
0.537949 0.238255 0.011827
0.560824 0.239816 0.026663
0.575047 0.239520 0.016593
0.596558 0.238138 0.014645
0.617118 0.238894 0.016354
0.633338 0.235583 0.022325
0.650214 0.240422 0.017739
0.666824 0.242643 0.019310
0.688724 0.239099 0.021229
0.703203 0.239879 0.024315
0.726347 0.240825 0.020564
0.742275 0.242161 0.022235
0.762047 0.241869 0.018381
0.782441 0.240002 0.017352
0.800193 0.245207 0.015841
0.818842 0.240822 0.023194
0.833950 0.238568 0.019745
0.853722 0.239294 0.017389
0.873069 0.244488 0.015454
0.888015 0.241030 0.021086
0.911025 0.245105 0.023727
0.928296 0.238953 0.013868
0.170001 0.211966 0.022194
0.189325 0.215815 0.017363
0.207591 0.211246 0.018753
0.231050 0.214748 0.020350
0.247609 0.211936 0.019676
0.267198 0.216708 0.016942
0.281026 0.219049 0.022674
0.304914 0.213948 0.018786
0.318079 0.215391 0.020676
0.337848 0.215794 0.021676
0.354338 0.213667 0.020603
0.375499 0.216351 0.018992
0.391095 0.213502 0.021920
0.411889 0.218590 0.013283
0.425256 0.217604 0.018600
0.445485 0.212548 0.023389
0.466196 0.211885 0.019627
0.482648 0.213897 0.016465
0.498134 0.212972 0.022092
0.520283 0.217366 0.021857
0.541897 0.215176 0.026597
0.559750 0.216557 0.016686
0.576308 0.215788 0.022248
0.593586 0.210399 0.024330
0.615321 0.217355 0.019646
0.634540 0.215748 0.020374
0.645920 0.211690 0.025393
0.670779 0.214776 0.015072
0.685854 0.213887 0.022278
0.710410 0.213360 0.016263
0.722498 0.216688 0.022896
0.742384 0.216079 0.022180
0.764711 0.211257 0.026748
0.778921 0.219001 0.024779
0.800573 0.219378 0.023110
0.815592 0.213196 0.016003
0.834774 0.219985 0.017218
0.847908 0.212888 0.016683
0.874168 0.210369 0.026109
0.892640 0.219196 0.021195
0.907570 0.216127 0.017496
0.923027 0.216136 0.026986
0.188901 0.189628 0.015812
0.210311 0.190521 0.013701
0.232184 0.189854 0.015501
0.246149 0.187617 0.015274
0.263572 0.192563 0.021371
0.286067 0.188223 0.016668
0.302487 0.191592 0.018813
0.319350 0.189657 0.020883
0.340867 0.189336 0.020656
0.358208 0.190469 0.014718
0.374169 0.185428 0.025538
0.394772 0.187182 0.016849
0.412024 0.187100 0.024853
0.428716 0.191167 0.017927
0.449489 0.190706 0.021744
0.465555 0.192951 0.021087
0.485454 0.187694 0.021506
0.506325 0.191602 0.015804
0.520199 0.190325 0.018304
0.537227 0.191229 0.011258
0.558644 0.190000 0.014805
0.576169 0.189846 0.020125
0.595052 0.191447 0.020340
0.616082 0.189310 0.028305
0.630899 0.188304 0.019858
0.654897 0.185642 0.020829
0.672189 0.189200 0.025567
0.689272 0.188528 0.017035
0.707492 0.191204 0.017844
0.716993 0.191061 0.022976
0.742634 0.190338 0.019718
0.763443 0.189482 0.021500
0.779771 0.190489 0.014012
0.798881 0.188282 0.015439
0.814753 0.187544 0.018134
0.839113 0.189035 0.020465
0.854524 0.189256 0.014569
0.874558 0.188066 0.022833
0.890006 0.188409 0.013588
0.908135 0.191000 0.019488
0.926932 0.191650 0.024566
0.024225 0.162341 0.017333
0.047196 0.161035 0.018252
0.062088 0.162616 0.022002
0.077121 0.164313 0.024534
0.098698 0.165188 0.017854
0.116722 0.164603 0.015107
0.139056 0.163788 0.024359
0.156811 0.165103 0.018705
0.172864 0.165449 0.020685
0.192864 0.165786 0.021525
0.206295 0.162993 0.018940
0.225179 0.168643 0.018292
0.244891 0.164266 0.018945
0.266003 0.160685 0.016540
0.280275 0.164676 0.023874
0.300546 0.161123 0.021299
0.322809 0.165379 0.018354
0.335916 0.165575 0.023172
0.356724 0.161806 0.020902
0.381426 0.159415 0.020894
0.392093 0.163791 0.024569
0.417126 0.160816 0.021214
0.427108 0.163880 0.022004
0.448677 0.166971 0.020779
0.466724 0.160409 0.018873
0.489636 0.160392 0.021818
0.507902 0.165268 0.014508
0.525234 0.163128 0.024090
0.543350 0.166143 0.022340
0.561749 0.166194 0.014389
0.579363 0.163150 0.018837
0.592146 0.167365 0.016352
0.612363 0.168388 0.017828
0.633262 0.164093 0.017245
0.653443 0.166558 0.019496
0.665438 0.164419 0.017773
0.690020 0.163947 0.025755
0.703124 0.165788 0.016078
0.726222 0.168808 0.021805
0.744314 0.165417 0.018395
0.759001 0.163354 0.014174
0.781287 0.166162 0.017694
0.796482 0.169983 0.023112
0.820713 0.164264 0.024496
0.836380 0.163891 0.018344
0.852443 0.165756 0.018877
0.874688 0.165559 0.012685
0.891468 0.165651 0.019705
0.909561 0.165269 0.022773
0.921635 0.167895 0.019461
0.006952 0.149969 0.012170
0.025005 0.149634 0.009957
0.043853 0.149386 0.009951
0.064282 0.148876 0.012873
0.083203 0.149608 0.014564
0.101045 0.150912 0.011345
0.120759 0.146364 0.014111
0.141430 0.151617 0.013917
0.160134 0.150870 0.012723
0.182051 0.150994 0.011430
0.198649 0.146121 0.011839
0.218991 0.149823 0.014198
0.237326 0.151794 0.011127
0.252324 0.150394 0.011568
0.275082 0.148100 0.015271
0.291565 0.150141 0.011317
0.314392 0.148943 0.009877
0.333540 0.152075 0.013652
0.350838 0.149624 0.011235
0.371308 0.150881 0.011119
0.389940 0.149030 0.010912
0.407133 0.149754 0.013824
0.427012 0.150529 0.008687
0.445867 0.149688 0.010713
0.463521 0.150805 0.011140
0.486511 0.151056 0.005943
0.506286 0.149113 0.013871
0.526180 0.149813 0.013545
0.527089 0.145207 0.011775
0.562891 0.150549 0.006869
0.585582 0.149719 0.013949
0.598196 0.148816 0.013076
0.618983 0.150902 0.011852
0.640447 0.149109 0.013290
0.658684 0.149819 0.011003
0.674756 0.150230 0.009228
0.693935 0.149238 0.009503
0.714770 0.148974 0.010451
0.734342 0.150539 0.010612
0.753213 0.148628 0.010158
0.772540 0.150628 0.010816
0.793871 0.150765 0.008369
0.812655 0.150996 0.014446
0.209548 0.139223 0.015897
0.228662 0.136722 0.020986
0.247031 0.140542 0.015272
0.267427 0.140257 0.019311
0.278934 0.139734 0.015131
0.300346 0.137469 0.018916
0.319469 0.138975 0.019044
0.341201 0.137371 0.020164
0.355665 0.134317 0.016779
0.375915 0.138821 0.015650
0.394398 0.136996 0.020587
0.409481 0.140247 0.018444
0.423882 0.137788 0.024101
0.446730 0.141902 0.018066
0.466375 0.143513 0.026479
0.483490 0.138719 0.017651
0.505742 0.137459 0.018614
0.522413 0.136919 0.019753
0.539672 0.138804 0.017916
0.559684 0.142594 0.019664
0.574864 0.138004 0.018565
0.600271 0.138198 0.017719
0.614062 0.136495 0.023466
0.627460 0.137219 0.018565
0.654418 0.141074 0.019251
0.668196 0.140166 0.019912
0.688204 0.141010 0.026688
0.710120 0.141899 0.021606
0.722958 0.138091 0.010660
0.746982 0.138461 0.022520
0.764479 0.136989 0.023931
0.781512 0.135802 0.018281
0.798776 0.136158 0.016644
0.814210 0.137516 0.016061
0.833385 0.139281 0.021282
0.853123 0.138342 0.016830
0.874096 0.140346 0.019539
0.889218 0.137957 0.015217
0.909419 0.137842 0.022415
0.923379 0.135280 0.022776
0.191202 0.112208 0.018906
0.208226 0.114184 0.021570
0.228088 0.113076 0.019445
0.247877 0.111130 0.019449
0.264203 0.115624 0.017640
0.281724 0.115787 0.015175
0.299442 0.112492 0.018158
0.318237 0.109560 0.018476
0.336054 0.116943 0.018987
0.359116 0.115343 0.012921
0.379574 0.110656 0.024262
0.390547 0.109225 0.023364
0.414204 0.112212 0.026469
0.428846 0.113861 0.019464
0.447562 0.118238 0.025575
0.468017 0.115808 0.021909
0.483668 0.109462 0.021172
0.505578 0.115959 0.016248
0.522544 0.113722 0.015232
0.534540 0.114118 0.021536
0.558893 0.115467 0.018624
0.579622 0.113413 0.021464
0.589525 0.114176 0.021607
0.616007 0.119429 0.018014
0.631070 0.106986 0.020373
0.649418 0.111395 0.019819
0.670545 0.115255 0.015893
0.686872 0.115920 0.019850
0.705285 0.111418 0.017630
0.727022 0.108932 0.018630
0.750534 0.115388 0.021859
0.762941 0.109746 0.023929
0.779354 0.116068 0.017005
0.797466 0.114984 0.021021
0.815783 0.114386 0.022248
0.834489 0.110600 0.015798
0.850108 0.113440 0.024037
0.872345 0.111904 0.019600
0.891070 0.112016 0.018910
0.904687 0.112773 0.019318
0.930491 0.113027 0.019438
0.175866 0.088629 0.027611
0.189528 0.088151 0.018302
0.203212 0.081468 0.021589
0.228705 0.084211 0.015709
0.247059 0.086148 0.016259
0.262411 0.087462 0.016488
0.285334 0.088319 0.023154
0.302761 0.081508 0.019398
0.315959 0.088099 0.020882
0.335899 0.089344 0.018502
0.357053 0.087140 0.017682
0.377283 0.088616 0.020898
0.392123 0.087392 0.016482
0.407558 0.088832 0.026265
0.430520 0.091365 0.028134
0.450891 0.090129 0.021160
0.469539 0.088274 0.007796
0.486966 0.085495 0.020947
0.503635 0.086694 0.017500
0.522924 0.086584 0.024156
0.538784 0.089761 0.022498
0.560939 0.087790 0.017155
0.580866 0.084233 0.027748
0.594363 0.089507 0.017552
0.614107 0.087753 0.013958
0.634563 0.089216 0.024554
0.651147 0.086149 0.017900
0.669818 0.084107 0.017190
0.692076 0.086088 0.029514
0.700433 0.091600 0.023827
0.724952 0.089770 0.022748
0.743077 0.089189 0.023252
0.758602 0.088995 0.015057
0.784197 0.088217 0.016788
0.804214 0.090572 0.022411
0.816509 0.090652 0.011614
0.838596 0.083647 0.022971
0.851708 0.086461 0.022385
0.871493 0.088150 0.020949
0.892108 0.087257 0.025370
0.910414 0.086769 0.020771
0.929551 0.087705 0.018272
0.028337 0.062086 0.020889
0.043166 0.060896 0.018317
0.060783 0.061527 0.020004
0.080621 0.063915 0.016232
0.096831 0.062309 0.019518
0.116475 0.060493 0.015943
0.133437 0.062116 0.016060
0.154385 0.057786 0.024207
0.173265 0.061064 0.020178
0.189783 0.060145 0.023394
0.206414 0.061632 0.018847
0.224065 0.062559 0.020728
0.247892 0.060179 0.022107
0.272038 0.063525 0.017600
0.282456 0.061096 0.022459
0.300179 0.061308 0.029506
0.320747 0.065163 0.022433
0.340896 0.060498 0.019126
0.354215 0.061120 0.025088
0.377127 0.065648 0.021699
0.393711 0.066939 0.023093
0.411797 0.058971 0.022618
0.424536 0.060315 0.014995
0.449614 0.066426 0.017058
0.468426 0.061613 0.018347
0.487576 0.063141 0.015849
0.506077 0.059966 0.021615
0.523218 0.065442 0.019625
0.542760 0.063001 0.021882
0.559346 0.062097 0.021729
0.580787 0.057007 0.020262
0.592714 0.063086 0.011561
0.615819 0.062771 0.015096
0.631990 0.068080 0.020607
0.654468 0.062663 0.015101
0.672035 0.056012 0.022268
0.689157 0.064215 0.016440
0.705624 0.058898 0.021205
0.723699 0.062123 0.013838
0.739892 0.062621 0.016553
0.759042 0.061811 0.020622
0.775766 0.063702 0.022626
0.796587 0.060092 0.018567
0.818426 0.061633 0.022631
0.830933 0.060198 0.021038
0.854827 0.067564 0.020079
0.873226 0.062137 0.019710
0.884265 0.063316 0.025626
0.908895 0.063214 0.020439
0.930100 0.065441 0.025899
0.062404 0.039003 0.020940
0.080745 0.036455 0.020263
0.096585 0.037881 0.020302
0.115597 0.039875 0.021170
0.133938 0.041069 0.018575
0.149468 0.038806 0.022536
0.167374 0.040636 0.020987
0.193793 0.034219 0.019014
0.208450 0.038364 0.021494
0.226041 0.038094 0.016281
0.242645 0.037837 0.025582
0.264218 0.039669 0.019897
0.285158 0.038355 0.017476
0.302534 0.039480 0.019985
0.313634 0.036412 0.016945
0.334731 0.036320 0.028080
0.354981 0.038784 0.014726
0.377478 0.036346 0.017110
0.395736 0.039118 0.019691
0.413155 0.036956 0.016720
0.429886 0.034449 0.018206
0.448723 0.033245 0.025584
0.470371 0.035442 0.015911
0.484611 0.037030 0.014335
0.504579 0.036255 0.016193
0.521717 0.036518 0.015538
0.544918 0.033314 0.019809
0.562670 0.039080 0.021049
0.575155 0.037240 0.019424
0.596171 0.038107 0.013225
0.613758 0.035384 0.015841
0.633941 0.037608 0.015426
0.656951 0.037189 0.025845
0.666702 0.038260 0.018332
0.684246 0.036976 0.013128
0.707326 0.038534 0.020415
0.724442 0.037370 0.018061
0.745993 0.037357 0.021247
0.761119 0.037983 0.007308
0.778015 0.038437 0.017205
0.799326 0.039574 0.017967
0.813888 0.036886 0.023176
0.833355 0.036516 0.017263
0.854601 0.037868 0.016382
0.875120 0.040161 0.023777
0.885510 0.036322 0.014967
0.904200 0.035197 0.020690
0.926241 0.041413 0.019295
0.006183 0.018216 0.005962
0.018239 0.018108 0.005541
0.028257 0.018215 0.006763
0.038616 0.017888 0.008316
0.051965 0.018257 0.011744
0.059121 0.016682 0.007231
0.073669 0.015695 0.009465
0.080545 0.018513 0.006577
0.093716 0.017841 0.008979
0.100688 0.017119 0.008265
0.112975 0.019062 0.008703
0.122303 0.018752 0.007906
0.133330 0.018104 0.005448
0.144018 0.019228 0.008898
0.155609 0.017272 0.008323
0.166340 0.017951 0.008357
0.175456 0.017926 0.007910
0.186419 0.017746 0.009630
0.196689 0.018189 0.006314
0.206250 0.018339 0.008380
0.216559 0.020556 0.008555
0.228474 0.017310 0.008676
0.239302 0.018753 0.009811
0.249168 0.017157 0.008170
0.259946 0.019448 0.008283
0.270727 0.018112 0.006097
0.280481 0.018791 0.008297
0.292080 0.019113 0.007230
0.302869 0.017570 0.009398
0.313124 0.017671 0.008547
0.324016 0.018555 0.006096
0.333968 0.018041 0.005704
0.345713 0.017421 0.010339
0.356080 0.018658 0.005680
0.365255 0.017887 0.007949
0.376212 0.019445 0.006775
0.388759 0.017832 0.005628
0.397936 0.017463 0.008970
0.409865 0.016092 0.007508
0.419656 0.018758 0.010359
0.428322 0.019070 0.007994
0.440199 0.018568 0.008066
0.451143 0.018343 0.007642
0.459967 0.019000 0.007680
0.471642 0.018923 0.007698
0.019154 0.009469 0.019209
0.044267 0.011923 0.022579
0.059837 0.011281 0.018245
0.082224 0.015628 0.017499
0.096336 0.013491 0.016446
0.121103 0.011001 0.017864
0.133822 0.014262 0.019614
0.150418 0.010448 0.013420
0.169096 0.008721 0.023621
0.188546 0.011708 0.019261
0.207827 0.010865 0.014241
0.229769 0.011682 0.010595
0.248230 0.016160 0.021878
0.261682 0.011788 0.024134
0.286644 0.010608 0.021964
0.302626 0.009975 0.015116
0.321121 0.010805 0.020781
0.334802 0.013135 0.017577
0.356504 0.007517 0.018874
0.378070 0.010815 0.019008
0.392794 0.012795 0.011381
0.411503 0.013070 0.016703
0.429160 0.011698 0.020002
0.447925 0.009622 0.021509
0.465688 0.011168 0.023008
0.484144 0.004719 0.027476
0.498562 0.013798 0.017954
0.525635 0.012719 0.017014
0.541943 0.012185 0.015674
0.554510 0.014063 0.022815
0.577980 0.009629 0.024414
0.601531 0.011151 0.024024
0.635496 0.008956 0.020803
0.649918 0.013742 0.022333
0.666392 0.015168 0.023711
0.692013 0.012448 0.024900
0.704412 0.011615 0.023135
0.720895 0.011124 0.019277
0.741679 0.018902 0.026091
0.760245 0.012003 0.021813
0.777532 0.012884 0.019662
0.797969 0.010834 0.016161
0.821025 0.012729 0.021475
0.837469 0.012984 0.022241
0.850226 0.006294 0.020708
0.876859 0.013319 0.016601
0.887022 0.010147 0.016784
0.910379 0.008561 0.019526
0.925268 0.013738 0.022247
0.993118 0.310209 0.002517
0.993115 0.307078 0.002492
0.992707 0.303677 0.002281
0.993857 0.299430 0.002540
0.993908 0.295255 0.002743
0.993971 0.291752 0.002064
0.993767 0.288743 0.002562
0.994102 0.284083 0.002498
0.993431 0.281517 0.002646
0.993857 0.277315 0.002468
0.994664 0.273698 0.002573
0.993135 0.269515 0.002591
0.992722 0.265157 0.002699
0.993549 0.261502 0.002604
0.993240 0.258969 0.002487
0.992012 0.254601 0.002592
0.991586 0.250816 0.002592
0.990192 0.247678 0.002330
0.990217 0.243498 0.002727
0.989417 0.239890 0.002059
0.988067 0.236176 0.002577
0.987293 0.233027 0.002793
0.986043 0.228957 0.002535
0.984474 0.225197 0.002353
0.983749 0.222089 0.002676
0.982430 0.218942 0.002412
0.981422 0.214725 0.002780
0.979471 0.211331 0.002755
0.978993 0.208086 0.002652
0.978274 0.203936 0.002812
0.976691 0.200607 0.002830
0.975242 0.197341 0.002621
0.974015 0.192954 0.002891
0.973561 0.189219 0.002763
0.972014 0.186172 0.002665
0.971519 0.182519 0.002545
0.970708 0.178621 0.002467
0.970681 0.175091 0.002626
0.969480 0.171809 0.002793
0.969359 0.167765 0.002373
0.968928 0.164060 0.002500
0.969119 0.160624 0.002384
0.968323 0.156626 0.002430
0.968979 0.152737 0.002659
0.968472 0.148670 0.002169
0.969024 0.145024 0.002401
0.968656 0.141957 0.003174
0.987537 0.312028 0.002793
0.987566 0.308250 0.002575
0.987936 0.304441 0.002828
0.987833 0.301360 0.002652
0.988501 0.293380 0.002435
0.989304 0.289059 0.002878
0.988576 0.285665 0.002807
0.989387 0.280977 0.002489
0.988623 0.278342 0.002229
0.988942 0.274588 0.002479
0.988778 0.269820 0.002683
0.988535 0.267510 0.002374
0.987773 0.263009 0.002730
0.987024 0.259936 0.002175
0.986532 0.255255 0.002986
0.985803 0.253421 0.002533
0.985069 0.248878 0.002916
0.984140 0.245557 0.002838
0.983471 0.241638 0.002628
0.982571 0.238188 0.002824
0.981767 0.233516 0.002572
0.980983 0.230037 0.002187
0.980238 0.226814 0.002435
0.978203 0.223656 0.002511
0.977340 0.220362 0.002534
0.976507 0.216192 0.002321
0.974688 0.212587 0.002285
0.973032 0.208895 0.002275
0.971609 0.206125 0.002934
0.970931 0.202214 0.002656
0.969781 0.198216 0.002780
0.969050 0.194664 0.002677
0.968158 0.191462 0.002559
0.967008 0.187396 0.002466
0.966188 0.183878 0.002590
0.965076 0.179115 0.002417
0.965223 0.176945 0.002817
0.964037 0.173732 0.003011
0.963831 0.168382 0.002218
0.963452 0.165860 0.002809
0.963192 0.161263 0.002717
0.963001 0.157717 0.002132
0.962949 0.154400 0.002739
0.963499 0.150805 0.002254
0.963649 0.146420 0.002804
0.963536 0.143256 0.002544
0.963678 0.138738 0.002565
0.983038 0.314056 0.002637
0.983100 0.310083 0.002484
0.982970 0.305810 0.002874
0.982753 0.302005 0.002477
0.982542 0.297928 0.002809
0.982705 0.294808 0.002759
0.983576 0.291028 0.002945
0.983677 0.287051 0.002090
0.983188 0.283607 0.002824
0.983400 0.279097 0.002787
0.983366 0.275803 0.002640
0.983007 0.272594 0.002738
0.983066 0.269182 0.002945
0.983129 0.264437 0.003027
0.982391 0.261274 0.002709
0.980961 0.257252 0.002488
0.981523 0.253766 0.002739
0.980752 0.250372 0.002628
0.978605 0.246146 0.002802
0.978934 0.242460 0.002461
0.977041 0.238909 0.002484
0.975958 0.235840 0.002817
0.975510 0.232023 0.002529
0.973301 0.227892 0.002549
0.972936 0.224709 0.002675
0.971313 0.221188 0.002481
0.969896 0.217957 0.002830
0.969095 0.214302 0.002608
0.967718 0.210866 0.002589
0.966983 0.206952 0.002285
0.965537 0.204108 0.002924
0.965103 0.199346 0.002319
0.963141 0.195860 0.002374
0.962505 0.193081 0.002140
0.961735 0.189622 0.002999
0.960635 0.185294 0.002615
0.960609 0.181247 0.002406
0.959694 0.178027 0.002321
0.959038 0.173962 0.002594
0.958958 0.170630 0.002353
0.958304 0.166197 0.002554
0.958478 0.162844 0.002623
0.957658 0.158992 0.002519
0.957919 0.155472 0.003185
0.957618 0.152084 0.002979
0.958286 0.147583 0.002607
0.957927 0.144389 0.002487
0.977254 0.313986 0.002340
0.977577 0.310690 0.002493
0.977203 0.306134 0.002190
0.977323 0.302578 0.002445
0.978396 0.298426 0.002667
0.978474 0.294450 0.002658
0.977876 0.291154 0.002174
0.978015 0.287140 0.002370
0.977562 0.284157 0.002432
0.977868 0.279586 0.002726
0.977174 0.276058 0.002808
0.977955 0.272630 0.002924
0.977473 0.268925 0.002335
0.976635 0.264326 0.002713
0.976822 0.262470 0.003106
0.976597 0.257404 0.002133
0.974856 0.254073 0.002531
0.974811 0.250974 0.002717
0.973415 0.246628 0.002422
0.973209 0.243155 0.002750
0.971909 0.240030 0.002240
0.970122 0.236255 0.002455
0.969678 0.232329 0.002241
0.968532 0.228873 0.002975
0.967350 0.225228 0.002184
0.966490 0.221753 0.002423
0.965090 0.217672 0.002896
0.963283 0.214144 0.002141
0.962137 0.210643 0.002762
0.961769 0.207788 0.002336
0.960298 0.204167 0.002104
0.959022 0.199868 0.002486
0.958189 0.196098 0.002025
0.957003 0.193500 0.002255
0.956131 0.188884 0.002571
0.955914 0.186154 0.002645
0.954557 0.182233 0.002463
0.953712 0.179277 0.002607
0.953621 0.174424 0.002527
0.953274 0.171293 0.002512
0.971897 0.313768 0.002360
0.971193 0.309324 0.002688
0.971784 0.307342 0.002409
0.971901 0.302959 0.002871
0.972104 0.299530 0.002162
0.972639 0.295046 0.002657
0.972606 0.291209 0.002690
0.971965 0.287048 0.002493
0.972083 0.284486 0.002464
0.972285 0.280417 0.002718
0.972249 0.275999 0.002689
0.971786 0.272940 0.002699
0.971666 0.269027 0.002263
0.971166 0.265685 0.002576
0.971463 0.261585 0.002228
0.970294 0.258274 0.002520
0.969997 0.253818 0.002752
0.968439 0.250638 0.002940
0.968545 0.247057 0.002247
0.966973 0.242915 0.002783
0.965930 0.239657 0.002824
0.964961 0.235705 0.002931
0.964159 0.232590 0.002675
0.963482 0.229241 0.002094
0.962422 0.225467 0.002547
0.960516 0.221669 0.002588
0.959419 0.217647 0.002726
0.958713 0.214951 0.002077
0.957015 0.210878 0.002587
0.956368 0.207679 0.002487
0.954632 0.204849 0.002600
0.952751 0.196946 0.002563
0.951240 0.192769 0.002900
0.950102 0.189849 0.002470
0.950226 0.185738 0.002230
0.949361 0.182409 0.002175
0.948672 0.178886 0.002410
0.947804 0.173964 0.002840
0.947938 0.170992 0.002629
0.947313 0.166934 0.002258
0.947131 0.163516 0.002674
0.946785 0.159777 0.002904
