468.35 778.31 30
498.28 776.17 39
559.08 765.07 27
595.65 755.38 27
642.19 746.06 24
682.67 744.50 33
483.12 710.63 28
522.50 706.54 26
568.49 694.98 34
608.70 695.46 28
656.69 679.47 34
696.91 677.91 27
741.04 668.47 37
789.32 659.54 27
834.25 651.30 33
872.00 646.70 22
916.88 633.73 28
966.57 628.00 24
1004.58 625.88 28
1047.43 618.16 26
1094.48 606.29 30
1127.72 601.03 34
1187.31 596.08 32
1227.48 587.94 27
1274.81 573.52 28
1316.45 571.33 31
1362.10 561.89 29
1407.10 553.74 26
1447.43 551.61 29
1495.02 535.30 28
1538.06 532.61 32
1579.67 528.06 30
1622.39 518.15 31
1664.68 508.24 31
1755.43 494.52 27
1798.72 487.32 28
1842.63 482.28 30
490.05 648.99 23
531.65 638.20 34
578.51 635.82 35
621.80 622.18 29
659.40 616.58 33
707.87 608.71 31
754.34 598.20 35
793.04 593.40 23
838.00 589.46 23
875.43 586.97 30
927.65 570.89 31
972.25 565.30 31
1019.35 557.30 33
1064.22 550.94 27
1109.96 542.27 33
1149.76 528.69 24
1188.42 533.19 30
1237.07 514.93 30
1280.06 513.71 31
1322.78 500.20 24
1370.40 493.76 37
1416.75 489.42 25
1453.96 482.78 33
497.73 575.84 23
544.31 570.16 31
587.81 564.26 25
631.58 557.91 25
675.03 554.19 31
719.35 546.88 24
767.75 532.01 31
807.76 523.93 34
855.04 518.18 21
897.84 506.62 26
939.58 507.70 30
985.71 492.78 31
1027.28 487.63 31
1072.19 479.51 29
1112.69 474.79 29
1164.06 463.82 30
1205.17 461.09 35
1248.48 457.93 28
1293.44 445.73 28
1336.13 435.39 34
1376.63 429.54 30
1428.18 419.78 32
1466.75 420.79 27
1515.09 407.26 33
1550.24 398.50 30
1601.16 388.34 26
1643.36 390.84 34
1686.09 379.84 28
1734.59 371.04 31
1781.12 365.78 30
1821.59 355.41 35
1860.40 351.28 33
511.13 511.03 33
557.07 505.06 26
594.27 495.95 22
641.33 493.97 27
687.59 478.47 32
734.17 475.38 27
778.98 465.09 32
819.78 463.41 30
864.15 453.10 30
905.48 444.48 33
950.50 438.35 33
999.31 426.21 26
1039.04 419.04 34
1085.65 413.11 26
1126.48 412.72 29
1176.04 399.88 29
1215.14 395.01 34
1262.02 386.68 34
1307.36 375.26 28
1347.10 376.88 26
1388.68 362.69 30
1439.15 350.05 30
1478.51 349.44 28
1526.39 337.23 27
1567.10 332.74 26
1612.42 322.25 32
1655.60 317.29 21
517.46 449.54 26
564.50 439.32 33
602.99 435.40 33
647.41 424.81 26
696.72 417.90 34
738.65 408.55 25
782.34 406.28 26
531.70 382.97 33
579.25 371.72 38
622.21 366.80 28
664.76 357.97 24
706.12 349.59 33
753.29 343.44 36
798.56 327.43 30
840.91 332.50 24
880.70 319.60 25
927.59 309.48 35
968.92 301.06 29
1020.51 297.31 31
1066.94 289.78 25
1104.95 280.63 35
1149.12 273.66 27
1186.02 269.99 23
1245.53 253.96 26
1285.96 251.93 35
1320.39 242.96 29
1376.19 236.84 31
1414.82 230.79 24
1456.13 219.43 30
1504.53 216.86 34
1543.49 205.38 25
1629.26 192.87 26
1676.55 184.92 29
1719.88 173.62 35
1766.35 165.43 29
538.00 331.99 6
558.89 327.76 6
612.78 318.80 7
633.20 315.55 8
652.65 312.31 6
672.57 308.89 6
693.59 305.41 9
712.40 302.55 7
734.64 297.26 4
543.98 314.62 22
585.96 302.71 32
627.34 298.13 28
677.22 286.52 36
721.25 283.03 29
766.68 273.55 26
807.44 265.60 32
843.61 256.88 30
899.19 245.36 30
933.43 250.73 34
979.82 242.25 29
1026.61 235.90 27
1068.18 225.32 29
1116.43 214.86 33
1161.51 209.66 33
1206.77 208.11 28
1247.23 194.93 26
1292.86 184.62 28
1335.77 179.40 31
1380.54 164.76 38
1422.73 161.07 27
1473.26 148.84 28
1515.24 147.57 32
1551.44 141.01 31
1595.29 136.34 35
1639.77 126.52 29
1688.68 122.75 32
1727.73 110.70 32
1776.96 104.91 34
1818.39 93.98 29
1864.61 90.02 30
1905.22 82.47 30
550.26 262.09 3
558.36 260.23 3
566.47 259.31 3
574.96 257.75 3
583.79 255.89 3
1024.03 965.94 18
1049.40 964.08 15
1074.57 962.29 15
1102.95 960.50 16
1129.54 954.77 16
1153.75 952.14 15
1178.35 943.29 17
1203.37 934.66 14
1232.78 924.25 15
1254.99 917.65 15
1282.17 908.70 15
1303.84 900.42 15
1332.70 895.21 14
1357.99 893.33 16
1009.06 909.58 16
1032.88 906.22 16
1062.66 907.18 16
1085.91 902.07 16
1112.31 896.31 14
1136.57 891.42 15
1162.74 885.95 15
1190.58 874.51 16
1213.75 868.22 15
1240.35 856.97 15
1264.40 851.59 15
1289.71 843.51 16
1312.04 837.45 15
1343.57 837.15 17
104.22 745.33 7
140.61 746.72 11
176.58 745.61 7
211.46 746.26 7
246.95 745.86 9
282.67 745.16 9
318.96 745.58 10
354.52 745.59 8
390.88 745.73 10
425.84 745.86 9
460.69 745.19 8
104.45 698.51 6
141.26 699.05 10
176.30 698.47 8
211.03 698.44 9
247.85 698.07 11
283.09 698.01 8
318.11 698.37 8
353.70 698.58 8
389.34 697.76 8
424.83 698.21 6
459.82 698.67 9
105.34 651.88 7
140.23 651.18 9
176.39 650.76 10
212.44 651.72 8
246.62 652.27 12
282.85 652.49 8
318.50 652.54 8
353.58 652.33 9
389.83 652.15 8
425.65 651.23 9
461.04 652.60 7
104.10 605.35 5
141.25 604.71 7
177.14 604.23 8
212.39 604.49 10
247.42 604.53 8
283.14 604.92 7
318.31 604.77 9
354.26 606.08 9
389.80 604.53 8
425.31 605.61 7
460.54 605.42 7
105.20 557.97 9
140.63 558.64 9
176.11 558.47 9
211.12 559.07 7
247.39 558.70 7
282.47 558.58 8
312.97 563.98 10
353.98 557.80 8
390.41 558.49 7
426.54 559.60 10
460.62 558.71 12
105.15 512.24 9
140.08 512.95 9
175.42 511.85 8
211.33 511.78 7
247.16 511.97 6
283.15 512.30 10
318.11 512.44 8
353.21 511.41 10
388.87 511.24 8
424.86 510.78 8
459.99 510.81 8
105.87 465.49 8
140.57 465.44 7
176.95 465.41 9
212.10 465.39 7
246.44 464.14 8
282.44 464.47 10
318.80 464.59 11
353.77 465.22 10
389.63 465.99 9
424.75 465.55 10
461.36 465.72 10
469.15 1100.31 11
484.59 1099.74 17
500.63 1100.41 18
518.31 1097.90 16
533.43 1098.20 16
552.03 1097.65 17
567.06 1098.04 17
585.43 1098.36 14
603.60 1100.07 13
619.83 1099.50 15
634.93 1098.87 16
657.28 1098.04 14
672.33 1100.33 17
688.39 1098.04 14
703.31 1098.62 14
722.20 1098.35 18
738.46 1099.45 14
755.28 1097.97 15
772.63 1100.04 17
783.82 1098.66 14
807.15 1099.27 15
819.46 1099.88 18
839.34 1099.09 13
851.46 1096.25 15
869.14 1096.96 16
888.81 1097.20 15
905.08 1101.20 14
917.24 1097.28 15
938.90 1099.14 16
955.14 1102.60 16
969.71 1099.24 15
987.65 1101.18 16
470.67 1077.50 15
485.26 1077.75 14
505.28 1078.28 19
521.21 1075.57 16
537.02 1077.25 17
550.00 1079.23 15
569.80 1078.73 15
586.79 1076.54 14
600.99 1079.85 15
616.38 1080.79 15
634.69 1080.15 13
654.69 1078.17 16
668.97 1080.14 15
687.28 1082.85 16
701.29 1076.87 16
717.10 1079.58 17
737.90 1081.77 15
751.15 1076.44 15
773.67 1079.17 17
785.57 1079.65 13
802.10 1081.24 18
819.32 1077.92 17
833.67 1081.71 16
852.22 1078.03 15
870.63 1078.60 13
885.53 1078.58 16
906.58 1082.82 16
919.76 1080.13 15
936.69 1076.67 14
951.74 1079.40 14
968.88 1080.31 14
988.91 1076.82 17
467.37 1063.41 17
488.51 1057.09 17
504.33 1060.86 17
518.92 1059.65 15
536.78 1061.77 16
552.49 1057.93 16
569.98 1058.51 15
586.11 1058.69 15
602.09 1060.03 15
618.01 1059.27 13
635.44 1058.17 17
654.69 1059.27 17
669.34 1059.10 16
686.52 1059.86 16
704.79 1059.21 14
721.39 1061.06 15
738.34 1056.22 16
769.30 1061.13 16
783.53 1058.67 17
803.06 1059.15 17
819.76 1057.52 18
837.11 1059.49 14
855.43 1056.49 18
868.92 1062.61 16
885.93 1059.58 17
907.15 1059.93 15
922.34 1057.39 15
939.91 1055.84 17
955.80 1060.50 15
973.01 1059.68 14
988.30 1054.71 14
469.30 1049.59 3
479.16 1049.82 3
471.41 1040.67 16
486.66 1039.95 18
498.41 1041.75 16
517.04 1037.54 15
536.56 1041.75 17
550.72 1038.29 15
567.95 1041.37 15
587.99 1038.92 15
603.51 1040.96 17
616.89 1040.06 13
635.99 1039.19 18
652.11 1039.15 16
669.51 1041.94 18
686.61 1040.85 16
704.08 1039.11 15
721.13 1038.09 14
737.56 1040.60 13
753.75 1038.67 18
769.16 1037.55 16
801.62 1039.82 18
818.76 1036.77 16
837.26 1039.76 13
852.01 1040.50 13
870.60 1039.93 15
888.34 1038.28 17
907.42 1033.72 17
922.31 1036.96 16
940.43 1039.38 14
956.07 1041.14 17
971.51 1044.78 17
988.06 1042.28 16
468.88 1029.60 4
473.15 1028.45 4
478.26 1028.74 4
470.77 1017.47 13
488.47 1018.29 16
503.75 1020.68 13
520.06 1019.85 13
534.31 1016.85 17
551.84 1018.17 14
571.09 1025.04 17
586.32 1021.03 13
603.01 1016.99 16
621.82 1016.42 16
634.29 1021.22 16
653.35 1016.15 15
669.89 1017.09 16
686.53 1021.97 14
700.44 1021.58 16
720.38 1016.61 18
736.69 1022.26 15
755.48 1016.50 16
768.13 1022.10 16
789.91 1022.42 17
805.77 1018.92 16
821.38 1021.26 14
838.88 1019.22 15
853.13 1022.02 14
869.85 1022.86 19
887.77 1018.96 16
907.23 1021.83 16
922.51 1023.36 18
939.39 1020.93 14
956.26 1025.55 16
969.09 1025.18 15
987.36 1016.32 17
467.70 1000.84 15
483.50 999.11 16
503.36 1000.14 13
519.13 1002.06 15
537.18 1001.41 15
551.62 999.17 14
568.48 1001.24 16
586.25 1002.51 16
600.61 1002.32 16
619.86 1000.12 14
636.53 997.97 18
667.77 1000.24 14
684.72 1000.24 15
701.09 998.61 14
719.81 999.70 17
736.63 997.69 18
754.09 1001.24 15
470.88 977.64 12
487.98 981.72 15
502.13 980.96 14
519.74 980.32 15
534.73 977.24 16
551.45 977.24 14
573.45 982.84 17
586.04 978.90 15
600.34 980.86 16
623.13 977.65 15
637.95 980.27 15
655.81 978.18 16
666.19 978.47 16
687.13 979.65 15
708.05 981.20 16
715.17 982.93 16
735.80 981.10 18
757.15 978.23 16
773.33 980.81 13
783.62 982.23 16
803.73 981.86 12
835.95 983.45 20
855.17 976.96 16
869.12 981.41 15
889.14 981.03 15
907.01 979.35 16
918.99 982.93 14
938.18 983.39 18
952.61 978.27 14
973.10 978.80 14
988.69 983.37 17
467.14 962.29 16
488.77 961.01 13
499.70 958.74 13
519.44 960.74 14
534.92 955.08 16
552.18 958.92 18
569.79 956.60 16
586.34 958.27 13
601.54 960.83 15
617.54 961.76 16
638.08 960.48 14
652.74 959.07 15
668.56 959.21 14
687.83 957.39 16
705.43 959.89 13
719.73 960.81 17
736.50 958.93 15
751.07 958.11 15
768.37 961.18 15
788.31 959.13 14
802.12 960.66 16
822.01 957.54 17
839.07 960.10 18
854.23 958.16 18
870.73 961.01 15
887.87 961.33 15
907.04 958.84 19
918.40 961.19 17
936.92 958.48 16
957.87 961.98 13
968.42 960.80 15
987.47 958.89 14
469.21 940.25 16
483.32 941.75 16
503.40 940.50 11
518.79 940.92 13
535.51 941.31 16
549.51 938.02 13
569.66 941.81 15
587.31 940.89 18
600.97 941.97 16
617.77 938.12 17
634.97 938.65 17
651.78 944.26 14
669.99 940.24 15
686.67 944.52 14
705.96 944.34 16
720.07 941.63 16
737.48 938.39 14
755.04 937.78 16
772.23 942.57 18
783.69 941.21 17
799.30 942.22 16
819.48 942.39 12
836.62 941.92 14
856.82 943.15 16
868.09 940.83 15
885.46 940.98 16
905.11 941.57 17
922.46 941.07 16
938.85 942.85 16
952.18 941.93 16
973.03 943.79 13
988.69 938.95 18
466.69 921.76 15
488.71 923.31 16
500.72 921.84 16
517.60 920.37 16
535.43 922.15 15
552.54 921.16 14
570.62 918.16 17
584.50 917.94 16
604.30 920.23 14
619.22 922.12 15
633.24 918.43 15
653.37 918.88 14
467.72 902.08 13
486.52 902.05 16
504.06 901.20 12
518.51 901.10 16
533.47 899.77 15
551.28 903.23 17
569.60 899.57 17
609.65 898.59 16
620.47 904.47 16
634.55 903.82 14
655.03 901.43 14
669.20 901.03 13
689.23 900.53 16
703.53 905.67 17
721.67 899.88 18
734.05 898.60 18
750.36 902.07 15
771.37 900.68 14
784.29 903.34 16
802.75 900.89 14
821.48 903.13 16
837.38 901.28 15
855.63 902.16 15
873.31 905.40 17
886.43 899.39 16
902.45 902.42 15
921.76 902.81 14
939.20 903.08 14
954.42 902.74 16
968.07 901.66 17
987.48 899.24 13
468.24 883.22 13
487.95 881.60 14
502.37 880.59 19
514.47 881.37 14
533.70 885.57 19
552.57 883.14 15
570.33 878.30 18
588.71 882.64 15
602.56 883.09 19
617.26 883.85 18
637.04 878.56 16
653.24 882.52 19
664.80 879.05 16
466.85 862.00 16
486.44 862.09 14
523.23 863.42 16
537.13 865.37 20
548.83 860.24 14
570.08 864.65 17
586.88 863.51 15
603.15 860.93 16
618.82 860.87 14
635.65 860.61 15
471.87 840.14 16
485.71 843.22 19
503.87 842.24 15
518.00 843.98 18
535.55 844.03 16
553.25 841.19 15
571.65 841.50 16
582.33 839.64 15
602.90 842.15 13
620.79 841.71 17
635.73 844.05 14
653.62 843.12 14
667.57 843.56 14
689.20 843.49 17
702.22 846.80 16
719.03 842.29 16
737.72 839.24 16
754.38 839.85 16
772.00 840.24 18
789.76 842.93 17
807.81 842.12 14
819.26 840.07 14
840.24 841.07 18
853.17 838.78 15
869.01 841.60 16
886.28 841.72 13
900.46 840.21 18
922.95 837.92 18
935.81 838.73 16
954.08 836.16 17
968.90 842.28 18
987.01 842.00 14
471.94 820.13 14
485.46 820.21 18
501.47 822.74 16
516.15 822.27 15
533.28 823.78 14
551.52 823.74 16
567.33 822.55 15
584.62 823.08 13
604.64 821.45 15
618.73 821.70 12
636.77 820.38 13
651.57 819.72 17
668.39 825.98 15
685.09 823.59 15
705.36 822.71 16
719.07 821.91 17
736.07 822.64 16
753.48 821.36 15
769.98 822.95 10
788.37 824.23 16
801.69 822.33 16
817.26 821.50 17
838.49 823.03 19
855.35 820.02 16
873.03 818.28 17
886.75 824.69 13
905.53 824.08 14
924.13 821.58 18
935.51 825.25 14
954.93 824.68 16
974.10 822.68 16
988.18 822.53 17
468.60 809.94 7
479.61 809.55 7
492.32 811.27 7
501.47 810.04 6
515.60 810.36 6
524.70 810.87 7
536.39 812.03 7
549.78 808.94 7
559.60 810.64 7
571.64 812.88 7
596.52 809.99 7
607.64 810.53 7
616.86 810.48 7
630.50 810.98 7
640.90 810.14 7
653.84 810.81 5
676.82 808.26 7
687.53 810.91 8
700.39 811.25 7
711.30 809.88 8
724.72 810.39 7
734.29 810.18 8
746.39 811.73 7
758.52 809.70 6
469.49 802.98 14
486.00 806.55 19
501.68 801.70 16
517.60 804.09 14
539.16 799.53 16
552.30 804.19 18
569.22 804.81 14
584.63 804.38 18
620.36 802.37 14
635.70 802.95 17
652.69 800.49 17
671.25 801.26 14
688.43 801.52 13
705.97 803.39 13
468.70 794.07 1
473.10 794.23 1
476.33 794.35 1
481.02 794.05 2
488.26 793.75 2
492.14 793.65 1
496.07 794.08 1
500.28 794.06 1
504.16 794.46 1
512.54 794.01 2
515.71 794.06 1
469.81 785.09 15
483.55 782.51 16
501.62 781.77 17
516.25 784.26 15
536.72 782.47 15
555.36 782.06 15
567.37 783.28 15
585.27 784.02 17
603.44 783.75 14
638.87 784.20 16
649.76 781.96 15
670.59 782.57 18
690.82 783.07 16
705.81 781.52 14
723.78 784.59 16
737.32 784.54 16
753.91 782.57 15
766.00 783.38 15
785.69 783.13 15
802.10 781.47 14
815.00 784.51 16
838.00 780.12 19
854.02 785.91 15
870.35 783.21 17
889.26 785.21 16
902.87 782.94 15
917.24 783.84 14
939.16 784.50 17
954.51 783.15 14
972.85 780.99 16
986.26 781.86 15
1194.71 1039.16 29
1241.97 1042.49 29
1301.05 1043.89 29
1348.70 1042.68 29
1404.21 1038.46 28
1460.17 1044.91 28
1509.63 1045.61 29
1562.84 1038.44 29
