0.429345 0.095574 0.003912
0.441254 0.092821 0.003500
0.451063 0.091245 0.005065
0.462824 0.086732 0.014729
0.474681 0.084587 0.009496
0.484946 0.082029 0.003313
0.496713 0.079326 0.009229
0.506648 0.076212 0.003895
0.517625 0.073764 0.002706
0.528980 0.070143 0.005673
0.538777 0.066809 0.004176
0.551152 0.063370 0.002750
0.561887 0.061751 0.004361
0.571919 0.058046 0.005220
0.595379 0.053240 0.003127
0.605776 0.050186 0.004533
0.616542 0.046968 0.008842
0.628166 0.044120 0.003806
0.638263 0.042045 0.004517
0.649445 0.038802 0.003009
0.661610 0.034792 0.004972
0.672511 0.033501 0.006102
0.683798 0.029575 0.003437
0.694213 0.026636 0.009146
0.706150 0.023871 0.002036
0.715659 0.021301 0.004352
0.728163 0.018968 0.004158
0.432865 0.106866 0.004903
0.443943 0.103662 0.001621
0.455279 0.100936 0.003194
0.465271 0.098468 0.004806
0.476333 0.094818 0.007435
0.488372 0.091335 0.006588
0.499152 0.089129 0.005059
0.510117 0.086642 0.004898
0.519579 0.083171 0.009598
0.532464 0.079886 0.005106
0.542863 0.077797 0.005893
0.554215 0.075205 0.005760
0.563834 0.072903 0.006230
0.575782 0.068921 0.006512
0.585608 0.067411 0.005237
0.597999 0.062733 0.008105
0.608795 0.060697 0.007520
0.619973 0.057893 0.006267
0.630643 0.056397 0.010212
0.642226 0.052714 0.002732
0.663141 0.047154 0.007469
0.675131 0.043467 0.003718
0.685930 0.040842 0.006921
0.696416 0.038733 0.005080
0.708625 0.034765 0.002852
0.718225 0.031798 0.007316
0.729723 0.029338 0.003287
0.434173 0.118328 0.004101
0.445257 0.115244 0.004988
0.457364 0.111617 0.004093
0.469547 0.108715 0.003957
0.478934 0.106346 0.004759
0.490180 0.103505 0.004314
0.501309 0.101102 0.008293
0.513147 0.098246 0.005321
0.524736 0.094386 0.009185
0.534516 0.091320 0.004762
0.545484 0.089418 0.008191
0.557001 0.085725 0.003894
0.568165 0.084046 0.001878
0.578523 0.080758 0.005285
0.589781 0.077996 0.000888
0.599855 0.073665 0.008343
0.611730 0.071786 0.006887
0.622034 0.069577 0.006335
0.634365 0.065155 0.004669
0.645575 0.062986 0.005690
0.654785 0.061356 0.004767
0.665748 0.058177 0.009704
0.677204 0.054206 0.006653
0.688914 0.052280 0.004186
0.700611 0.049146 0.003687
0.710810 0.046486 0.007820
0.722590 0.043189 0.005629
0.732114 0.040685 0.008244
0.437789 0.128774 0.006051
0.448832 0.125686 0.007748
0.459193 0.122352 0.000374
0.470597 0.120663 0.006802
0.482511 0.117467 0.003781
0.493303 0.114435 0.007752
0.504773 0.111751 0.007935
0.514116 0.109398 0.007012
0.527006 0.105232 0.005718
0.538314 0.102738 0.005809
0.549601 0.100131 0.005972
0.559525 0.098155 0.005996
0.569941 0.094366 0.002404
0.581766 0.091592 0.006883
0.592437 0.088343 0.006045
0.603929 0.085348 0.004503
0.613332 0.084021 0.008684
0.624989 0.078842 0.004816
0.636835 0.077731 0.007157
0.646898 0.074118 0.008375
0.657953 0.071383 0.010677
0.670695 0.068349 0.005806
0.681018 0.065723 0.007447
0.691245 0.063389 0.001767
0.703882 0.060277 0.005526
0.713709 0.057769 0.004480
0.724061 0.053527 0.006445
0.735366 0.051498 0.001651
0.440551 0.140241 0.007473
0.452265 0.137228 0.006918
0.462690 0.133430 0.008626
0.474308 0.132119 0.005869
0.484832 0.129058 0.005589
0.496355 0.125467 0.005849
0.507024 0.124454 0.007233
0.518129 0.119219 0.002193
0.528440 0.116993 0.008619
0.540729 0.113846 0.004829
0.551667 0.111452 0.001262
0.561976 0.108036 0.006610
0.573266 0.105111 0.010541
0.584110 0.103336 0.004209
0.595046 0.099701 0.003152
0.606614 0.097376 0.000374
0.618179 0.094623 0.001402
0.627400 0.091253 0.006505
0.639119 0.087821 0.003918
0.660908 0.082990 0.004108
0.671954 0.080478 0.007218
0.684196 0.076817 0.003817
0.694172 0.073326 0.008842
0.706765 0.070915 0.004249
0.717415 0.069002 0.011052
0.728001 0.066159 0.004504
0.738591 0.062085 0.004578
0.443737 0.151184 0.008921
0.454721 0.148403 0.009909
0.465354 0.144488 0.003147
0.476121 0.142836 0.001662
0.487354 0.138654 0.008785
0.498876 0.135729 0.004531
0.509216 0.133455 0.002692
0.520102 0.130251 0.008816
0.531591 0.128188 0.001905
0.544038 0.125091 0.005739
0.554772 0.121719 0.007012
0.565400 0.119124 0.007861
0.575918 0.117009 0.008327
0.587764 0.113664 0.003428
0.597467 0.112176 0.006796
0.609824 0.108545 0.006747
0.620074 0.104035 0.009568
0.632557 0.101662 0.007091
0.642563 0.098733 0.003008
0.652905 0.095742 0.002560
0.664671 0.094097 0.004455
0.674992 0.090790 0.011474
0.686523 0.087093 0.005406
0.697442 0.085849 0.003232
0.709152 0.082783 0.006184
0.720062 0.078918 0.008226
0.742345 0.072946 0.005117
0.445054 0.162439 0.009965
0.456693 0.158505 0.008454
0.469082 0.155976 0.008693
0.480200 0.153424 0.003293
0.491741 0.149824 0.003904
0.501859 0.148509 0.004056
0.512616 0.144254 0.005512
0.524359 0.141964 0.005995
0.534571 0.139277 0.002100
0.545986 0.135229 0.003053
0.556766 0.134054 0.006120
0.567752 0.130609 0.006660
0.579647 0.128017 0.010157
0.590386 0.124718 0.005863
0.600609 0.122154 0.008207
0.613138 0.119725 0.000919
0.622310 0.116306 0.006731
0.634448 0.113338 0.001946
0.645550 0.109923 0.003528
0.655999 0.107686 0.006011
0.666526 0.104698 0.005996
0.677706 0.101862 0.004069
0.689613 0.099526 0.007421
0.701298 0.095431 0.001404
0.711247 0.093164 0.004418
0.721279 0.090302 0.006172
0.733480 0.088779 0.004460
0.743483 0.084725 0.006214
0.450187 0.172680 0.010580
0.460860 0.170191 0.004358
0.471620 0.166419 0.005396
0.481603 0.165607 0.003382
0.503811 0.158409 0.005182
0.515616 0.156212 0.008031
0.537601 0.150957 0.008379
0.549358 0.147208 0.006408
0.559363 0.145290 0.002764
0.571217 0.140318 0.002203
0.582163 0.138405 0.002580
0.592429 0.136151 0.006525
0.603581 0.132513 0.005015
0.616294 0.130640 0.008550
0.626249 0.127181 0.005236
0.648016 0.121535 0.007744
0.659008 0.119063 0.010553
0.670510 0.115539 0.002123
0.680766 0.112894 0.008424
0.692609 0.109616 0.005770
0.703105 0.107367 0.007713
0.713905 0.104274 0.004777
0.725867 0.101093 0.009040
0.736679 0.099016 0.003717
0.746301 0.095643 0.006787
0.452304 0.183522 0.006879
0.463353 0.181122 0.008280
0.474535 0.178014 0.002782
0.486005 0.174857 0.001646
0.495735 0.173212 0.010075
0.507878 0.169664 0.008791
0.518354 0.166994 0.005105
0.530255 0.164664 0.005719
0.540195 0.161634 0.002737
0.551803 0.158372 0.009967
0.563497 0.154954 0.002020
0.573842 0.153070 0.006943
0.585136 0.149314 0.005686
0.594508 0.147929 0.008326
0.606308 0.144682 0.008608
0.617200 0.141060 0.003090
0.628793 0.138555 0.003409
0.639865 0.135737 0.006444
0.651323 0.132331 0.001793
0.661380 0.129958 0.008220
0.674288 0.127120 0.007163
0.684940 0.122575 0.000954
0.694728 0.121184 0.010076
0.706592 0.118210 0.003745
0.718273 0.115133 0.007956
0.727883 0.111978 0.003313
0.739301 0.109231 0.009399
0.750844 0.106312 0.005128
0.456211 0.195986 0.003753
0.466344 0.191845 0.008415
0.477395 0.189865 0.004782
0.488835 0.187067 0.003360
0.499344 0.183665 0.003504
0.511356 0.181714 0.006301
0.521330 0.177841 0.006699
0.542991 0.172057 0.004509
0.555597 0.169176 0.005565
0.565469 0.167011 0.003943
0.575740 0.163148 0.008688
0.587823 0.160071 0.008690
0.598520 0.158505 0.003526
0.610145 0.155192 0.004212
0.620577 0.151736 0.012072
0.631617 0.148505 0.007251
0.642553 0.145350 0.003450
0.664872 0.141037 0.004411
0.675302 0.137501 0.005021
0.687237 0.135474 0.008532
0.698237 0.131959 0.004173
0.707860 0.128636 0.004281
0.719916 0.126837 0.005169
0.731219 0.123378 0.006642
0.742504 0.120382 0.005014
0.754184 0.117795 0.010524
0.458581 0.205765 0.003960
0.470019 0.204940 0.008195
0.480161 0.200125 0.003184
0.491414 0.197479 0.002499
0.502224 0.194738 0.005217
0.513909 0.192809 0.005106
0.523230 0.189493 0.000806
0.535140 0.185609 0.002904
0.547479 0.183572 0.007740
0.557058 0.180346 0.009037
0.567648 0.177649 0.010154
0.579045 0.174322 0.009144
0.590617 0.172483 0.004003
0.602179 0.168996 0.006373
0.611384 0.165985 0.006122
0.623406 0.163005 0.004434
0.635470 0.160618 0.007759
0.645694 0.156572 0.005700
0.656374 0.155208 0.008382
0.668171 0.150400 0.007968
0.678879 0.149011 0.008442
0.689677 0.145707 0.007159
0.700924 0.143270 0.004043
0.711552 0.140150 0.003606
0.723714 0.138244 0.006495
0.734510 0.134073 0.005706
0.744996 0.131169 0.008434
0.756401 0.128561 0.002555
0.460892 0.216674 0.008001
0.471622 0.213496 0.006100
0.483065 0.211161 0.002091
0.493879 0.208534 0.007900
0.504930 0.205092 0.006505
0.516142 0.203070 0.004555
0.527938 0.199479 0.003967
0.537459 0.197937 0.008390
0.549094 0.194591 0.003806
0.560341 0.189901 0.009724
0.570928 0.188616 0.005097
0.582240 0.185673 0.006829
0.593149 0.181868 0.006208
0.604424 0.180244 0.006042
0.615292 0.176148 0.006648
0.625960 0.173990 0.003279
0.637155 0.171062 0.009243
0.648137 0.169370 0.007649
0.659173 0.165003 0.007118
0.670201 0.163074 0.005881
0.680679 0.159912 0.005722
0.692530 0.156842 0.008963
0.703472 0.153173 0.005544
0.715236 0.152802 0.004682
0.725501 0.147275 0.003530
0.737087 0.144994 0.002308
0.748119 0.143126 0.007791
0.758847 0.139451 0.006560
0.464474 0.228226 0.002304
0.474823 0.224929 0.005802
0.485536 0.222952 0.006255
0.497441 0.219809 0.009439
0.508103 0.217040 0.006612
0.518021 0.213763 0.007995
0.529707 0.210739 0.012476
0.540404 0.208005 0.002070
0.551898 0.203706 0.009997
0.562890 0.202131 0.007084
0.573285 0.200626 0.006411
0.584365 0.196087 0.003741
0.596992 0.194055 0.005120
0.607198 0.190837 0.007990
0.618287 0.187883 0.003218
0.628879 0.184331 0.002854
0.640511 0.182919 0.008695
0.651841 0.178786 0.005315
0.662574 0.176524 0.005075
0.673278 0.174046 0.002419
0.684616 0.171391 0.005307
0.696333 0.167841 0.005334
0.706813 0.165023 0.005257
0.729591 0.159784 0.006031
0.738774 0.155813 0.007630
0.749317 0.153715 0.002839
0.761446 0.150511 0.005632
0.466829 0.239413 0.006219
0.477917 0.236451 0.004408
0.488016 0.234002 0.004801
0.499646 0.230220 0.002091
0.510489 0.227540 0.001833
0.522554 0.225194 0.004146
0.533697 0.222914 0.005475
0.543960 0.219039 0.007060
0.554336 0.216051 0.010110
0.566325 0.213749 0.006872
0.577057 0.210548 0.008546
0.587800 0.206754 0.004180
0.599366 0.205453 0.005119
0.610662 0.201677 0.004445
0.620762 0.199608 0.003551
0.631343 0.195964 0.009116
0.643102 0.192370 0.004302
0.654560 0.190422 0.005228
0.665349 0.187670 0.008465
0.675432 0.185235 0.004778
0.687268 0.182082 0.006590
0.698294 0.180033 0.007756
0.709541 0.176690 0.008583
0.720563 0.173474 0.006683
0.730799 0.170295 0.003734
0.742010 0.166907 0.004802
0.753095 0.165071 0.005936
0.764371 0.161761 0.004206
0.479896 0.247308 0.007853
0.491857 0.244617 0.009977
0.502833 0.241822 0.005852
0.513186 0.239033 0.001078
0.525171 0.235784 0.011675
0.547864 0.230332 0.005678
0.558578 0.227472 0.006499
0.568518 0.223872 0.004375
0.579188 0.221329 0.008718
0.590345 0.218436 0.007384
0.601197 0.215677 0.007999
0.613838 0.212364 0.006478
0.623177 0.209714 0.005311
0.634974 0.206210 0.008252
0.645406 0.205230 0.003082
0.657007 0.201084 0.003374
0.679115 0.196477 0.005863
0.690905 0.193003 0.002520
0.701395 0.190720 0.003036
0.712515 0.186612 0.003157
0.723237 0.184328 0.008328
0.733908 0.182117 0.003499
0.745241 0.178476 0.002442
0.756529 0.175181 0.001808
0.767946 0.172881 0.005752
0.472340 0.262143 0.002963
0.482725 0.257740 0.004626
0.494492 0.256146 0.009343
0.505254 0.253150 0.006043
0.516337 0.249287 0.000516
0.527277 0.246765 0.007133
0.538859 0.244323 0.001617
0.549698 0.240047 0.003856
0.560092 0.238404 0.006851
0.571853 0.235562 0.002996
0.582381 0.232492 0.001381
0.594244 0.229444 0.006603
0.604060 0.225770 0.000374
0.615101 0.223270 0.002859
0.638067 0.219677 0.004714
0.648919 0.215417 0.000374
0.659532 0.212870 0.004802
0.670990 0.209692 0.007078
0.680733 0.207512 0.000374
0.692943 0.203259 0.004847
0.704376 0.202286 0.005262
0.713858 0.198149 0.008135
0.726664 0.194229 0.007076
0.737367 0.192150 0.003358
0.748556 0.189578 0.003156
0.759865 0.186622 0.005940
0.769743 0.183139 0.000451
0.474666 0.272787 0.007618
0.487306 0.269049 0.008119
0.497243 0.267643 0.007433
0.507311 0.263920 0.004436
0.518575 0.262096 0.003649
0.531410 0.256902 0.002461
0.541585 0.255255 0.004634
0.552975 0.253234 0.007544
0.563845 0.250028 0.004799
0.574973 0.246933 0.003706
0.586748 0.243496 0.007217
0.596503 0.241224 0.004815
0.608420 0.238349 0.005972
0.618630 0.234272 0.003720
0.629602 0.232691 0.007777
0.640459 0.229875 0.006567
0.651674 0.226059 0.002582
0.662634 0.224071 0.008145
0.674320 0.220074 0.004872
0.685829 0.217276 0.007076
0.696352 0.215252 0.006139
0.706345 0.210768 0.000833
0.717187 0.208976 0.003834
0.728314 0.205703 0.010875
0.740501 0.202957 0.005287
0.751343 0.199759 0.004309
0.762791 0.197163 0.004312
0.772648 0.194931 0.003596
0.478249 0.283665 0.005583
0.489996 0.280608 0.009463
0.500643 0.278345 0.004098
0.510877 0.275546 0.002350
0.522000 0.272611 0.005806
0.532451 0.269029 0.002402
0.543669 0.266371 0.005150
0.556298 0.263487 0.010094
0.565598 0.259701 0.007899
0.578198 0.257047 0.004025
0.589095 0.254415 0.011861
0.599723 0.251521 0.005000
0.610154 0.249060 0.009117
0.622804 0.245735 0.005167
0.633380 0.243975 0.003511
0.644235 0.239918 0.004333
0.654504 0.236523 0.005003
0.664730 0.234022 0.007813
0.676926 0.231010 0.005974
0.698201 0.226629 0.004510
0.709926 0.223322 0.010767
0.720895 0.219671 0.010127
0.731297 0.217802 0.005125
0.743300 0.215424 0.005330
0.753945 0.211394 0.005008
0.765227 0.208539 0.001431
0.776132 0.206306 0.000374
0.480936 0.294756 0.005038
0.491830 0.290983 0.004263
0.502467 0.287264 0.009026
0.514763 0.284776 0.005501
0.525599 0.283568 0.009110
0.535630 0.279367 0.007105
0.547185 0.277239 0.003301
0.558831 0.274107 0.010715
0.569931 0.270883 0.008186
0.579738 0.267943 0.006259
0.591759 0.265293 0.011133
0.602699 0.262382 0.003095
0.613961 0.260546 0.008481
0.624046 0.257263 0.009515
0.636604 0.255446 0.007567
0.646500 0.252045 0.009314
0.657044 0.248818 0.003645
0.669676 0.244395 0.006009
0.679899 0.242596 0.006751
0.690891 0.239386 0.005396
0.703040 0.236697 0.010458
0.711703 0.233961 0.003667
0.723291 0.230981 0.008535
0.733986 0.229638 0.005731
0.745597 0.225480 0.007177
0.757851 0.222451 0.006138
0.768123 0.219404 0.004441
0.779392 0.216849 0.008470
0.483848 0.306542 0.002118
0.494376 0.302042 0.005818
0.505557 0.299849 0.008068
0.528255 0.294340 0.006635
0.539326 0.290204 0.005415
0.561581 0.285597 0.006010
0.571414 0.282848 0.007897
0.582992 0.279076 0.005249
0.594652 0.276706 0.009146
0.605811 0.274765 0.002199
0.616840 0.271270 0.005625
0.626837 0.267777 0.007682
0.637795 0.264850 0.004931
0.649503 0.261587 0.005814
0.661355 0.260007 0.004206
0.671349 0.256173 0.003361
0.682487 0.253421 0.007338
0.693667 0.251003 0.012903
0.704147 0.247015 0.005033
0.715706 0.245025 0.006398
0.726466 0.242861 0.007814
0.737774 0.240240 0.004590
0.749160 0.236746 0.008953
0.758991 0.233431 0.005862
0.770767 0.231102 0.009970
0.781752 0.227879 0.006218
0.486838 0.316490 0.003271
0.497613 0.314091 0.007807
0.508725 0.309889 0.001926
0.520063 0.307085 0.008363
0.531781 0.305935 0.003043
0.540775 0.301815 0.003151
0.553200 0.299210 0.003562
0.563564 0.295517 0.008189
0.575847 0.293374 0.004769
0.585577 0.291022 0.009346
0.596685 0.286993 0.007735
0.618037 0.282182 0.006826
0.631518 0.280028 0.004849
0.641603 0.275623 0.005701
0.652132 0.273676 0.003501
0.662761 0.271598 0.005750
0.685927 0.265522 0.007366
0.696890 0.262356 0.006199
0.707809 0.259042 0.005684
0.719252 0.256495 0.008018
0.730100 0.253438 0.003585
0.738819 0.250567 0.008079
0.752631 0.247665 0.006914
0.763395 0.245134 0.000434
0.773450 0.242359 0.005593
0.784328 0.237471 0.006478
0.490195 0.327404 0.003958
0.500016 0.324856 0.008082
0.512851 0.321674 0.001580
0.522697 0.319393 0.003846
0.534005 0.316638 0.003452
0.544489 0.313908 0.009400
0.556074 0.310467 0.006896
0.568041 0.307931 0.002422
0.588949 0.301920 0.010418
0.599117 0.300110 0.009198
0.610949 0.296288 0.001704
0.621530 0.292735 0.004214
0.633101 0.290283 0.005606
0.643454 0.287460 0.006379
0.655830 0.283668 0.007336
0.666494 0.281544 0.005794
0.677172 0.279094 0.007896
0.687965 0.275303 0.006009
0.699464 0.273293 0.002718
0.710453 0.268633 0.005201
0.720640 0.267008 0.002885
0.732149 0.264610 0.004355
0.743470 0.261683 0.007777
0.754432 0.259131 0.008768
0.765886 0.255474 0.007656
0.776399 0.252541 0.002463
0.787847 0.248618 0.003533
0.492112 0.338287 0.007161
0.502810 0.335293 0.008186
0.514637 0.333418 0.001620
0.524458 0.330665 0.001935
0.536378 0.327286 0.004940
0.548309 0.324700 0.006120
0.559787 0.321996 0.006596
0.569213 0.319125 0.003880
0.580689 0.315395 0.009149
0.591998 0.312250 0.001233
0.602024 0.310615 0.005977
0.614726 0.308103 0.006731
0.625411 0.304365 0.007493
0.636500 0.300787 0.005725
0.647642 0.298549 0.008284
0.657553 0.295149 0.005873
0.668135 0.291887 0.001597
0.680299 0.289892 0.004810
0.691275 0.286510 0.006043
0.704262 0.284312 0.002239
0.712083 0.279731 0.010327
0.723541 0.278118 0.001173
0.735312 0.275461 0.005679
0.745945 0.272376 0.008316
0.756531 0.269809 0.003657
0.768075 0.267594 0.008499
0.779766 0.262962 0.001676
0.790215 0.260351 0.001274
0.495670 0.348814 0.005518
0.506666 0.347288 0.006621
0.518772 0.343260 0.008188
0.528279 0.341097 0.007961
0.539709 0.337174 0.008376
0.550138 0.334647 0.008715
0.561124 0.332351 0.007036
0.572513 0.331254 0.006733
0.582923 0.326396 0.003737
0.594248 0.323243 0.001569
0.605529 0.321424 0.008390
0.616213 0.318403 0.009959
0.626971 0.313780 0.004487
0.649133 0.309115 0.006292
0.661573 0.306511 0.002438
0.672376 0.303454 0.004237
0.683227 0.301534 0.004757
0.693886 0.297955 0.001229
0.705667 0.294383 0.008103
0.716905 0.292261 0.004041
0.728016 0.288195 0.005721
0.738741 0.285209 0.001534
0.749311 0.283605 0.000374
0.759418 0.280116 0.004652
0.771059 0.278180 0.004822
0.781285 0.275337 0.004330
0.793116 0.272108 0.004821
0.498305 0.361233 0.005130
0.509801 0.358117 0.003354
0.520096 0.355214 0.005147
0.532041 0.352219 0.007903
0.542897 0.349334 0.009390
0.553330 0.346511 0.009718
0.564338 0.342730 0.003031
0.574947 0.339015 0.005463
0.586223 0.336674 0.004582
0.597177 0.334332 0.004516
0.608167 0.332354 0.009450
0.619072 0.328190 0.004605
0.630914 0.325900 0.004184
0.641145 0.323315 0.003297
0.652266 0.320673 0.004796
0.663780 0.317928 0.003767
0.675875 0.314356 0.005825
0.686174 0.311758 0.004857
0.696585 0.307932 0.009787
0.708317 0.305656 0.007315
0.719091 0.302850 0.002218
0.728774 0.301615 0.005226
0.741280 0.298215 0.006465
0.763665 0.291612 0.002522
0.774513 0.288611 0.002518
0.785461 0.285364 0.004489
0.795196 0.283113 0.007585
