1147.21 255.37 10
1179.03 248.02 9
1205.24 243.81 13
1236.67 231.75 39
1268.35 226.02 25
1295.78 219.18 8
1327.22 211.96 24
1353.76 203.64 10
1383.09 197.10 7
1413.43 187.42 15
1439.61 178.51 11
1472.68 169.32 7
1501.36 165.00 11
1528.17 155.10 13
1590.85 142.26 8
1618.63 134.10 12
1647.40 125.50 23
1678.46 117.89 10
1705.44 112.34 12
1735.32 103.68 8
1767.82 92.96 13
1796.95 89.51 16
1827.11 79.02 9
1854.94 71.17 24
1886.83 63.78 5
1912.24 56.92 11
1945.65 50.68 11
1156.61 285.55 13
1186.21 276.98 4
1216.50 269.70 8
1243.20 263.11 12
1272.76 253.35 19
1304.93 244.05 17
1333.73 238.15 13
1363.03 231.51 13
1388.31 222.23 25
1422.74 213.45 13
1450.53 207.87 15
1480.86 200.95 15
1506.57 194.80 16
1538.49 184.16 17
1564.75 180.12 13
1597.85 167.62 21
1626.70 162.18 20
1656.57 154.69 16
1685.08 150.69 27
1716.03 140.85 7
1771.91 126.00 19
1803.95 116.14 9
1832.81 109.13 18
1860.82 103.49 13
1893.45 92.89 7
1919.10 84.96 19
1949.82 78.39 8
1160.11 316.17 10
1189.73 307.93 13
1222.08 298.24 10
1254.63 290.49 10
1279.71 284.16 12
1309.76 276.57 11
1339.50 270.15 22
1371.13 262.51 14
1402.09 252.20 24
1428.23 244.01 12
1457.53 238.92 21
1488.31 229.06 10
1518.14 224.57 5
1545.81 215.79 14
1575.89 208.41 2
1602.81 196.83 22
1634.54 191.81 18
1662.08 185.91 16
1695.02 174.09 12
1724.98 168.30 15
1749.59 163.94 12
1778.88 155.45 25
1809.49 144.84 17
1840.78 139.69 11
1872.03 131.32 9
1899.29 124.21 20
1930.76 115.40 15
1956.21 108.71 22
1169.77 344.08 16
1199.28 335.83 20
1226.96 326.92 1
1257.44 322.41 18
1289.27 313.87 10
1318.11 305.77 20
1348.75 298.60 21
1373.72 292.31 18
1408.16 281.18 15
1438.38 274.52 15
1468.53 267.55 15
1495.05 262.27 16
1522.88 252.15 6
1554.48 244.73 18
1582.99 236.05 16
1613.70 228.05 12
1638.82 224.50 23
1669.97 210.66 12
1701.62 207.70 19
1728.51 198.04 22
1758.05 190.74 28
1792.10 182.63 15
1819.68 175.61 19
1847.01 169.37 4
1880.77 161.06 14
1907.03 154.36 11
1934.69 143.02 17
1964.90 137.60 4
1177.15 374.72 19
1208.45 366.67 18
1236.31 356.52 23
1267.35 353.02 15
1295.47 344.84 14
1326.26 335.25 15
1354.77 332.54 19
1384.44 318.55 5
1411.99 312.61 23
1444.83 304.20 12
1474.06 297.80 3
1501.60 288.67 17
1531.77 280.86 28
1560.74 276.11 11
1589.96 266.40 8
1620.87 260.19 1
1651.78 252.83 3
1676.41 243.83 17
1707.73 234.66 10
1765.95 221.75 10
1795.46 215.04 19
1828.17 205.25 10
1854.83 195.93 23
1888.48 189.48 11
1916.93 184.37 29
1945.22 176.78 12
1973.51 165.89 12
1185.66 403.96 23
1215.01 396.53 26
1243.43 386.07 8
1272.20 381.66 4
1302.21 370.48 23
1333.00 362.67 12
1360.63 356.59 7
1389.71 348.03 23
1420.41 342.52 5
1453.67 334.24 15
1482.35 325.23 18
1510.75 318.30 21
1538.85 312.65 22
1570.51 303.71 9
1596.43 299.73 18
1629.45 290.03 18
1656.84 277.98 25
1690.19 271.64 18
1716.93 263.81 8
1744.56 255.82 6
1776.00 251.43 11
1803.58 242.59 30
1834.39 232.71 14
1863.57 229.39 8
1894.85 221.20 16
1924.00 210.87 21
1983.55 194.91 13
1189.19 434.04 26
1220.28 423.53 22
1253.39 416.77 23
1283.09 409.95 8
1313.93 400.33 10
1340.97 396.82 10
1369.71 385.45 14
1401.09 379.33 16
1428.37 372.15 5
1458.87 361.33 8
1487.68 358.19 16
1517.03 348.99 17
1548.82 342.06 27
1577.51 333.25 15
1604.83 326.39 21
1638.30 319.90 2
1662.81 310.77 17
1695.24 302.84 5
1724.91 293.71 9
1752.83 287.74 16
1780.96 279.75 16
1810.83 272.18 10
1842.65 265.93 19
1873.87 254.99 3
1900.45 248.93 11
1927.26 241.29 16
1959.86 237.22 11
1986.59 226.38 16
1202.90 461.40 28
1231.42 454.75 11
1260.17 444.67 14
1286.84 442.50 9
1346.18 423.27 13
1377.73 417.40 21
1436.47 403.36 22
1467.88 393.34 17
1494.62 388.21 7
1526.29 374.93 5
1555.54 369.82 6
1582.97 363.79 17
1612.77 354.08 13
1646.74 349.07 22
1673.34 339.83 13
1731.50 324.74 20
1760.87 318.14 28
1791.60 308.72 5
1819.01 301.65 22
1850.65 292.89 15
1878.70 286.88 20
1907.56 278.62 12
1939.52 270.12 24
1968.41 264.57 9
1994.12 255.56 18
1208.56 490.37 18
1238.08 483.96 22
1267.96 475.65 7
1298.61 467.22 4
1324.60 462.82 26
1357.05 453.34 23
1385.04 446.21 13
1416.84 439.98 15
1443.40 431.89 7
1474.42 423.17 26
1505.66 414.04 5
1533.30 409.00 18
1563.48 398.97 15
1588.52 395.27 22
1620.05 386.59 23
1649.16 376.91 8
1680.14 370.22 9
1709.72 362.69 17
1740.33 353.59 4
1767.21 347.25 21
1801.70 339.66 19
1830.16 327.52 2
1856.31 323.80 26
1888.01 315.86 10
1919.23 307.64 21
1944.90 299.20 8
1975.41 291.86 25
2006.26 284.07 13
1219.00 523.68 10
1246.07 512.61 22
1275.60 507.32 12
1306.17 499.84 8
1334.25 490.75 9
1366.34 485.54 16
1392.99 475.19 17
1450.87 459.74 12
1484.55 452.04 14
1510.93 446.25 10
1538.38 435.93 23
1570.66 427.71 23
1599.25 423.53 9
1630.31 414.67 11
1658.18 405.44 32
1687.68 396.81 19
1716.90 388.38 9
1776.54 376.85 11
1804.41 367.40 13
1836.30 361.99 22
1865.69 352.59 11
1891.40 343.72 11
1923.61 338.91 13
1953.82 329.67 17
1983.97 321.66 13
2015.18 314.75 28
1225.33 549.80 10
1255.89 547.60 21
1282.99 534.73 8
1313.06 527.66 6
1341.94 520.34 13
1373.16 515.19 13
1398.07 506.33 2
1429.89 495.95 7
1462.86 490.50 20
1488.46 481.88 24
1516.76 474.68 27
1547.21 465.79 24
1578.13 460.87 10
1609.02 451.56 17
1633.62 443.51 16
1665.74 435.55 11
1697.98 429.17 20
1725.29 418.36 15
1753.83 414.72 22
1785.35 401.87 21
1813.96 398.16 22
1842.82 389.33 19
1872.87 382.82 10
1901.27 374.48 9
1933.76 369.39 17
1962.61 358.24 15
1990.63 350.48 22
2021.10 343.52 6
1231.50 578.95 21
1260.17 570.46 16
1290.75 564.22 5
1319.64 557.20 21
1349.17 548.00 17
1379.13 542.60 12
1410.65 533.01 10
1436.09 528.89 22
1467.18 519.95 10
1497.23 507.42 25
1525.52 503.98 13
1555.75 496.12 18
1584.89 485.95 16
1615.02 481.61 16
1644.06 470.67 17
1672.57 464.90 8
1702.48 457.08 24
1731.82 452.56 20
1761.31 440.89 19
1790.78 435.73 15
1818.77 427.29 15
1850.44 419.08 23
1879.68 409.28 14
1911.11 408.29 12
1938.54 393.52 9
1969.50 387.42 6
1998.97 382.43 20
2027.64 372.61 17
1241.08 609.82 6
1268.73 601.01 15
1297.35 595.73 16
1329.16 587.33 25
1357.65 579.93 17
1384.15 571.17 21
1415.38 563.09 33
1443.96 555.79 5
1474.67 544.30 26
1504.04 540.09 18
1531.82 536.07 17
1561.42 523.94 9
1595.16 518.52 13
1622.43 509.92 21
1652.06 502.02 8
1680.37 492.53 7
1711.45 488.76 23
1741.72 477.72 14
1770.40 471.67 13
1799.00 465.05 6
1829.29 457.96 14
1860.60 448.47 14
1888.61 440.94 14
1949.47 426.94 16
1974.00 416.33 20
2002.18 410.73 7
2034.58 402.16 15
1247.37 639.71 16
1276.99 631.80 11
1303.98 625.25 12
1335.05 615.15 5
1364.03 607.99 4
1396.26 601.72 11
1426.04 595.63 14
1453.46 585.27 18
1481.19 577.29 27
1513.22 571.14 18
1541.90 562.58 22
1570.60 552.45 11
1601.51 548.97 13
1631.69 538.88 11
1658.68 533.35 9
1686.95 523.62 24
1718.37 514.01 11
1748.98 508.81 13
1777.81 501.45 22
1804.75 494.95 12
1836.38 486.52 17
1865.84 481.05 20
1895.89 472.12 22
1925.35 463.52 17
1952.70 455.03 9
1982.65 445.98 12
2012.27 441.07 15
2042.40 432.22 11
1282.28 660.81 20
1314.24 653.62 26
1343.57 646.15 15
1371.23 638.70 2
1403.26 630.01 31
1463.89 615.45 15
1492.52 607.81 17
1519.08 598.19 11
1547.59 591.39 23
1577.40 583.66 19
1606.40 576.29 21
1640.17 567.44 17
1665.13 560.36 14
1696.65 550.99 22
1724.52 548.38 8
1755.52 537.30 9
1814.59 524.99 15
1846.10 515.70 6
1874.13 509.60 8
1903.84 498.63 8
1932.49 492.52 22
1961.00 486.62 9
1991.28 476.89 6
2021.45 468.08 4
2051.95 461.94 15
1262.09 700.45 7
1289.84 688.68 12
1321.28 684.42 24
1350.04 676.42 16
1379.65 666.10 1
1408.88 659.36 19
1439.83 652.83 4
1468.79 641.41 10
1496.57 637.02 18
1527.99 629.42 8
1556.12 621.22 3
1587.82 613.08 17
1614.05 603.26 1
1643.55 596.58 7
1704.92 586.98 12
1733.91 575.59 1
1762.27 568.79 12
1792.89 560.30 18
1818.92 554.47 1
1851.54 543.11 12
1882.09 540.51 14
1907.43 529.45 21
1941.65 518.98 18
1970.25 513.42 8
2000.14 506.55 8
2030.36 498.66 15
2056.75 489.35 1
1268.31 728.89 20
1302.08 718.90 21
1328.63 715.14 19
1355.54 705.19 11
1385.63 700.32 9
1419.93 686.44 6
1447.11 682.04 12
1477.55 676.64 20
1506.59 668.08 12
1536.33 659.80 9
1567.79 650.62 19
1593.86 644.55 12
1625.70 636.87 15
1652.98 625.97 9
1682.30 621.75 20
1711.31 614.23 17
1741.27 604.03 6
1770.56 598.72 21
1801.78 588.04 13
1832.53 580.56 18
1860.65 575.15 16
1887.35 563.17 2
1916.32 558.38 10
1946.06 549.64 29
1978.62 542.30 14
2007.59 533.75 11
2038.18 526.82 11
2064.51 520.86 9
1277.88 757.95 14
1309.27 749.78 25
1337.72 743.74 10
1365.06 736.26 6
1394.78 728.42 15
1422.71 718.85 6
1452.68 711.74 13
1486.43 704.04 26
1511.28 693.92 21
1544.94 686.83 10
1574.06 679.80 31
1602.46 672.06 13
1630.33 665.49 24
1664.13 656.60 13
1692.39 651.90 9
1721.40 641.06 11
1748.84 631.99 13
1776.16 625.31 20
1808.75 617.26 15
1865.59 605.55 12
1896.92 596.72 28
1926.23 586.96 27
1954.03 581.97 13
1986.10 575.61 14
2014.54 564.84 13
2044.69 557.22 3
2073.83 551.25 1
1285.06 787.59 13
1314.17 777.51 11
1342.59 767.57 24
1375.45 760.92 14
1404.40 757.69 24
1431.20 746.47 18
1462.08 740.78 8
1493.20 732.41 28
1522.86 723.80 21
1549.06 715.94 16
1581.18 708.86 29
1610.41 701.08 8
1640.50 696.18 22
1667.45 687.41 25
1701.01 682.55 20
1727.45 673.46 24
1755.62 664.84 9
1789.37 653.02 16
1816.69 648.22 18
1846.06 639.64 14
1878.52 632.45 27
1901.67 625.14 9
1932.63 617.18 22
1961.21 613.59 15
1992.23 602.48 19
2024.98 594.39 16
2052.42 586.25 11
2082.53 579.42 22
1292.84 819.08 5
1320.97 807.06 15
1350.85 801.20 21
1411.50 786.48 17
1441.08 775.42 14
1500.54 763.12 16
1526.82 755.77 21
1557.75 745.69 14
1588.91 739.36 24
1618.73 734.17 5
1648.20 724.83 15
1674.91 715.50 20
1704.19 707.68 13
1735.47 698.96 15
1767.14 694.74 11
1793.84 684.50 8
1823.61 677.14 19
1853.48 670.68 34
1881.48 660.02 13
1912.37 654.71 17
1941.12 648.92 20
1971.33 641.92 12
2001.75 632.59 23
2028.02 623.73 15
2059.49 617.51 26
2088.84 608.89 16
1300.83 845.66 8
1329.62 839.25 20
1359.31 828.02 5
1389.61 820.53 22
1420.92 817.46 8
1444.95 806.45 8
1478.15 799.49 9
1505.84 789.62 21
1538.66 783.90 12
1564.66 777.61 24
1594.34 766.85 20
1651.39 753.99 18
1687.42 748.23 12
1714.36 736.47 15
1742.50 731.26 9
1770.90 725.71 15
1832.80 709.47 19
1862.09 701.02 16
1891.27 692.16 15
1921.84 685.36 21
1950.83 677.19 9
1974.12 669.51 21
2011.03 661.76 18
2039.79 655.00 1
2066.66 647.58 14
2095.72 634.52 17
1309.80 874.82 10
1336.04 868.01 21
1370.34 859.51 4
1396.65 853.42 10
1426.86 846.06 9
1454.87 838.76 25
1485.83 829.57 18
1517.80 822.79 6
1573.67 806.73 27
1600.84 801.89 24
1632.46 791.68 4
1660.73 782.19 11
1691.65 775.64 14
1719.31 768.09 17
1752.38 757.96 19
1780.87 752.29 15
1809.40 745.74 21
1838.24 735.61 16
1868.97 730.24 7
1898.33 717.79 13
1925.55 713.45 7
1956.30 707.04 11
1986.55 699.22 20
2015.84 692.40 23
2046.45 682.63 20
2074.54 674.79 6
2105.13 664.31 9
1314.92 903.90 19
1343.51 895.90 21
1375.11 890.89 4
1401.35 883.54 5
1433.20 874.51 13
1465.08 867.60 16
1495.75 860.37 17
1520.94 852.70 10
1551.60 842.74 24
1581.82 834.33 3
1608.61 829.96 15
1642.55 823.25 17
1671.10 813.26 20
1700.73 803.70 15
1730.50 797.72 22
1756.98 788.64 15
1785.26 779.92 4
1817.76 774.59 12
1847.09 765.55 16
1881.79 759.68 5
1902.69 747.44 27
1933.30 743.13 3
1964.75 736.03 15
1993.17 727.79 22
2021.45 720.93 9
2052.30 715.01 22
2083.53 702.63 4
2111.45 695.66 3
1324.43 932.03 14
1353.81 927.95 17
1386.16 917.19 21
1411.56 911.41 21
1442.10 900.93 22
1469.97 894.18 23
1499.32 888.04 18
1529.75 885.11 17
1557.57 872.13 9
1587.83 863.71 4
1617.97 858.85 22
1646.52 850.77 26
1675.27 838.42 11
1734.48 825.95 16
1767.72 819.00 6
1796.59 810.83 11
1825.58 805.70 12
1854.06 796.13 3
1885.54 786.59 21
1915.57 780.92 10
1945.26 770.06 15
1973.92 762.08 4
2002.16 757.79 1
2029.17 748.47 12
2060.27 743.30 12
2087.59 735.70 11
2119.21 727.07 12
1331.47 965.22 13
1362.19 956.89 8
1389.70 949.13 13
1421.61 941.13 21
1450.62 933.42 25
1478.50 925.88 25
1507.91 915.77 8
1536.26 905.85 14
1566.39 899.59 12
1595.66 893.33 12
1625.02 888.05 25
1654.16 876.92 12
1685.80 870.80 11
1713.14 863.90 8
1742.85 856.84 12
1773.62 849.50 10
1805.94 839.96 15
1833.46 833.02 12
1861.27 822.79 26
1892.62 816.71 19
1921.41 809.21 5
1947.28 805.92 13
1980.70 796.83 17
2040.51 779.19 6
2069.50 771.17 6
2098.75 762.49 11
2124.76 756.48 20
