0.559347 0.019352 0.005541
0.569848 0.017461 0.005548
0.581124 0.016964 0.005770
0.593460 0.015665 0.005740
0.604082 0.014137 0.005540
0.616080 0.014449 0.005665
0.626915 0.012686 0.005648
0.638147 0.010011 0.005777
0.649824 0.010530 0.005810
0.659233 0.010133 0.005718
0.672385 0.008201 0.005833
0.683275 0.007018 0.005599
0.695489 0.005799 0.005629
0.705068 0.005389 0.005591
0.717293 0.003860 0.005728
0.728368 0.002351 0.005654
0.741166 0.001636 0.005742
0.752457 -0.000091 0.005668
0.761841 0.001021 0.005735
0.774437 -0.001439 0.005697
0.786180 -0.003296 0.005714
0.797581 -0.002855 0.005732
0.807827 -0.005257 0.005762
0.820083 -0.007122 0.005863
0.830403 -0.006408 0.005659
0.843232 -0.006892 0.005857
0.854403 -0.009524 0.005703
0.547712 0.031549 0.005696
0.559237 0.030899 0.005614
0.571884 0.027994 0.005713
0.582985 0.027555 0.005700
0.593766 0.026644 0.005700
0.605612 0.025926 0.005848
0.615605 0.025732 0.005579
0.628117 0.024217 0.005693
0.638829 0.023352 0.005739
0.650707 0.022862 0.005744
0.662304 0.020265 0.005803
0.673026 0.019785 0.005537
0.684974 0.018675 0.005713
0.695493 0.018430 0.005829
0.707271 0.016758 0.005702
0.718906 0.014878 0.005579
0.729993 0.014059 0.005654
0.740999 0.012911 0.005616
0.752735 0.012000 0.005661
0.763640 0.011285 0.005702
0.775590 0.010259 0.005660
0.786514 0.008476 0.005720
0.798750 0.007344 0.005792
0.809570 0.005982 0.005617
0.821210 0.005641 0.005660
0.831731 0.003808 0.005715
0.844154 0.003604 0.005725
0.855176 0.001964 0.005771
0.550293 0.042475 0.005633
0.560748 0.041732 0.005654
0.571575 0.041097 0.005863
0.583557 0.039073 0.005766
0.606241 0.037379 0.005803
0.618143 0.036914 0.005713
0.629013 0.036590 0.005731
0.640471 0.033345 0.005759
0.651603 0.032900 0.005558
0.662832 0.031753 0.005756
0.674692 0.030818 0.005841
0.685405 0.029105 0.005747
0.697827 0.028756 0.005698
0.708254 0.027919 0.005711
0.719776 0.028120 0.005805
0.729850 0.025226 0.005900
0.741540 0.024758 0.005730
0.753802 0.023383 0.005728
0.764917 0.021855 0.005711
0.776412 0.020407 0.005679
0.788307 0.019662 0.005620
0.798114 0.019888 0.005725
0.820710 0.016633 0.005743
0.832677 0.015869 0.005737
0.844320 0.014860 0.005652
0.856364 0.013945 0.005726
0.549915 0.053917 0.005644
0.562467 0.053306 0.005919
0.573163 0.051722 0.005736
0.584899 0.050630 0.005664
0.596496 0.050595 0.005669
0.607232 0.048680 0.005729
0.617058 0.047404 0.005633
0.630443 0.046003 0.005704
0.641137 0.044812 0.005656
0.653315 0.044805 0.005751
0.663688 0.043121 0.005631
0.674998 0.042214 0.005686
0.698400 0.040123 0.005613
0.709652 0.039399 0.005607
0.720787 0.038177 0.005553
0.732324 0.037367 0.005751
0.742910 0.036160 0.005671
0.753913 0.034465 0.005790
0.776285 0.031670 0.005654
0.789029 0.031284 0.005748
0.800201 0.030399 0.005735
0.811856 0.029534 0.005716
0.822948 0.027959 0.005642
0.835297 0.027511 0.005835
0.845023 0.026027 0.005670
0.856464 0.024607 0.005656
0.550758 0.066458 0.005818
0.564137 0.064844 0.005813
0.574866 0.063236 0.005705
0.596052 0.060759 0.005871
0.607208 0.060300 0.005723
0.619303 0.058277 0.005639
0.632031 0.058060 0.005758
0.643108 0.057104 0.005825
0.653689 0.056041 0.005672
0.664596 0.055377 0.005729
0.677044 0.052536 0.005812
0.687901 0.053434 0.005667
0.699860 0.052032 0.005581
0.710694 0.050432 0.005726
0.721961 0.048858 0.005876
0.733338 0.047736 0.005610
0.744149 0.047157 0.005770
0.756260 0.045674 0.005679
0.767183 0.044724 0.005741
0.790802 0.042486 0.005726
0.801541 0.041440 0.005747
0.812084 0.040337 0.005833
0.824650 0.039682 0.005705
0.835094 0.038195 0.005628
0.846718 0.037332 0.005708
0.858171 0.035648 0.005627
0.552970 0.076679 0.005765
0.564070 0.076002 0.005600
0.574678 0.075256 0.005590
0.586582 0.073672 0.005692
0.598088 0.072182 0.005742
0.609851 0.070873 0.005749
0.620360 0.070680 0.005627
0.631861 0.068541 0.005647
0.644354 0.068491 0.005730
0.654287 0.067767 0.005648
0.666218 0.066082 0.005747
0.677016 0.065498 0.005629
0.688168 0.062967 0.005797
0.699733 0.062817 0.005667
0.711940 0.061575 0.005789
0.723103 0.060301 0.005594
0.734214 0.059675 0.005776
0.745855 0.058885 0.005759
0.757287 0.056504 0.005668
0.768137 0.056110 0.005707
0.779836 0.055105 0.005703
0.791042 0.053203 0.005604
0.802849 0.052635 0.005818
0.813846 0.051777 0.005664
0.824989 0.050769 0.005732
0.835992 0.049816 0.005727
0.849275 0.048382 0.005660
0.858748 0.047576 0.005610
0.553631 0.088994 0.005702
0.564916 0.087158 0.005690
0.575814 0.087321 0.005627
0.587916 0.084831 0.005802
0.599073 0.083864 0.005688
0.609909 0.082439 0.005708
0.622052 0.081478 0.005601
0.633614 0.080104 0.005814
0.644211 0.080223 0.005758
0.656027 0.079818 0.005718
0.666316 0.077816 0.005695
0.677860 0.075361 0.005793
0.690373 0.075263 0.005848
0.700832 0.074679 0.005636
0.712635 0.074303 0.005666
0.723779 0.071730 0.005660
0.735035 0.070616 0.005574
0.746630 0.070373 0.005712
0.757953 0.069209 0.005678
0.769350 0.067221 0.005694
0.780732 0.067143 0.005733
0.792071 0.065735 0.005706
0.802756 0.064126 0.005584
0.814160 0.064222 0.005772
0.826653 0.062939 0.005687
0.838385 0.061056 0.005786
0.848011 0.059829 0.005709
0.860061 0.059315 0.005777
0.554678 0.099572 0.005658
0.565660 0.098272 0.005765
0.577618 0.096894 0.005696
0.589007 0.095603 0.005655
0.600980 0.095499 0.005614
0.611008 0.094944 0.005637
0.623088 0.092627 0.005640
0.634049 0.092092 0.005652
0.645581 0.091402 0.005766
0.657100 0.090645 0.005718
0.668237 0.088151 0.005757
0.680250 0.087168 0.005683
0.690882 0.086039 0.005708
0.702684 0.084918 0.005592
0.712598 0.085111 0.005732
0.725009 0.083213 0.005657
0.747376 0.081902 0.005747
0.758796 0.080719 0.005695
0.770794 0.078842 0.005597
0.793841 0.076108 0.005572
0.804576 0.075581 0.005700
0.815724 0.074379 0.005633
0.826430 0.073104 0.005770
0.839375 0.072107 0.005629
0.849285 0.071387 0.005749
0.860459 0.070169 0.005659
0.555709 0.110373 0.005701
0.567832 0.110254 0.005702
0.578288 0.109045 0.005854
0.589935 0.107532 0.005549
0.600287 0.106923 0.005794
0.612824 0.105052 0.005615
0.624281 0.104176 0.005707
0.636171 0.104443 0.005749
0.646965 0.102109 0.005559
0.657647 0.100817 0.005653
0.670135 0.100030 0.005587
0.679639 0.099269 0.005832
0.692293 0.097816 0.005742
0.703707 0.096240 0.005606
0.715607 0.096958 0.005719
0.726470 0.095179 0.005764
0.737684 0.093755 0.005669
0.748198 0.092158 0.005753
0.760056 0.091994 0.005653
0.771978 0.090372 0.005559
0.782570 0.089939 0.005719
0.794215 0.088156 0.005941
0.805293 0.086920 0.005650
0.828665 0.084826 0.005791
0.839791 0.083247 0.005773
0.851856 0.082423 0.005714
0.861887 0.080465 0.005689
0.556892 0.122669 0.005832
0.568362 0.120731 0.005755
0.579987 0.119193 0.005585
0.590995 0.118563 0.005693
0.602012 0.117975 0.005688
0.613491 0.117108 0.005609
0.624810 0.115146 0.005858
0.636160 0.114710 0.005775
0.647849 0.113524 0.005583
0.658754 0.112082 0.005721
0.669816 0.111880 0.005803
0.681364 0.111087 0.005740
0.693494 0.109308 0.005719
0.704394 0.107576 0.005711
0.716589 0.106909 0.005585
0.727148 0.106547 0.005691
0.738997 0.104361 0.005686
0.750120 0.104006 0.005769
0.761090 0.102478 0.005573
0.772400 0.102010 0.005790
0.783610 0.101014 0.005659
0.795810 0.099506 0.005719
0.806932 0.098726 0.005679
0.818151 0.097341 0.005699
0.829669 0.095844 0.005628
0.840336 0.095396 0.005709
0.852721 0.094209 0.005605
0.864139 0.093212 0.005679
0.558138 0.133629 0.005645
0.569887 0.132409 0.005685
0.580018 0.131016 0.005726
0.591886 0.129632 0.005786
0.603092 0.129022 0.005693
0.614457 0.127285 0.005725
0.627021 0.128129 0.005733
0.637766 0.126426 0.005707
0.649382 0.124629 0.005712
0.660129 0.123360 0.005843
0.671467 0.122503 0.005712
0.683029 0.122031 0.005808
0.694457 0.120714 0.005789
0.704478 0.118470 0.005692
0.716534 0.118356 0.005619
0.727377 0.117568 0.005714
0.739416 0.116475 0.005679
0.752003 0.114988 0.005530
0.762460 0.115165 0.005811
0.772886 0.113761 0.005690
0.785371 0.111449 0.005794
0.796105 0.111262 0.005669
0.807191 0.110107 0.005747
0.819431 0.108700 0.005657
0.830170 0.107277 0.005661
0.841182 0.105560 0.005762
0.853584 0.104722 0.005706
0.865446 0.104967 0.005827
0.559238 0.145682 0.005712
0.570911 0.142968 0.005666
0.581371 0.142417 0.005650
0.593186 0.141984 0.005676
0.604019 0.140459 0.005672
0.615805 0.138800 0.005805
0.627513 0.138343 0.005692
0.638143 0.137936 0.005668
0.649555 0.136469 0.005831
0.660975 0.135406 0.005711
0.672060 0.134513 0.005782
0.684743 0.132982 0.005810
0.696257 0.132731 0.005697
0.706486 0.130834 0.005817
0.718092 0.128904 0.005755
0.730070 0.128721 0.005635
0.740837 0.127893 0.005654
0.752670 0.127026 0.005677
0.762043 0.125350 0.005662
0.773972 0.124596 0.005712
0.786080 0.123074 0.005701
0.797670 0.121738 0.005614
0.809155 0.121101 0.005814
0.820608 0.120271 0.005703
0.831458 0.119101 0.005843
0.843200 0.118360 0.005666
0.854310 0.116590 0.005607
0.865825 0.115014 0.005718
0.559857 0.156910 0.005786
0.571621 0.155365 0.005712
0.582849 0.153835 0.005682
0.594494 0.153596 0.005777
0.605177 0.152763 0.005615
0.617689 0.151046 0.005660
0.628395 0.148984 0.005736
0.638976 0.149381 0.005736
0.650979 0.147558 0.005558
0.662255 0.147165 0.005637
0.673319 0.144246 0.005617
0.685214 0.145187 0.005725
0.696097 0.143669 0.005770
0.708492 0.141442 0.005683
0.719922 0.141876 0.005702
0.730769 0.140008 0.005646
0.741519 0.138482 0.005676
0.753753 0.138629 0.005705
0.764325 0.137682 0.005695
0.776057 0.135140 0.005778
0.787338 0.134080 0.005590
0.798983 0.133818 0.005715
0.809786 0.132619 0.005805
0.822468 0.132259 0.005673
0.833160 0.130599 0.005711
0.844107 0.129078 0.005765
0.855491 0.129234 0.005756
0.866182 0.126744 0.005737
0.561362 0.168431 0.005641
0.573018 0.167141 0.005635
0.583359 0.165158 0.005719
0.595247 0.163767 0.005562
0.606428 0.162478 0.005701
0.618040 0.162449 0.005681
0.629102 0.161443 0.005685
0.640882 0.161404 0.005723
0.651955 0.158813 0.005820
0.662456 0.157982 0.005744
0.674677 0.157016 0.005741
0.686983 0.155713 0.005670
0.696907 0.154882 0.005682
0.708500 0.153629 0.005719
0.720216 0.152348 0.005756
0.731388 0.151512 0.005687
0.742901 0.150060 0.005732
0.753377 0.148620 0.005656
0.765853 0.148452 0.005568
0.776069 0.146920 0.005670
0.788240 0.145534 0.005747
0.799103 0.145466 0.005619
0.810584 0.143630 0.005543
0.822189 0.142310 0.005834
0.833038 0.141916 0.005654
0.845679 0.139963 0.005643
0.855558 0.138899 0.005688
0.868467 0.138281 0.005702
0.563769 0.179452 0.005672
0.574050 0.177850 0.005683
0.585130 0.176816 0.005726
0.596505 0.176691 0.005564
0.608847 0.174650 0.005639
0.619444 0.173534 0.005736
0.630444 0.172951 0.005606
0.641976 0.171807 0.005765
0.654172 0.169245 0.005686
0.664895 0.168899 0.005719
0.676099 0.169152 0.005738
0.687852 0.167318 0.005710
0.698582 0.165959 0.005686
0.710023 0.165994 0.005662
0.722136 0.164441 0.005679
0.733099 0.162665 0.005711
0.743709 0.162219 0.005732
0.755198 0.160753 0.005600
0.767054 0.159728 0.005718
0.778565 0.158206 0.005659
0.789598 0.156118 0.005751
0.799429 0.155710 0.005623
0.811479 0.154349 0.005840
0.823320 0.153542 0.005717
0.834860 0.152287 0.005728
0.846209 0.151517 0.005828
0.858074 0.151084 0.005628
0.869501 0.150109 0.005709
0.563664 0.190374 0.005723
0.575019 0.188535 0.005659
0.587370 0.189153 0.005800
0.598629 0.186973 0.005615
0.609692 0.185810 0.005706
0.620088 0.184488 0.005643
0.631047 0.184070 0.005730
0.643851 0.181930 0.005696
0.653816 0.181516 0.005682
0.665511 0.181065 0.005611
0.676947 0.178961 0.005652
0.687938 0.177470 0.005784
0.699378 0.177804 0.005720
0.711306 0.176887 0.005778
0.723401 0.174377 0.005779
0.734389 0.174813 0.005638
0.745547 0.172765 0.005753
0.756142 0.171339 0.005585
0.766954 0.170110 0.005694
0.778759 0.170504 0.005745
0.790970 0.168929 0.005771
0.802353 0.166675 0.005695
0.814237 0.166150 0.005550
0.836583 0.164885 0.005682
0.847135 0.163163 0.005728
0.859238 0.163128 0.005666
0.869594 0.161409 0.005679
0.564598 0.202230 0.005662
0.576160 0.201356 0.005683
0.587702 0.199139 0.005571
0.597911 0.199007 0.005774
0.609715 0.197266 0.005644
0.621771 0.195520 0.005833
0.632539 0.195414 0.005565
0.644270 0.194503 0.005708
0.656271 0.193424 0.005625
0.666568 0.191827 0.005709
0.677901 0.190455 0.005721
0.689667 0.190262 0.005602
0.699825 0.188520 0.005559
0.712997 0.187844 0.005707
0.723070 0.185801 0.005660
0.734895 0.185821 0.005472
0.746107 0.184508 0.005618
0.757781 0.183120 0.005575
0.768788 0.182178 0.005672
0.780238 0.181131 0.005695
0.791938 0.180073 0.005698
0.803383 0.178792 0.005715
0.814549 0.178087 0.005758
0.825486 0.176707 0.005672
0.836638 0.174555 0.005753
0.848402 0.173485 0.005660
0.860500 0.174032 0.005683
0.870146 0.171806 0.005581
0.565782 0.212054 0.005704
0.577253 0.213083 0.005752
0.586925 0.211991 0.005562
0.599933 0.211030 0.005684
0.611576 0.208019 0.005660
0.622755 0.208354 0.005751
0.633835 0.206673 0.005695
0.645003 0.206152 0.005783
0.656693 0.204231 0.005821
0.668005 0.203037 0.005752
0.678570 0.202294 0.005695
0.690484 0.202108 0.005733
0.713592 0.198949 0.005841
0.724943 0.198286 0.005717
0.735873 0.197193 0.005662
0.747623 0.196689 0.005679
0.758866 0.195624 0.005718
0.770357 0.193468 0.005696
0.782052 0.192716 0.005675
0.791630 0.191353 0.005663
0.802681 0.190122 0.005635
0.815141 0.189286 0.005629
0.827376 0.188257 0.005572
0.838610 0.186368 0.005809
0.849662 0.185872 0.005633
0.861243 0.184477 0.005724
0.871606 0.183491 0.005655
0.566642 0.223890 0.005669
0.578157 0.223778 0.005699
0.589416 0.222765 0.005751
0.600624 0.221571 0.005674
0.613082 0.219791 0.005706
0.624114 0.219367 0.005599
0.634371 0.217862 0.005631
0.646989 0.217080 0.005632
0.657711 0.216319 0.005822
0.669511 0.214036 0.005770
0.680156 0.214610 0.005687
0.691725 0.212946 0.005684
0.702523 0.211390 0.005757
0.714653 0.210640 0.005652
0.724918 0.209431 0.005567
0.736216 0.207742 0.005760
0.747901 0.207067 0.005812
0.759578 0.206086 0.005824
0.771980 0.205346 0.005691
0.783291 0.204011 0.005671
0.794161 0.202255 0.005670
0.805254 0.202530 0.005661
0.816352 0.200356 0.005609
0.839422 0.197636 0.005705
0.850767 0.196885 0.005631
0.862099 0.196746 0.005555
0.567633 0.235873 0.005576
0.579206 0.234373 0.005769
0.591554 0.232867 0.005725
0.602047 0.233182 0.005663
0.613565 0.231084 0.005732
0.624756 0.230047 0.005742
0.636752 0.230003 0.005850
0.647903 0.227350 0.005854
0.658751 0.226446 0.005705
0.669775 0.225941 0.005833
0.680237 0.225068 0.005717
0.693035 0.223989 0.005851
0.703827 0.223724 0.005710
0.714551 0.222017 0.005784
0.727256 0.220808 0.005745
0.737535 0.219920 0.005743
0.750460 0.218707 0.005668
0.760681 0.217778 0.005798
0.771932 0.215558 0.005766
0.783334 0.215260 0.005688
0.795305 0.213608 0.005760
0.806191 0.212476 0.005746
0.818224 0.212515 0.005828
0.828812 0.211587 0.005651
0.840277 0.210317 0.005660
0.851888 0.208872 0.005705
0.863024 0.207340 0.005711
0.873948 0.206508 0.005681
0.568877 0.248005 0.005745
0.580761 0.247006 0.005773
0.591547 0.245317 0.005692
0.602650 0.243876 0.005664
0.624731 0.242117 0.005718
0.637394 0.240626 0.005585
0.648895 0.239695 0.005683
0.659408 0.238053 0.005694
0.671505 0.237571 0.005801
0.682891 0.237249 0.005683
0.694074 0.234137 0.005577
0.704966 0.233996 0.005632
0.716929 0.233389 0.005681
0.727558 0.231865 0.005740
0.739626 0.230338 0.005765
0.751057 0.228797 0.005706
0.761412 0.227739 0.005634
0.772591 0.228142 0.005666
0.784944 0.226397 0.005614
0.795305 0.225359 0.005771
0.806465 0.223823 0.005723
0.818662 0.222782 0.005693
0.829454 0.222324 0.005825
0.840938 0.221342 0.005680
0.853532 0.220029 0.005667
0.863369 0.219151 0.005604
0.874675 0.218433 0.005662
0.581394 0.256738 0.005653
0.593335 0.256554 0.005777
0.603298 0.255417 0.005852
0.615367 0.254002 0.005645
0.627269 0.254028 0.005765
0.638581 0.251331 0.005672
0.650595 0.250798 0.005742
0.661514 0.249446 0.005825
0.670683 0.248945 0.005688
0.683307 0.247688 0.005866
0.695403 0.246530 0.005744
0.705785 0.245106 0.005655
0.717864 0.243851 0.005684
0.729315 0.243933 0.005573
0.739336 0.241885 0.005791
0.750222 0.241375 0.005573
0.762919 0.239744 0.005757
0.773901 0.239231 0.005669
0.785997 0.237807 0.005802
0.797489 0.237007 0.005671
0.808330 0.236547 0.005557
0.820170 0.233952 0.005681
0.831024 0.234056 0.005643
0.842036 0.231690 0.005758
0.853229 0.231769 0.005766
0.865474 0.230282 0.005604
0.875939 0.229854 0.005837
0.570387 0.269568 0.005709
0.582322 0.269132 0.005762
0.594313 0.267493 0.005754
0.605785 0.267519 0.005646
0.616432 0.266350 0.005702
0.628314 0.264388 0.005855
0.639120 0.263129 0.005724
0.651330 0.263418 0.005801
0.662583 0.261377 0.005690
0.673724 0.260778 0.005714
0.684650 0.258810 0.005754
0.695404 0.256476 0.005732
0.706778 0.256990 0.005746
0.719041 0.256430 0.005814
0.730734 0.254541 0.005603
0.741535 0.253380 0.005582
0.753431 0.252515 0.005711
0.764831 0.250764 0.005749
0.776595 0.250467 0.005702
0.786798 0.249152 0.005702
0.797865 0.248021 0.005700
0.810244 0.246637 0.005808
0.821684 0.246128 0.005714
0.833127 0.244965 0.005703
0.844396 0.245247 0.005746
0.855631 0.243654 0.005664
0.866384 0.241099 0.005684
0.878310 0.239833 0.005665
0.571846 0.281041 0.005744
0.583061 0.280202 0.005643
0.594648 0.279536 0.005605
0.606107 0.277703 0.005664
0.617896 0.276169 0.005587
0.629543 0.276276 0.005625
0.639481 0.275043 0.005675
0.662815 0.273173 0.005537
0.674865 0.271743 0.005654
0.686554 0.270478 0.005625
0.698446 0.269060 0.005832
0.708391 0.269034 0.005754
0.719320 0.266150 0.005699
0.731796 0.265100 0.005727
0.742390 0.265893 0.005569
0.753234 0.263730 0.005654
0.765638 0.262400 0.005663
0.776861 0.261554 0.005575
0.788285 0.260413 0.005856
0.798633 0.260269 0.005759
0.810023 0.258122 0.005732
0.821786 0.257111 0.005652
0.832679 0.255794 0.005732
0.845776 0.254633 0.005753
0.855673 0.253290 0.005699
0.866593 0.252763 0.005703
0.879323 0.252103 0.005829
0.572520 0.292301 0.005697
0.584052 0.290796 0.005743
0.596021 0.289975 0.005779
0.607695 0.289464 0.005585
0.620097 0.288881 0.005606
0.630718 0.288052 0.005537
0.652396 0.284301 0.005718
0.664682 0.283561 0.005653
0.675315 0.282300 0.005723
0.687621 0.280667 0.005805
0.698527 0.280703 0.005567
0.708952 0.278662 0.005579
0.721313 0.277647 0.005658
0.731367 0.277585 0.005761
0.743092 0.276514 0.005702
0.755560 0.275097 0.005753
0.766734 0.273329 0.005599
0.778012 0.272261 0.005683
0.788918 0.271708 0.005673
0.800117 0.270757 0.005676
0.811401 0.270423 0.005621
0.823295 0.269262 0.005679
0.834106 0.267116 0.005818
0.846104 0.265526 0.005734
0.856096 0.264505 0.005699
0.868840 0.264699 0.005669
0.879797 0.262737 0.005743
