1494.57 51.71 14
1522.63 46.66 14
1552.76 45.33 15
1585.73 41.86 15
1614.11 37.77 14
1646.17 38.61 15
1675.12 33.90 15
1705.13 26.75 15
1736.33 28.14 15
1761.47 27.08 15
1796.61 21.91 15
1825.71 18.75 14
1858.35 15.50 15
1883.94 14.40 14
1916.61 10.31 15
1946.20 6.28 15
1980.39 4.37 15
2010.56 -0.24 15
2035.64 2.73 15
2069.30 -3.85 15
2100.67 -8.81 15
2131.14 -7.63 15
2158.52 -14.05 15
2191.26 -19.03 15
2218.84 -17.12 15
2253.12 -18.42 15
2282.96 -25.45 15
1463.49 84.30 15
1494.28 82.56 15
1528.07 74.80 15
1557.74 73.63 15
1586.54 71.19 15
1618.20 69.27 15
1644.90 68.76 14
1678.33 64.71 15
1706.95 62.40 15
1738.69 61.09 15
1769.68 54.15 15
1798.33 52.87 14
1830.25 49.90 15
1858.36 49.24 15
1889.83 44.78 15
1920.92 39.76 14
1950.54 37.56 15
1979.95 34.50 15
2011.31 32.06 15
2040.45 30.15 15
2072.38 27.41 15
2101.57 22.65 15
2134.26 19.62 15
2163.17 15.98 15
2194.27 15.07 15
2222.39 10.18 15
2255.58 9.63 15
2285.03 5.25 15
1470.38 113.49 15
1498.32 111.51 15
1527.25 109.81 15
1559.26 104.40 15
1619.88 99.88 15
1651.68 98.63 15
1680.72 97.77 15
1711.34 89.10 15
1741.08 87.91 14
1771.09 84.84 15
1802.78 82.35 15
1831.40 77.77 15
1864.59 76.84 15
1892.45 74.60 15
1923.24 75.14 15
1950.16 67.40 15
1981.40 66.15 15
2014.16 62.48 15
2043.86 58.40 15
2074.57 54.53 15
2106.36 52.54 15
2132.56 53.14 15
2192.94 44.44 15
2224.91 42.40 15
2256.02 39.71 15
2288.20 37.26 15
1469.37 144.07 15
1502.91 142.43 15
1531.49 138.20 15
1562.85 135.28 15
1593.84 135.19 15
1622.52 130.07 15
1648.78 126.66 15
1684.54 122.92 15
1713.12 119.74 15
1745.66 119.72 15
1773.38 115.22 15
1803.59 112.80 15
1866.12 107.21 14
1896.19 105.27 14
1925.94 102.01 14
1956.77 99.84 15
1985.06 96.62 15
2014.46 92.09 15
2074.23 84.62 15
2108.28 83.59 15
2138.14 81.23 15
2169.28 78.91 15
2198.92 74.71 15
2231.91 73.51 15
2257.90 69.54 15
2288.47 65.75 15
1471.63 177.58 15
1507.37 173.26 15
1536.04 168.97 15
1592.65 162.35 15
1622.46 161.12 15
1654.78 155.72 15
1688.79 155.14 15
1718.38 152.58 15
1746.66 149.74 15
1775.80 147.97 15
1809.06 140.38 15
1838.07 142.78 15
1870.03 139.03 14
1898.98 134.76 15
1929.08 130.55 15
1959.48 127.55 14
1988.37 126.00 15
2020.73 122.04 15
2049.91 119.50 15
2113.02 113.52 15
2141.72 110.73 15
2169.89 107.78 15
2203.47 106.03 15
2231.37 102.06 15
2262.43 99.75 15
2293.03 95.25 15
1477.54 204.89 15
1507.19 203.08 14
1535.54 201.08 14
1567.35 196.85 15
1598.09 192.87 15
1629.52 189.37 15
1657.60 188.86 15
1688.33 183.14 15
1721.71 183.01 15
1748.26 181.07 15
1780.13 176.57 15
1808.99 175.01 15
1838.78 168.25 15
1869.69 167.85 15
1902.30 164.53 15
1932.13 161.12 14
1961.82 159.45 15
1992.92 157.34 15
2023.47 150.98 15
2052.46 149.93 15
2083.72 147.24 15
2113.66 142.16 14
2145.21 140.64 15
2174.60 138.35 15
2204.37 135.65 15
2233.77 133.11 15
2269.26 129.28 15
2294.58 127.12 14
1479.30 237.79 15
1509.45 232.89 15
1538.58 233.32 15
1570.91 226.67 15
1600.72 224.08 15
1629.68 220.28 15
1662.12 217.71 14
1693.02 214.04 15
1721.33 214.36 15
1752.90 213.27 15
1780.40 207.93 15
1811.24 201.36 15
1844.68 201.10 15
1872.62 199.54 15
1904.16 198.54 15
1933.94 191.66 15
1964.01 188.69 14
1994.99 188.04 15
2025.25 184.93 15
2055.70 179.62 15
2086.12 179.41 15
2116.41 175.64 15
2144.96 171.34 14
2175.44 171.60 15
2208.82 168.17 15
2240.17 163.14 15
2265.88 159.86 15
2298.08 158.49 15
1482.10 266.06 15
1511.44 262.58 15
1543.40 258.90 15
1573.83 255.45 15
1605.82 255.17 15
1632.61 253.69 15
1664.89 247.50 15
1694.18 246.07 15
1724.99 244.23 15
1755.77 242.20 15
1785.53 235.54 15
1817.63 232.91 15
1846.04 229.90 15
1877.57 226.90 14
1904.06 227.42 15
1937.22 222.34 15
1996.99 218.84 15
2027.50 215.68 15
2059.56 210.66 14
2121.14 203.36 14
2149.83 201.95 15
2179.62 198.74 15
2208.22 195.33 15
2242.81 192.67 15
2269.29 190.74 15
2299.15 187.49 15
1484.85 294.92 15
1517.25 294.60 15
1545.18 291.37 15
1576.31 287.33 14
1603.97 285.70 15
1637.47 280.70 15
1668.08 278.36 15
1699.85 279.07 15
1728.69 272.84 14
1757.23 269.38 15
1790.60 267.28 14
1816.00 265.25 15
1849.81 261.37 15
1880.31 257.15 14
1912.10 259.07 15
1941.13 254.32 15
1971.09 250.51 15
1999.19 246.25 15
2030.87 245.81 15
2062.73 241.47 14
2091.03 240.32 15
2122.14 235.55 15
2151.74 232.25 15
2214.19 226.66 15
2243.92 222.44 15
2276.16 220.23 15
2302.96 215.00 15
1488.02 327.77 15
1518.66 322.59 15
1549.73 318.48 14
1579.14 316.80 15
1608.58 315.23 15
1639.25 312.91 14
1669.49 307.67 15
1699.82 306.51 15
1731.05 303.34 14
1760.19 299.48 15
1789.75 298.94 15
1820.60 296.82 15
1853.02 292.07 15
1882.14 287.44 15
1914.73 285.66 14
1942.94 284.69 15
1974.60 278.85 15
2004.32 277.90 15
2033.63 273.82 14
2063.85 272.57 15
2093.80 269.91 15
2126.40 265.88 15
2156.12 263.80 15
2186.10 260.10 15
2216.88 256.09 15
2245.38 254.90 15
2278.47 251.73 14
2308.98 249.06 15
1491.35 357.06 15
1522.74 353.80 15
1549.81 350.08 15
1581.52 346.38 15
1611.46 344.75 15
1641.83 340.11 15
1675.40 342.36 15
1704.11 337.81 15
1735.15 333.01 15
1763.86 329.62 15
1794.16 327.33 15
1825.05 326.07 15
1855.59 322.55 15
1882.37 316.55 15
1914.58 316.25 15
1943.55 314.14 15
1975.72 311.22 15
2009.35 307.25 14
2037.29 307.72 15
2065.15 303.97 15
2098.51 297.79 15
2127.19 297.29 15
2156.81 294.21 15
2189.52 290.45 15
2218.21 286.64 15
2247.64 282.06 15
2280.78 279.82 15
2312.47 280.47 15
1494.28 389.26 15
1525.47 382.01 15
1553.42 380.54 15
1584.99 379.38 15
1613.94 375.31 15
1645.43 370.87 15
1676.71 369.65 15
1705.12 368.57 15
1735.61 364.65 15
1766.13 361.80 15
1795.74 359.42 15
1829.63 355.33 15
1860.40 354.66 15
1887.73 349.59 15
1918.74 344.43 15
1950.75 343.94 15
1979.52 341.73 15
2011.13 339.41 15
2036.18 334.94 15
2068.05 332.92 15
2100.41 328.85 15
2131.37 325.28 15
2162.06 323.58 15
2192.67 321.36 15
2221.65 318.24 15
2253.03 316.26 15
2282.72 311.53 14
2313.48 307.32 15
1495.94 419.26 15
1527.37 415.14 15
1557.37 411.05 15
1588.49 410.41 15
1617.03 408.18 15
1650.47 403.59 15
1679.07 398.09 15
1707.34 399.15 15
1739.42 394.27 14
1769.55 393.23 15
1799.11 385.43 15
1830.89 387.94 15
1859.97 383.88 15
1893.09 377.93 15
1923.63 379.09 15
1952.62 374.10 15
1981.34 370.02 15
2014.03 370.42 15
2042.28 367.89 15
2073.62 361.09 15
2103.77 358.26 14
2134.88 357.56 15
2163.75 354.36 15
2197.63 353.40 15
2226.20 348.96 15
2255.45 344.90 15
2285.87 345.31 15
2314.44 338.66 15
1499.96 450.05 15
1531.10 446.60 15
1558.74 441.30 15
1590.50 437.59 14
1620.37 434.14 15
1651.40 434.06 15
1680.96 431.38 15
1712.44 431.27 15
1742.02 424.35 15
1770.08 422.13 15
1802.74 419.55 15
1835.62 416.07 15
1862.14 413.85 15
1893.11 410.50 15
1924.42 407.07 15
1954.27 404.84 15
1985.03 400.96 15
2013.02 397.11 15
2046.36 396.66 14
2073.66 392.57 15
2106.18 388.87 15
2135.20 388.69 15
2165.88 383.78 14
2196.89 380.25 15
2225.88 379.20 15
2259.65 373.98 15
2286.05 371.14 15
2320.54 369.49 15
1506.39 479.50 15
1533.86 475.21 15
1563.47 472.45 15
1593.86 472.12 14
1626.84 466.66 15
1655.16 463.68 15
1684.55 462.13 14
1715.36 459.07 15
1747.95 452.22 15
1776.60 451.30 15
1806.54 451.97 15
1837.94 447.07 15
1866.61 443.44 15
1897.18 443.54 15
1929.55 439.39 15
1958.84 434.64 15
1987.19 433.45 15
2017.89 429.53 14
2049.57 426.79 15
2080.33 422.73 15
2109.81 417.15 15
2136.07 416.06 15
2168.27 412.42 15
2199.91 410.26 15
2230.75 406.91 15
2261.07 404.85 15
2292.77 403.70 15
2323.31 401.09 15
1506.11 508.68 15
1536.45 503.77 15
1569.45 505.42 15
1599.54 499.59 15
1629.10 496.48 15
1656.88 492.95 15
1686.16 491.84 15
1720.37 486.12 15
1747.00 485.01 15
1778.25 483.81 14
1808.80 478.18 15
1838.17 474.20 15
1868.74 475.09 15
1900.61 472.64 15
1932.93 465.94 15
1962.29 467.10 15
1992.10 461.63 15
2020.41 457.82 14
2049.30 454.53 15
2080.84 455.59 15
2113.47 451.38 15
2143.89 445.35 15
2175.64 443.95 14
2235.35 440.57 15
2263.54 435.97 15
2295.88 435.88 15
2323.56 431.28 15
1508.61 540.36 15
1539.50 538.02 15
1570.34 532.10 14
1597.62 531.75 15
1629.16 527.09 15
1661.37 522.43 15
1690.14 522.15 14
1721.49 519.71 15
1753.56 516.83 15
1781.07 512.56 15
1811.35 508.90 15
1842.79 508.38 14
1869.93 503.72 14
1905.13 501.92 15
1932.04 496.46 15
1963.64 496.51 14
1993.60 493.01 15
2024.79 489.30 14
2054.20 486.78 15
2084.80 483.98 15
2116.06 481.15 15
2146.64 477.73 15
2176.47 475.85 15
2205.70 472.16 15
2235.50 466.41 15
2266.93 463.55 15
2299.26 465.01 15
2325.03 459.07 14
1511.77 566.61 15
1542.42 569.36 15
1568.26 566.44 14
1603.02 563.87 15
1634.13 555.83 15
1664.00 556.72 15
1693.61 552.23 15
1723.45 550.84 15
1754.68 545.71 15
1784.91 542.51 15
1813.14 540.53 15
1844.97 540.03 15
1906.72 531.59 15
1937.05 529.82 15
1966.25 526.90 15
1997.65 525.55 15
2027.69 522.71 15
2058.39 516.95 15
2089.64 514.94 15
2115.24 511.30 15
2144.76 508.01 15
2178.06 505.77 15
2210.75 503.02 14
2240.77 497.97 15
2270.30 496.65 15
2301.24 492.92 15
2328.93 490.29 15
1514.07 598.23 15
1544.84 597.93 15
1574.92 595.23 15
1604.87 592.04 15
1638.16 587.28 15
1667.63 586.15 14
1695.04 582.13 15
1728.76 580.04 15
1757.40 578.00 15
1788.93 571.91 15
1817.38 573.44 15
1848.29 568.99 15
1877.14 564.83 15
1909.55 562.83 15
1936.98 559.60 14
1967.17 555.09 15
1998.39 553.28 15
2029.59 550.66 15
2062.73 548.69 15
2092.95 545.12 15
2122.00 540.43 15
2151.64 541.16 15
2181.29 535.35 14
2242.94 528.08 15
2273.25 526.08 15
2303.53 525.71 14
1516.72 630.25 14
1547.64 626.25 15
1580.63 622.22 15
1608.67 623.06 15
1639.44 617.46 15
1669.35 614.68 15
1701.40 614.57 15
1731.20 607.48 15
1760.18 605.06 15
1789.64 603.71 15
1817.59 601.38 15
1851.79 598.50 15
1880.63 597.79 15
1909.28 593.23 15
1943.23 590.00 15
1970.69 587.63 15
2005.23 584.38 15
2032.54 581.90 15
2062.60 575.97 15
2093.07 575.18 15
2125.06 570.76 15
2154.14 567.74 15
2186.30 567.84 15
2214.59 565.36 15
2245.22 561.97 15
2276.24 558.11 15
2306.00 554.01 15
2335.19 551.79 15
1520.04 662.67 15
1551.79 660.00 15
1580.61 655.49 15
1610.28 651.64 15
1669.28 646.94 15
1703.12 642.95 14
1733.85 640.46 15
1761.94 636.08 15
1794.26 634.79 15
1824.68 633.93 15
1854.57 625.61 14
1883.67 625.24 15
1915.63 623.62 15
1944.03 619.54 15
1976.28 615.46 15
2006.82 611.35 15
2034.49 608.52 15
2064.36 609.60 15
2097.37 604.93 15
2125.06 602.16 15
2154.87 598.05 15
2187.46 595.27 15
2216.30 594.05 15
2246.99 591.43 15
2280.64 587.92 15
2306.92 585.57 14
2337.13 583.65 15
1553.48 686.00 15
1585.39 685.51 15
1612.01 682.47 15
1644.26 678.69 15
1676.06 678.76 15
1706.29 671.56 15
1738.39 670.13 15
1767.57 666.52 15
1792.06 665.18 15
1825.80 661.82 15
1858.12 658.73 15
1885.86 654.92 15
1918.13 651.57 15
1948.73 651.79 14
1975.51 646.32 15
2004.59 644.96 14
2038.52 640.60 15
2067.86 639.23 15
2100.19 635.42 15
2130.89 633.28 15
2159.86 632.05 14
2191.50 625.12 15
2220.50 625.40 15
2249.92 619.07 15
2279.83 619.29 15
2312.55 615.31 14
2340.51 614.17 15
1524.07 720.28 15
1555.96 719.12 15
1588.00 714.74 15
1618.66 714.81 15
1647.11 711.69 15
1678.85 706.44 15
1707.73 703.08 15
1740.35 703.85 15
1770.42 698.40 15
1800.19 696.80 15
1829.38 691.54 15
1858.12 685.30 15
1888.51 686.68 15
1921.28 685.18 15
1952.52 680.13 14
1981.38 677.03 14
2013.17 674.72 15
2043.63 670.04 15
2075.06 669.25 15
2102.32 665.73 15
2131.90 662.71 15
2164.97 659.01 15
2195.54 657.65 15
2226.12 654.55 15
2256.23 655.30 15
2286.25 651.04 15
2314.98 644.22 15
2346.84 640.83 15
1527.97 750.94 15
1557.94 748.70 15
1588.90 746.92 14
1619.52 742.02 15
1651.02 737.92 14
1682.14 738.21 15
1708.69 734.92 15
1771.04 729.92 14
1803.24 726.10 15
1834.47 722.72 15
1866.25 718.93 15
1892.82 718.86 15
1922.02 711.15 15
1955.36 708.35 15
1983.67 710.47 14
2012.64 704.69 15
2045.79 701.13 15
2075.77 698.87 14
2106.30 695.82 15
2133.95 695.44 15
2164.38 689.70 15
2195.81 687.00 15
2224.92 683.48 15
2259.91 680.38 15
2286.36 676.79 15
2315.54 675.38 15
2349.55 673.62 15
1529.77 781.03 15
1560.59 777.01 15
1592.57 774.81 15
1623.76 773.45 14
1656.90 771.89 14
1685.28 769.68 14
1743.20 759.65 15
1776.03 757.67 15
1804.44 754.31 15
1837.32 749.94 15
1866.46 750.04 14
1894.32 744.59 14
1927.35 741.87 15
1954.21 741.71 15
1985.54 738.85 15
2018.86 735.06 15
2048.71 730.34 14
2078.85 727.48 15
2107.99 726.00 15
2137.91 723.46 15
2168.06 722.57 15
2199.84 719.47 15
2228.73 713.73 15
2260.79 709.49 15
2287.49 706.76 15
2321.54 707.28 15
2350.82 702.03 15
