0.157282 0.502381 0.015144
0.173785 0.504599 0.021551
0.197813 0.508267 0.018178
0.213697 0.503993 0.022325
0.236451 0.507571 0.014983
0.251830 0.503761 0.016238
0.270544 0.504716 0.018235
0.293173 0.505054 0.025439
0.310055 0.505274 0.019067
0.324749 0.503327 0.022348
0.346145 0.505746 0.011721
0.370219 0.506868 0.021005
0.383172 0.502400 0.019957
0.405984 0.502825 0.016089
0.425314 0.509771 0.019165
0.441189 0.505032 0.022131
0.461780 0.505254 0.017333
0.477528 0.506423 0.020835
0.499254 0.509072 0.019947
0.522238 0.505291 0.014412
0.537136 0.512671 0.019303
0.560073 0.504317 0.015470
0.577561 0.508005 0.021259
0.600316 0.509043 0.019079
0.618189 0.502924 0.019583
0.636698 0.503243 0.020193
0.657645 0.506207 0.018021
0.679027 0.509919 0.019909
0.696432 0.504313 0.020984
0.719072 0.502086 0.018750
0.730856 0.503726 0.017675
0.753486 0.504731 0.022337
0.774141 0.503904 0.016224
0.793978 0.503774 0.010321
0.814870 0.504661 0.017773
0.832326 0.504936 0.017109
0.849465 0.503959 0.013656
0.871848 0.508388 0.013894
0.156440 0.479547 0.020145
0.175953 0.473698 0.018700
0.198718 0.476652 0.022782
0.212291 0.475740 0.015708
0.232708 0.471086 0.016371
0.250277 0.475123 0.016556
0.268392 0.472332 0.020153
0.290927 0.475987 0.011506
0.307525 0.475103 0.019548
0.337259 0.474091 0.025196
0.349324 0.477727 0.019650
0.369259 0.473478 0.019319
0.385880 0.475239 0.019399
0.402704 0.476534 0.016877
0.423754 0.480370 0.018303
0.445825 0.478728 0.017165
0.464393 0.478407 0.018258
0.482224 0.476334 0.013527
0.506272 0.476138 0.019371
0.521042 0.473158 0.020695
0.538184 0.474357 0.025557
0.556278 0.475187 0.018651
0.582992 0.479606 0.022955
0.597671 0.475312 0.011854
0.616954 0.475387 0.020497
0.636091 0.474151 0.013687
0.654080 0.475161 0.016685
0.677315 0.470159 0.021537
0.697711 0.478278 0.017588
0.713861 0.475903 0.014957
0.729821 0.472499 0.020583
0.752759 0.472406 0.024170
0.772103 0.475160 0.014932
0.790855 0.476044 0.016314
0.809200 0.473501 0.019565
0.832703 0.475917 0.018202
0.850632 0.477303 0.020091
0.868114 0.472123 0.018063
0.889199 0.472765 0.021344
0.905916 0.472625 0.018012
0.150611 0.447661 0.014988
0.174614 0.445108 0.018145
0.195041 0.448464 0.021726
0.214862 0.444548 0.019156
0.234078 0.447612 0.018883
0.253071 0.440979 0.018476
0.269762 0.450725 0.020781
0.291509 0.447003 0.014886
0.310245 0.444757 0.022587
0.329626 0.449149 0.023185
0.344049 0.445700 0.016303
0.370167 0.444657 0.011356
0.387483 0.448228 0.017473
0.404330 0.447516 0.020779
0.428917 0.447653 0.020340
0.442040 0.449271 0.019749
0.464909 0.448769 0.016674
0.482801 0.447685 0.020783
0.501103 0.448652 0.026071
0.520801 0.444668 0.021193
0.546699 0.446704 0.018539
0.559182 0.446714 0.019012
0.579189 0.441595 0.021858
0.601806 0.443260 0.017973
0.618958 0.444358 0.018598
0.636326 0.445891 0.020056
0.657393 0.445498 0.019869
0.678374 0.446319 0.016645
0.695171 0.446201 0.018127
0.711755 0.448098 0.016050
0.732908 0.446219 0.017704
0.758431 0.449857 0.023927
0.769791 0.446490 0.013806
0.792186 0.443747 0.013684
0.812043 0.448543 0.024120
0.833595 0.446107 0.019859
0.847534 0.443655 0.021466
0.154393 0.417630 0.020153
0.171138 0.416462 0.016535
0.195772 0.416512 0.021550
0.209551 0.419592 0.020194
0.231389 0.415579 0.014296
0.249599 0.421466 0.021868
0.271751 0.417580 0.017038
0.286024 0.417594 0.018793
0.309257 0.422203 0.013724
0.328083 0.418402 0.019795
0.347585 0.414481 0.021302
0.371498 0.416623 0.018870
0.390064 0.419962 0.016641
0.408041 0.419327 0.020310
0.419268 0.417694 0.020541
0.444902 0.414195 0.022579
0.464281 0.423658 0.022169
0.482773 0.418514 0.012762
0.501383 0.419180 0.018896
0.519710 0.423205 0.018021
0.540575 0.420426 0.023133
0.559488 0.418070 0.016863
0.579547 0.419982 0.015722
0.596366 0.415013 0.020797
0.618698 0.413337 0.022792
0.641199 0.412811 0.020367
0.656650 0.417390 0.019303
0.675109 0.414720 0.024454
0.693609 0.422245 0.025347
0.712500 0.417519 0.021456
0.732274 0.416435 0.021049
0.752039 0.418013 0.012338
0.776790 0.417938 0.018045
0.789251 0.415329 0.021996
0.814876 0.412787 0.024996
0.827606 0.414565 0.021372
0.849668 0.414082 0.016393
0.873292 0.415770 0.019224
0.155225 0.388375 0.018270
0.175280 0.387534 0.013474
0.193301 0.389837 0.017021
0.211212 0.384169 0.021361
0.233284 0.392068 0.022529
0.258458 0.388068 0.022888
0.267660 0.388250 0.018236
0.296185 0.391695 0.018820
0.313432 0.389122 0.015016
0.328054 0.388875 0.013620
0.341332 0.388819 0.021370
0.364763 0.387801 0.018756
0.388089 0.390401 0.012737
0.403625 0.386530 0.018317
0.424528 0.387305 0.022999
0.442226 0.391345 0.017264
0.465784 0.389635 0.010451
0.485397 0.394590 0.017014
0.500830 0.393138 0.014359
0.526015 0.389673 0.025025
0.541274 0.389551 0.017298
0.562870 0.391037 0.018325
0.579906 0.390051 0.012392
0.597399 0.388557 0.013897
0.620387 0.391455 0.020005
0.639485 0.388252 0.017744
0.658226 0.387755 0.020778
0.677854 0.392559 0.022660
0.695803 0.390222 0.021554
0.707333 0.388811 0.017719
0.735121 0.387206 0.021327
0.755341 0.388581 0.017810
0.777371 0.386453 0.022539
0.791695 0.387512 0.009192
0.809804 0.387986 0.015536
0.834126 0.387323 0.021160
0.844927 0.383071 0.019855
0.867716 0.381195 0.024666
0.888733 0.392979 0.020410
0.907681 0.388050 0.016805
0.924660 0.386235 0.019333
0.155458 0.358746 0.011324
0.180136 0.359698 0.019832
0.196409 0.356250 0.017623
0.214293 0.359193 0.016770
0.233836 0.356663 0.017723
0.251227 0.361600 0.014281
0.271226 0.360545 0.015041
0.290874 0.359358 0.015115
0.309020 0.359641 0.011190
0.332912 0.359876 0.019291
0.348840 0.357942 0.016902
0.368380 0.360118 0.015798
0.387594 0.356806 0.018995
0.411779 0.358796 0.027775
0.427080 0.355178 0.017889
0.442201 0.362766 0.018285
0.463911 0.358040 0.016960
0.480322 0.358103 0.020680
0.503055 0.360946 0.013663
0.521712 0.355039 0.017772
0.540668 0.357682 0.015777
0.559883 0.359063 0.016156
0.580500 0.357776 0.020037
0.602360 0.358516 0.018391
0.617331 0.358390 0.017158
0.637399 0.359009 0.019204
0.658279 0.357312 0.016739
0.673084 0.354881 0.020715
0.698789 0.360395 0.020783
0.715152 0.355555 0.019909
0.741177 0.358289 0.017821
0.749897 0.358361 0.022690
0.776402 0.355243 0.020171
0.793083 0.352309 0.018703
0.812296 0.357098 0.015502
0.828184 0.354077 0.018903
0.849564 0.358030 0.017723
0.868881 0.358126 0.014308
0.889000 0.354041 0.017902
0.904611 0.363231 0.022417
0.157442 0.328307 0.019473
0.172869 0.322667 0.017267
0.184279 0.327432 0.023516
0.213619 0.328611 0.018351
0.232510 0.329872 0.017203
0.252786 0.326200 0.015941
0.271579 0.330315 0.011821
0.289640 0.325085 0.015412
0.310519 0.327886 0.019686
0.330656 0.336266 0.018805
0.350178 0.329027 0.016793
0.368596 0.324488 0.022530
0.387679 0.325242 0.016267
0.405865 0.330201 0.017826
0.430065 0.327018 0.020842
0.446547 0.329466 0.015601
0.457958 0.324651 0.021713
0.483664 0.331175 0.022503
0.503910 0.324832 0.022765
0.516262 0.329889 0.017712
0.541968 0.326735 0.013432
0.564093 0.326002 0.019626
0.578599 0.327482 0.016961
0.600444 0.327844 0.014471
0.618444 0.325794 0.019899
0.637145 0.328221 0.019292
0.656386 0.324273 0.020442
0.674097 0.324521 0.018023
0.697114 0.324180 0.015197
0.712963 0.323116 0.014719
0.734165 0.327091 0.012848
0.754465 0.325791 0.015449
0.773886 0.330281 0.022198
0.791638 0.327794 0.019048
0.810252 0.328449 0.013304
0.828221 0.328623 0.020687
0.848992 0.327249 0.008987
0.152973 0.291527 0.019622
0.174482 0.295298 0.014217
0.191799 0.295759 0.015582
0.215236 0.295902 0.018217
0.234189 0.296267 0.015648
0.254024 0.297285 0.010796
0.271270 0.295947 0.020387
0.289908 0.297511 0.017179
0.304622 0.297460 0.016556
0.325442 0.296368 0.016146
0.346441 0.301312 0.016173
0.372714 0.296861 0.018996
0.389035 0.296026 0.014567
0.409875 0.303300 0.021936
0.428777 0.294739 0.015450
0.443823 0.296901 0.015696
0.462658 0.298193 0.017937
0.482714 0.296699 0.019688
0.500069 0.297744 0.020221
0.524619 0.296577 0.019609
0.543156 0.299994 0.019084
0.561520 0.298722 0.020858
0.581211 0.296191 0.016483
0.596778 0.297068 0.022300
0.615026 0.304087 0.021302
0.637002 0.294989 0.020941
0.656179 0.293903 0.022635
0.680163 0.300418 0.020776
0.691355 0.298653 0.014645
0.715128 0.298363 0.020512
0.733477 0.296616 0.021095
0.750000 0.297368 0.013776
0.770359 0.298086 0.017060
0.794781 0.297410 0.025836
0.807137 0.295952 0.016740
0.154822 0.268305 0.017546
0.174705 0.268303 0.014995
0.194619 0.262599 0.015920
0.215873 0.267588 0.016878
0.233224 0.265875 0.018785
0.256927 0.269438 0.017987
0.270164 0.269381 0.017816
0.294218 0.265481 0.020442
0.314074 0.265200 0.018554
0.325705 0.267574 0.018170
0.345305 0.268970 0.016451
0.372182 0.268424 0.016486
0.386275 0.267834 0.019153
0.406821 0.268019 0.014579
0.426298 0.267515 0.021288
0.445248 0.269327 0.020437
0.461991 0.268655 0.018484
0.481608 0.267242 0.022900
0.500459 0.264905 0.017496
0.523943 0.266789 0.018581
0.543992 0.272127 0.020558
0.562821 0.269978 0.018879
0.580938 0.268818 0.016300
0.596843 0.264327 0.017337
0.620734 0.266347 0.011785
0.634953 0.266190 0.019116
0.662019 0.269357 0.020004
0.675532 0.268730 0.017174
0.693516 0.267455 0.018103
0.716564 0.265035 0.015999
0.732662 0.270016 0.013203
0.750092 0.267390 0.015293
0.776538 0.265435 0.018490
0.794383 0.266936 0.014558
0.812277 0.265883 0.015949
0.151061 0.235600 0.021360
0.174091 0.238506 0.019018
0.197641 0.239052 0.014517
0.213536 0.243176 0.019218
0.234454 0.235729 0.021356
0.251868 0.238143 0.014915
0.270525 0.235732 0.015744
0.289834 0.239349 0.020935
0.315337 0.236687 0.018930
0.328972 0.243729 0.022687
0.344966 0.234583 0.021806
0.369782 0.238734 0.021457
0.386016 0.236272 0.013806
0.405460 0.233263 0.019674
0.427191 0.230278 0.020060
0.444208 0.240695 0.017978
0.460193 0.235874 0.026376
0.485541 0.235704 0.017493
0.502594 0.238742 0.012779
0.519570 0.239802 0.018994
0.544218 0.236248 0.017587
0.561673 0.235491 0.021942
0.580616 0.235991 0.017796
0.597739 0.237228 0.016793
0.618510 0.236890 0.018093
0.635614 0.239314 0.019029
0.658929 0.237620 0.015979
0.675669 0.237912 0.020007
0.698446 0.237710 0.019107
0.715104 0.236559 0.013602
0.730803 0.241540 0.016638
0.754635 0.238493 0.022959
0.770581 0.237959 0.022498
0.791526 0.236543 0.017218
0.810455 0.237426 0.019323
0.828327 0.238149 0.016463
0.849044 0.236212 0.020398
0.874128 0.237658 0.011530
0.890478 0.236650 0.012621
0.661582 0.120076 0.003749
0.669409 0.123152 0.003576
0.677902 0.126282 0.004004
0.685455 0.129885 0.003845
0.693560 0.133623 0.003667
0.701469 0.137567 0.004092
0.709700 0.140842 0.004100
0.717393 0.144316 0.003722
0.733654 0.150593 0.003784
0.663480 0.105864 0.003712
0.671732 0.109301 0.003753
0.679283 0.112271 0.003750
0.687637 0.115412 0.004083
0.695394 0.119248 0.003590
0.703748 0.123142 0.004172
0.711132 0.126269 0.004015
0.719223 0.129785 0.004025
0.727269 0.132573 0.003878
0.735539 0.135646 0.004115
