203.84 651.09 19
225.23 653.96 27
256.37 658.71 23
276.95 653.17 28
306.44 657.81 19
326.37 652.87 21
350.63 654.11 23
379.95 654.55 32
401.83 654.83 24
420.87 652.31 28
448.60 655.45 15
479.80 656.90 27
496.59 651.11 25
526.16 651.66 20
551.21 660.66 24
571.78 654.52 28
598.47 654.81 22
618.88 656.32 27
647.03 659.76 25
676.82 654.86 18
696.13 664.42 25
725.86 653.59 20
748.52 658.37 27
778.01 659.72 24
801.17 651.79 25
825.16 652.20 26
852.31 656.04 23
880.02 660.86 25
902.58 653.59 27
931.92 650.70 24
947.19 652.83 22
976.52 654.13 28
1003.29 653.06 21
1029.00 652.89 13
1056.07 654.04 23
1078.69 654.40 22
1100.91 653.13 17
1129.92 658.87 18
202.75 621.49 26
228.03 613.91 24
257.54 617.74 29
275.13 616.56 20
301.59 610.53 21
324.36 615.76 21
347.84 612.14 26
377.04 616.88 14
398.55 615.73 25
437.09 614.42 32
452.72 619.13 25
478.56 613.63 25
500.10 615.91 25
521.90 617.59 21
549.18 622.56 23
577.79 620.43 22
601.85 620.02 23
624.96 617.33 17
656.13 617.08 25
675.27 613.21 26
697.49 614.77 33
720.94 615.84 24
755.56 621.57 29
774.58 616.00 15
799.57 616.10 26
824.37 614.50 17
847.69 615.81 21
877.80 609.33 27
904.23 619.85 22
925.16 616.77 19
945.85 612.36 26
975.58 612.24 31
1000.65 615.81 19
1024.95 616.95 21
1048.72 613.66 25
1079.18 616.79 23
1102.42 618.59 26
1125.08 611.87 23
1152.40 612.70 27
1174.07 612.52 23
195.19 580.17 19
226.30 576.86 23
252.77 581.21 28
278.46 576.13 24
303.36 580.11 24
327.98 571.51 23
349.61 584.14 26
377.80 579.32 19
402.08 576.41 29
427.19 582.10 30
445.89 577.63 21
479.74 576.27 14
502.18 580.90 22
524.01 579.98 26
555.88 580.16 26
572.88 582.26 25
602.52 581.60 21
625.71 580.20 26
649.43 581.45 33
674.96 576.29 27
708.52 578.93 24
724.70 578.94 24
750.63 572.31 28
779.94 574.46 23
802.17 575.89 24
824.68 577.88 25
851.98 577.37 25
879.17 578.43 21
900.94 578.28 23
922.44 580.74 20
949.85 578.30 22
982.93 583.01 31
997.65 578.65 17
1026.67 575.10 17
1052.41 581.31 31
1080.34 578.15 25
1098.40 574.98 27
200.09 541.25 26
221.79 539.73 21
253.72 539.80 27
271.58 543.79 26
299.88 538.59 18
323.48 546.22 28
352.19 541.18 22
370.69 541.20 24
400.80 547.18 17
425.20 542.25 25
450.47 537.17 27
481.46 539.94 24
505.52 544.27 21
528.82 543.45 26
543.37 541.33 26
576.59 536.80 29
601.71 549.06 28
625.67 542.39 16
649.79 543.26 24
673.54 548.47 23
700.59 544.87 29
725.10 541.82 21
751.09 544.30 20
772.89 537.86 26
801.83 535.68 29
830.99 535.00 26
851.02 540.94 25
874.94 537.48 31
898.92 547.23 32
923.40 541.10 27
949.03 539.70 27
974.64 541.74 15
1006.72 541.65 23
1022.87 538.27 28
1056.08 534.97 32
1072.58 537.28 27
1101.17 536.65 21
1131.79 538.84 24
201.17 503.33 23
227.16 502.24 17
250.52 505.23 22
273.73 497.88 27
302.34 508.12 29
334.96 502.94 29
346.89 503.17 23
383.86 507.64 24
406.21 504.30 19
425.16 503.98 17
442.37 503.91 27
472.73 502.59 24
502.96 505.96 16
523.10 500.94 23
550.19 501.95 29
573.13 507.18 22
603.66 504.97 13
629.07 511.39 22
649.08 509.51 18
681.72 505.02 32
701.49 504.86 22
729.48 506.78 23
751.56 505.51 16
774.23 503.57 18
804.02 507.33 25
828.77 503.18 22
853.06 502.53 26
878.50 508.76 29
901.76 505.73 27
916.70 503.90 22
952.72 501.82 27
978.92 503.60 23
1007.47 500.84 29
1026.04 502.22 11
1049.51 502.83 20
1081.03 501.97 27
1095.03 496.46 25
1124.56 494.03 31
1151.80 509.30 26
1176.35 502.91 21
1198.36 500.56 25
201.47 464.93 14
233.46 466.17 25
254.55 461.70 22
277.72 465.51 21
303.05 462.24 22
325.59 468.63 18
351.51 467.27 19
376.97 465.73 19
400.49 466.09 14
431.45 466.40 25
452.10 463.89 21
477.42 466.71 20
502.32 462.42 24
533.67 465.00 35
553.50 460.31 23
573.09 470.14 23
601.23 464.02 21
622.50 464.10 26
651.96 467.79 17
676.14 460.13 23
700.71 463.56 20
725.61 465.35 20
752.33 463.68 25
780.66 464.64 23
800.06 464.47 22
826.07 465.28 24
853.13 463.08 21
872.32 459.93 26
905.63 467.07 26
926.84 460.80 25
960.57 464.34 23
971.87 464.44 29
1006.22 460.39 26
1027.84 456.59 24
1052.74 462.80 20
1073.33 458.88 24
1101.04 464.01 22
1126.07 464.13 18
1152.14 458.84 23
1172.38 470.75 29
204.04 425.49 25
224.04 418.18 22
238.83 424.35 30
276.85 425.88 23
301.33 427.51 22
327.61 422.76 20
351.97 428.09 15
375.37 421.31 19
402.43 424.94 25
428.53 435.80 24
453.83 426.42 21
477.70 420.54 29
502.43 421.51 21
526.00 427.94 23
557.36 423.82 27
578.73 426.99 20
593.51 420.75 28
626.83 429.20 29
653.07 420.98 29
669.08 427.54 22
702.39 423.45 17
731.06 422.50 25
749.86 424.42 21
778.18 424.89 18
801.50 422.23 25
825.74 425.37 25
850.68 420.26 26
873.63 420.58 23
903.46 420.14 19
924.00 418.76 19
951.48 423.91 16
977.79 422.23 20
1002.96 428.04 28
1025.96 424.82 24
1050.09 425.67 17
1073.38 425.90 26
1100.29 424.11 11
198.25 377.82 25
226.13 382.71 18
248.57 383.30 20
278.95 383.49 23
303.51 383.96 20
329.21 385.28 13
351.57 383.55 26
375.72 385.57 22
394.79 385.51 21
421.77 384.09 20
448.99 390.50 20
483.04 384.73 24
504.19 383.65 18
531.20 393.08 28
555.70 381.98 20
575.19 384.78 20
599.60 386.46 23
625.60 384.52 25
648.09 385.88 26
679.91 384.36 25
703.93 388.79 24
727.73 387.14 27
753.25 383.86 21
773.42 385.00 28
797.07 394.10 27
825.55 382.31 27
850.41 380.90 29
881.49 389.34 26
896.00 387.05 18
926.81 386.68 26
950.59 384.41 27
972.00 385.39 17
998.39 386.32 22
1030.04 385.44 33
1046.05 383.55 21
200.65 347.72 22
226.42 347.72 19
252.23 340.33 20
279.77 346.79 21
302.26 344.57 24
332.98 349.19 23
350.13 349.12 23
381.31 344.06 26
407.04 343.70 24
422.11 346.78 23
447.52 348.58 21
482.35 347.88 21
500.61 347.11 24
527.24 347.35 18
552.48 346.70 27
577.04 349.05 26
598.74 348.18 23
624.16 346.35 29
648.59 343.32 22
679.03 345.76 24
705.01 352.68 26
729.42 349.89 24
752.90 348.39 21
773.51 342.57 22
804.47 345.19 15
822.90 344.98 24
857.98 349.09 25
875.49 348.27 22
898.80 346.62 23
928.67 343.49 20
949.53 349.94 17
972.12 346.54 19
1006.39 344.00 23
1029.52 345.95 18
1052.71 344.58 20
195.78 305.34 27
225.62 309.10 24
256.14 309.81 18
276.74 315.16 24
303.85 305.50 27
326.42 308.63 19
350.60 305.51 20
375.62 310.20 27
408.68 306.75 24
426.35 315.87 29
447.08 304.02 28
479.24 309.40 27
500.28 306.21 17
525.48 302.31 25
553.64 298.44 25
575.69 311.94 23
596.41 305.69 34
629.26 305.47 22
651.36 309.41 16
673.36 310.78 24
705.31 306.18 22
727.93 305.20 28
752.48 305.84 23
774.67 307.45 21
801.59 307.01 23
823.76 310.15 24
853.97 307.96 20
875.67 308.33 25
905.19 308.07 24
926.78 306.58 17
947.12 313.04 21
978.01 309.09 29
998.67 308.40 29
1025.82 306.56 22
1050.35 307.70 25
1073.51 308.64 21
1100.36 306.13 26
1132.87 308.00 14
1154.06 306.70 16
857.41 155.62 4
867.55 159.60 4
878.56 163.66 5
888.35 168.33 4
898.85 173.18 4
909.10 178.29 5
919.77 182.53 5
929.74 187.03 4
950.82 195.17 4
859.87 137.20 4
870.56 141.65 4
880.35 145.50 4
891.18 149.57 5
901.23 154.55 4
912.06 159.59 5
921.63 163.64 5
932.11 168.20 5
942.54 171.81 5
953.26 175.80 5
