274.42 579.71 22
308.80 583.27 21
346.65 573.70 22
377.16 571.41 22
420.04 566.63 21
455.53 562.33 23
492.97 553.59 23
532.00 546.93 22
566.20 548.14 23
598.26 546.12 23
640.36 539.11 22
677.34 530.03 22
709.89 530.47 22
746.38 525.74 23
785.55 522.05 23
823.76 511.35 22
857.61 511.58 23
899.23 505.74 21
931.47 499.53 23
973.12 491.14 23
1005.22 494.89 22
1046.72 487.99 23
1079.68 481.69 22
1119.96 477.52 22
1149.18 473.66 24
1187.61 469.98 22
1229.76 461.65 22
1263.87 453.12 22
1294.49 458.48 23
1339.45 448.39 23
1379.65 444.65 23
1415.47 440.16 23
278.53 528.10 22
316.10 522.12 23
350.78 517.88 23
386.02 510.73 22
418.69 509.74 23
460.76 500.49 23
494.15 498.63 21
534.40 493.75 23
569.06 488.51 22
610.66 487.12 23
644.15 481.12 23
680.77 470.44 24
714.42 466.14 23
755.44 463.57 22
785.91 461.07 23
831.21 457.06 22
861.36 449.10 23
901.10 446.21 23
933.62 443.42 22
974.44 434.81 23
1010.15 432.35 22
1046.77 427.90 23
1080.51 428.27 23
1119.59 419.24 23
1153.75 413.61 23
1193.10 397.92 22
1231.45 402.02 23
1265.09 398.27 23
1299.93 395.72 23
1345.60 389.26 24
1371.28 381.28 21
1415.68 377.51 23
283.01 467.12 21
317.70 466.46 22
351.58 453.24 23
384.74 452.64 22
426.86 449.74 24
465.87 443.15 23
500.23 439.40 22
534.48 437.43 22
571.33 431.25 23
610.03 418.84 24
644.84 423.48 22
686.99 415.35 22
716.25 412.52 22
754.77 410.34 23
789.61 405.22 23
834.19 394.14 22
868.11 398.21 23
895.69 389.80 23
943.54 378.44 22
977.79 374.40 22
1012.13 371.15 22
1048.54 370.38 23
1083.42 368.64 23
1123.71 358.18 21
1162.64 354.40 23
1196.42 352.78 22
1234.93 344.96 24
1272.36 344.17 23
1308.23 338.01 23
1346.76 326.71 23
1378.96 328.34 23
1411.81 318.39 22
279.80 409.16 22
323.28 397.81 22
357.95 397.98 23
393.61 396.40 23
432.90 390.35 22
466.23 386.46 23
501.60 380.90 23
539.69 376.06 22
568.34 374.53 22
612.48 367.27 22
647.81 368.58 22
685.30 359.76 23
718.69 352.17 21
754.86 349.99 22
798.29 342.12 22
835.52 337.64 23
868.76 333.55 24
909.60 325.23 21
943.66 320.55 22
978.38 317.09 23
1015.87 311.86 23
1051.32 313.09 22
1095.18 305.84 23
1127.72 299.10 21
1164.09 296.39 23
1197.76 293.61 24
1234.50 286.07 20
1266.20 283.24 23
1311.10 276.75 22
1347.73 272.30 22
1383.95 262.46 23
1419.09 265.36 23
281.75 378.65 10
300.19 376.85 10
285.19 347.26 21
322.87 343.55 23
364.30 337.44 23
391.78 331.46 22
430.08 332.43 23
468.45 326.27 23
503.35 318.22 22
541.47 319.03 22
573.81 312.49 24
615.60 304.97 21
653.56 306.71 21
694.00 296.06 22
730.17 293.45 22
760.71 288.66 23
800.58 284.55 21
832.22 278.48 22
879.22 275.07 22
906.05 269.18 23
945.53 266.27 23
986.79 256.73 22
1015.12 259.97 22
1052.05 258.67 22
1089.77 245.51 22
1126.49 240.15 23
1165.63 237.57 24
1198.84 233.76 22
1236.53 232.01 23
1276.75 222.08 24
1312.63 217.43 23
1349.16 214.37 23
1383.77 206.81 23
1420.21 206.25 23
287.41 319.59 5
294.91 319.15 5
312.15 315.99 5
318.19 316.31 5
325.91 315.68 5
339.84 312.84 5
346.83 312.15 5
354.97 309.53 5
360.80 309.40 5
378.41 307.44 5
386.08 307.53 5
393.37 308.21 5
399.35 304.75 5
407.09 304.70 5
414.48 303.78 5
421.92 303.29 5
428.30 302.11 5
435.37 301.63 5
443.94 298.16 5
294.31 292.98 23
323.66 287.64 22
362.05 276.14 22
398.28 280.41 21
432.01 274.81 22
473.99 266.51 23
504.05 262.38 22
540.09 254.63 23
589.07 248.05 22
619.30 251.00 23
657.81 243.42 23
690.98 239.10 22
727.37 234.49 21
766.01 234.08 21
802.47 225.03 22
844.65 220.00 22
879.01 216.87 23
909.46 209.87 23
946.65 207.61 23
987.18 200.24 23
1023.45 190.19 22
1057.23 197.58 23
1093.29 192.96 22
1129.90 186.23 22
1167.07 175.92 23
1206.19 173.64 23
1243.17 165.90 24
1276.92 163.26 22
1317.29 161.51 21
1354.09 156.42 22
1385.55 152.15 24
1419.78 153.18 21
297.47 230.96 23
324.58 231.46 23
369.91 226.17 23
399.30 222.72 22
435.38 217.88 23
481.12 207.05 24
515.74 204.32 23
547.00 198.59 23
583.39 197.40 23
622.74 188.72 23
661.34 185.26 23
699.28 174.44 23
734.21 179.76 23
769.50 169.51 23
806.94 162.38 22
844.52 157.89 23
878.32 157.61 23
912.10 159.09 22
950.47 148.34 22
990.16 146.12 22
1018.04 142.31 23
1063.05 137.60 23
1094.77 131.92 23
1129.89 125.43 24
1173.97 119.05 24
1211.32 116.91 24
1246.99 110.57 24
1277.90 101.13 22
1315.77 100.51 23
1351.65 100.48 23
1393.34 92.39 23
1428.80 86.17 22
290.59 171.37 22
327.56 164.30 23
369.43 165.07 22
407.88 160.28 22
442.00 157.82 23
479.79 148.76 22
512.53 147.61 22
553.39 143.50 22
587.10 132.15 23
622.25 130.45 22
658.14 125.32 22
696.18 127.52 23
735.75 119.56 22
775.63 111.13 23
809.47 110.76 22
849.08 106.68 23
880.89 98.19 23
925.07 95.12 23
956.81 86.45 23
992.09 87.87 23
1027.46 80.47 21
1065.60 78.47 22
1100.35 71.24 23
1137.98 60.90 22
1172.37 61.30 23
1211.67 55.65 22
1246.66 53.46 23
1289.54 47.18 24
1327.05 37.61 24
1360.00 34.97 23
1389.96 36.13 23
1434.33 31.18 22
40.42 158.47 20
42.16 195.18 39
36.78 241.99 26
43.37 281.36 37
54.55 321.29 22
53.44 352.32 36
67.36 398.93 26
50.09 460.86 34
54.13 481.50 36
27.12 534.19 43
15.54 568.75 36
11.71 612.23 20
3.99 644.94 44
96.37 144.31 31
92.01 187.85 29
96.60 226.99 26
101.90 269.37 26
112.75 304.55 16
112.43 339.30 29
115.69 392.35 23
113.73 430.97 31
100.81 477.11 18
89.35 509.65 34
65.39 566.75 24
62.26 605.97 15
56.92 645.29 30
157.40 141.13 29
152.90 182.23 24
208.04 141.40 23
208.41 187.75 32
213.54 227.06 35
219.01 261.51 32
229.44 300.14 24
231.04 348.23 22
234.69 381.81 34
225.80 429.72 24
215.22 466.05 29
212.45 514.11 26
192.76 552.89 32
175.82 601.29 39
178.62 647.10 37
1292.29 623.36 14
1317.85 645.91 17
1340.72 644.42 18
1368.51 644.49 19
1394.98 647.73 18
1423.55 641.69 17
1446.93 645.14 18
1474.14 645.27 17
1498.81 643.00 17
1519.49 643.66 15
1548.49 644.70 15
1572.05 645.47 15
1599.23 643.40 16
1626.44 645.59 16
1651.17 647.41 17
1675.92 640.29 17
1700.53 643.48 17
1293.72 577.46 17
1317.65 577.15 14
1341.39 580.03 15
1366.98 575.79 17
1395.24 573.28 15
1416.65 578.56 17
1444.46 572.41 17
1473.77 580.09 17
1501.89 577.10 15
1522.12 577.10 16
1547.09 574.59 17
1573.03 575.22 15
1602.73 577.87 17
1627.39 574.20 17
1655.62 575.81 17
1676.66 575.60 17
1704.08 572.00 18
1292.39 507.06 17
1315.34 511.56 14
1343.84 506.57 17
1365.79 511.07 16
1392.07 508.85 15
1415.90 509.74 17
1447.03 512.13 16
1467.01 511.13 16
1495.04 510.61 15
1522.08 509.43 16
1546.98 505.69 17
1576.04 510.10 14
1601.09 509.99 17
1620.91 512.26 16
1652.33 508.25 16
1675.76 508.68 16
1703.91 509.53 16
515.83 93.63 4
524.57 92.87 5
533.09 90.82 4
541.53 88.23 4
550.76 86.67 5
559.78 86.45 5
568.22 87.75 4
577.02 89.17 5
585.80 92.22 4
594.92 94.38 5
514.31 75.59 5
522.95 73.35 5
531.72 71.36 4
540.85 68.66 5
549.71 68.09 5
558.01 67.90 5
568.34 69.04 4
576.70 71.58 5
584.68 73.36 5
594.22 75.44 4
1697.37 100.15 9
1697.63 119.90 10
1698.64 137.13 10
1701.04 156.72 10
1698.71 176.58 10
1696.86 197.24 10
1699.36 215.11 10
1698.22 233.84 9
1699.58 256.07 10
1699.70 273.67 9
1701.07 292.20 10
1701.25 313.49 10
1699.54 333.16 10
1696.53 353.28 10
1697.42 372.17 9
1699.26 391.73 10
1697.70 412.28 10
1734.22 99.69 10
1726.35 130.12 9
1733.45 137.06 9
1732.56 158.04 9
1735.03 176.21 10
1733.91 198.84 10
1735.80 217.27 10
1733.62 235.26 9
1734.21 254.22 10
1734.08 277.57 9
1735.16 292.96 10
1736.91 312.03 10
1734.48 335.78 9
1733.03 353.75 10
1733.87 372.95 10
1734.86 392.68 9
1736.08 410.78 9
1771.28 98.89 9
1771.93 118.17 10
1772.21 137.21 10
1773.18 157.18 9
1770.24 177.66 10
1771.53 195.68 9
1771.86 216.15 10
1772.11 238.24 10
1771.77 257.60 10
1772.23 275.25 10
1771.91 292.34 9
1771.29 313.03 10
1769.12 333.62 9
1772.00 353.71 10
1769.86 372.74 10
1769.87 392.23 9
1770.39 411.67 10
1806.08 100.14 10
1805.92 116.34 10
1805.00 135.46 9
1805.20 155.58 10
1820.42 193.88 9
1806.21 196.91 10
1807.57 215.50 9
1807.28 234.06 9
1806.57 255.56 10
1807.73 293.00 9
1808.69 315.69 9
1805.91 334.29 9
1802.81 345.29 9
1807.59 374.17 10
1809.17 393.01 9
1805.21 411.87 9
1839.76 98.72 9
1841.82 118.84 9
1843.20 133.62 9
1843.55 157.28 9
1842.76 178.44 9
1844.09 195.44 9
1842.63 216.61 9
1843.26 233.78 10
1842.99 257.76 9
1842.87 274.96 9
1844.37 295.06 9
1843.47 313.93 9
1842.93 332.37 9
1844.11 352.63 10
1844.31 372.60 9
1844.67 391.88 10
1841.94 410.49 9
1880.03 96.10 9
1879.37 118.68 9
1879.93 136.43 10
1880.17 156.65 10
1878.00 175.36 10
1879.32 196.32 9
1879.30 214.92 10
1879.43 236.74 9
1879.51 256.29 10
1879.07 274.42 9
1878.21 294.74 10
1878.58 312.26 9
1878.60 333.80 9
1880.58 352.75 9
1880.82 374.29 10
1879.70 393.01 10
1879.49 412.22 10
1917.70 215.50 10
1916.49 236.62 10
1914.56 254.99 9
1914.10 274.98 10
1915.15 294.01 9
1915.90 312.64 10
1916.49 332.48 10
1915.73 352.24 10
1916.04 372.03 9
1914.52 391.61 9
1913.06 411.82 9
1951.62 97.62 10
1951.59 117.69 10
1950.67 137.68 9
1951.73 157.28 9
1950.99 176.84 10
1950.50 196.10 10
1953.23 217.27 10
1951.67 236.29 10
1951.05 254.34 9
1951.43 273.45 9
1953.78 293.25 10
1951.21 313.28 10
1951.31 333.59 10
1951.74 352.32 10
1952.25 372.77 10
1951.02 393.14 9
1952.01 411.79 10
1732.17 740.29 6
1743.92 742.17 5
1754.84 742.63 6
1766.98 741.93 5
1778.48 740.50 5
1786.40 743.85 5
1741.16 712.69 6
1751.95 714.82 6
1763.75 714.64 6
1774.84 714.44 5
1787.78 712.56 6
1799.24 711.61 6
1810.51 710.94 5
1821.99 712.17 6
1833.82 714.67 6
1843.94 717.06 6
1854.85 719.79 5
1753.61 686.34 6
1765.29 687.42 5
1776.42 687.43 5
1787.76 686.94 6
1800.82 685.33 6
1812.67 684.00 5
1823.64 683.62 5
1835.21 684.98 5
1846.48 687.71 6
1857.70 689.65 5
1867.75 692.37 6
1763.61 658.69 6
1774.66 660.38 5
1787.38 659.94 6
1798.45 660.30 6
1810.62 658.12 5
1822.85 656.76 6
1834.13 656.27 6
1844.84 658.12 5
1857.15 659.57 6
1867.45 663.26 6
1879.12 665.34 6
1768.38 630.63 6
1778.93 632.87 5
1790.72 632.52 6
1802.14 632.10 5
1815.24 630.26 6
1826.55 629.77 5
1837.83 628.61 6
1849.45 629.83 6
1860.43 632.94 5
1871.36 634.82 5
1882.94 637.84 5
1771.99 604.00 6
1783.00 605.06 6
1794.53 605.43 5
1806.38 604.71 6
1817.58 603.17 6
1830.19 601.02 6
1842.05 602.35 6
1853.16 602.96 6
1865.17 605.76 5
1875.11 607.61 6
1886.51 610.43 5
