0.216465 0.358914 0.008465
0.228738 0.358452 0.010347
0.239066 0.360481 0.009893
0.245821 0.361264 0.009763
0.258736 0.358405 0.010242
0.268208 0.360460 0.009250
0.276646 0.357883 0.008714
0.290223 0.361831 0.010502
0.299549 0.360564 0.010397
0.306685 0.357831 0.008860
0.316120 0.358752 0.010228
0.329385 0.359340 0.010063
0.338905 0.360897 0.010504
0.347271 0.359577 0.011101
0.358031 0.357571 0.008671
0.366236 0.359846 0.010149
0.376853 0.360562 0.011231
0.387182 0.361262 0.009354
0.398291 0.358410 0.009603
0.408668 0.360634 0.009971
0.417514 0.359099 0.010758
0.427624 0.357628 0.009594
0.439129 0.359957 0.009787
0.447593 0.361361 0.009471
0.457762 0.361403 0.009032
0.467299 0.361665 0.009322
0.478612 0.359634 0.010556
0.487033 0.360236 0.008416
0.496765 0.359958 0.007207
0.506092 0.360143 0.009835
0.520777 0.359191 0.010731
0.528553 0.359902 0.010725
0.538783 0.356683 0.009030
0.548003 0.358166 0.010697
0.557554 0.360107 0.008737
0.569044 0.357406 0.010047
0.579671 0.359229 0.009348
0.217585 0.337223 0.010043
0.225546 0.335277 0.009346
0.236657 0.335606 0.010353
0.246867 0.336235 0.010441
0.257458 0.334141 0.011010
0.266270 0.335213 0.007898
0.277180 0.334726 0.008303
0.283850 0.336875 0.009940
0.298221 0.336235 0.009073
0.304254 0.336303 0.009624
0.316585 0.336177 0.009777
0.328244 0.336736 0.010802
0.337011 0.337690 0.011453
0.345580 0.335220 0.010483
0.358119 0.337151 0.011535
0.366503 0.335265 0.011069
0.376536 0.334535 0.011166
0.388627 0.336081 0.009755
0.396727 0.336213 0.007245
0.409020 0.336329 0.006437
0.417752 0.337131 0.010423
0.427588 0.338100 0.008340
0.438878 0.336704 0.011368
0.445923 0.335073 0.008764
0.458071 0.338585 0.009770
0.467315 0.340071 0.009531
0.475611 0.335863 0.010055
0.490424 0.335325 0.009347
0.499526 0.337614 0.011374
0.508670 0.335270 0.010079
0.518039 0.335637 0.011858
0.528790 0.337010 0.007890
0.537387 0.336659 0.009184
0.546728 0.334361 0.010686
0.559361 0.337722 0.010887
0.569614 0.337979 0.009107
0.582717 0.336229 0.009600
0.217064 0.313679 0.007788
0.226524 0.312989 0.010632
0.237716 0.311835 0.008225
0.247286 0.312520 0.008282
0.256919 0.312894 0.008929
0.267408 0.312994 0.009537
0.279082 0.313202 0.008633
0.286053 0.312890 0.009853
0.297490 0.313282 0.010104
0.305155 0.311648 0.009819
0.318929 0.312755 0.010853
0.326488 0.312307 0.010076
0.340319 0.314539 0.010726
0.346528 0.311704 0.010798
0.356168 0.312518 0.007944
0.366172 0.312762 0.008281
0.380152 0.313933 0.011305
0.387646 0.311338 0.008871
0.399532 0.312176 0.008827
0.410591 0.315388 0.009585
0.428898 0.312679 0.010898
0.439161 0.314222 0.009616
0.448054 0.313749 0.010654
0.459485 0.311744 0.007759
0.470253 0.310311 0.010712
0.480387 0.311221 0.008967
0.489714 0.312791 0.010013
0.499596 0.313553 0.009340
0.508175 0.314065 0.009098
0.519357 0.312817 0.008078
0.527831 0.312291 0.011695
0.540429 0.319952 0.010602
0.546664 0.312554 0.007305
0.559230 0.311949 0.010586
0.568822 0.314108 0.008044
0.577630 0.313648 0.008572
0.217308 0.291836 0.007293
0.225390 0.289673 0.009491
0.235150 0.291999 0.009560
0.246037 0.288564 0.009310
0.257238 0.289927 0.010916
0.264437 0.291064 0.009665
0.276285 0.288818 0.012989
0.286624 0.290152 0.008877
0.298010 0.288101 0.009235
0.307490 0.287935 0.010450
0.319060 0.288117 0.010555
0.323967 0.288643 0.010249
0.336024 0.291226 0.008238
0.347715 0.288564 0.009965
0.358613 0.290572 0.010333
0.368637 0.290138 0.007224
0.378948 0.290993 0.011368
0.387101 0.290985 0.009993
0.396543 0.289965 0.010090
0.407307 0.290079 0.008955
0.417657 0.290294 0.009003
0.426737 0.289531 0.009720
0.437284 0.296590 0.008900
0.444009 0.291362 0.007287
0.457229 0.288451 0.008080
0.467664 0.288156 0.008701
0.480126 0.289744 0.010730
0.486563 0.290184 0.010240
0.500470 0.290179 0.010836
0.505870 0.291237 0.011052
0.517751 0.288585 0.008923
0.527404 0.290256 0.009936
0.539181 0.290667 0.009915
0.548208 0.289765 0.007158
0.558471 0.288513 0.009448
0.571032 0.291538 0.011279
0.578352 0.291158 0.010556
0.216383 0.269136 0.008314
0.227813 0.268293 0.010113
0.247276 0.268548 0.010182
0.256486 0.267939 0.010397
0.268629 0.269195 0.009427
0.275985 0.268603 0.009372
0.285872 0.269610 0.010225
0.295740 0.266591 0.009331
0.307761 0.267599 0.009790
0.316754 0.268265 0.008928
0.326606 0.268213 0.009361
0.339194 0.269566 0.010550
0.346408 0.269242 0.010954
0.354247 0.269745 0.010148
0.366825 0.271339 0.010865
0.379202 0.267106 0.009488
0.387827 0.268934 0.010535
0.396059 0.266639 0.010622
0.407734 0.267167 0.010143
0.418738 0.267888 0.009748
0.427649 0.267635 0.008812
0.437461 0.269131 0.009523
0.448979 0.266858 0.009838
0.458944 0.268468 0.008117
0.468427 0.266788 0.008923
0.478619 0.269872 0.011238
0.488605 0.268742 0.008927
0.499302 0.269687 0.011155
0.508895 0.266854 0.008089
0.519407 0.267766 0.007810
0.528634 0.268323 0.008017
0.538469 0.268690 0.009668
0.549153 0.268029 0.010359
0.558684 0.269160 0.011639
0.569394 0.269133 0.010898
0.580941 0.267708 0.009098
0.216674 0.253327 0.012440
0.226949 0.253339 0.007570
0.236837 0.253898 0.010313
0.247964 0.253170 0.009746
0.256124 0.253534 0.009012
0.268207 0.253039 0.009434
0.276483 0.253553 0.010719
0.287272 0.253670 0.007999
0.298754 0.253326 0.009661
0.305382 0.252207 0.010361
0.318537 0.252893 0.009807
0.329671 0.253329 0.010558
0.338229 0.252943 0.009631
0.347164 0.254076 0.009747
0.357159 0.252467 0.007952
0.372463 0.252139 0.009322
0.378104 0.252901 0.012679
0.387470 0.252301 0.010951
0.398780 0.253502 0.011210
0.407566 0.252338 0.010802
0.418019 0.253765 0.010883
0.428600 0.252115 0.009053
0.439090 0.252404 0.010451
0.447084 0.251745 0.009151
0.458274 0.252883 0.010011
0.467228 0.252310 0.009037
0.477263 0.252459 0.010618
0.487032 0.251546 0.009803
0.501216 0.251149 0.007642
0.508438 0.251066 0.009696
0.518246 0.252000 0.005838
0.530095 0.250720 0.009386
0.538921 0.250942 0.007964
0.549382 0.251838 0.010010
0.559389 0.252593 0.009672
0.568366 0.251311 0.008214
0.579692 0.251948 0.009650
0.217932 0.246762 0.010553
0.227262 0.246464 0.010828
0.236594 0.246354 0.008695
0.248642 0.246320 0.011899
0.257582 0.246503 0.009141
0.266164 0.245715 0.007456
0.275887 0.246183 0.009017
0.287924 0.246297 0.009338
0.297605 0.246454 0.009607
0.310359 0.245945 0.009069
0.318934 0.245364 0.008068
0.327177 0.245158 0.010333
0.337933 0.245705 0.010480
0.345547 0.245370 0.009094
0.357816 0.245521 0.009296
0.367013 0.245358 0.008509
0.379091 0.244878 0.011864
0.388632 0.245535 0.010707
0.400557 0.245239 0.009514
0.405329 0.245161 0.010294
0.419557 0.244437 0.010979
0.427561 0.244318 0.008799
0.438562 0.245164 0.009342
0.447374 0.244343 0.010220
0.459699 0.243934 0.012436
0.467784 0.243551 0.011362
0.479342 0.244313 0.007541
0.488157 0.244868 0.010217
0.498269 0.244261 0.008670
0.507973 0.243679 0.009262
0.518497 0.243968 0.009779
0.527721 0.243687 0.011222
0.538950 0.243621 0.009860
0.546609 0.243799 0.008840
0.560096 0.243579 0.009813
0.569300 0.243191 0.009937
0.578708 0.243166 0.009912
0.216177 0.235974 0.011388
0.226868 0.235137 0.009424
0.235298 0.234889 0.008324
0.247052 0.234237 0.007269
0.258250 0.235604 0.008106
0.266419 0.234890 0.009566
0.278415 0.235778 0.011246
0.287158 0.232319 0.011717
0.298297 0.233601 0.010596
0.302772 0.234722 0.008665
0.316833 0.233621 0.011318
0.325851 0.232854 0.007425
0.338981 0.236978 0.009055
0.349755 0.233912 0.008673
0.359994 0.234060 0.010211
0.365789 0.235990 0.010791
0.376916 0.235078 0.009749
0.387644 0.233251 0.008600
0.397907 0.233902 0.009880
0.406611 0.233996 0.007385
0.419064 0.234332 0.006896
0.428927 0.232897 0.010352
0.438860 0.233442 0.009214
0.448909 0.234677 0.009173
0.459258 0.234047 0.011881
0.468497 0.232541 0.009382
0.477219 0.234477 0.010642
0.489371 0.233123 0.010166
0.498464 0.235052 0.008053
0.509326 0.235008 0.009683
0.520331 0.235637 0.010980
0.528882 0.235266 0.010592
0.537932 0.232744 0.011199
0.549686 0.232696 0.009208
0.558275 0.232505 0.008316
0.570007 0.234682 0.010427
0.579656 0.233217 0.008852
0.217454 0.217733 0.002449
0.224251 0.217764 0.001947
0.231468 0.217148 0.002174
0.235787 0.223104 0.002728
0.246149 0.217459 0.002389
0.253292 0.217839 0.002199
0.260734 0.217529 0.002219
0.268184 0.217719 0.002126
0.275021 0.217179 0.002524
0.282414 0.218105 0.002405
0.294206 0.218336 0.002211
0.300987 0.218135 0.002343
0.214759 0.205663 0.010490
0.228536 0.203544 0.011350
0.238640 0.204917 0.008965
0.247184 0.201858 0.009632
0.258924 0.205600 0.008821
0.266035 0.201426 0.009719
0.278502 0.203184 0.009201
0.289367 0.203711 0.010470
0.297392 0.204919 0.010279
0.307346 0.206180 0.008797
0.315413 0.202030 0.009139
0.324525 0.203101 0.009959
0.335795 0.203414 0.009076
0.347290 0.204279 0.009516
0.358361 0.207646 0.009715
0.367778 0.207008 0.010838
0.377910 0.205002 0.010554
0.386259 0.206832 0.007996
0.397366 0.203546 0.009159
0.408377 0.202454 0.010444
0.419020 0.204161 0.009602
0.428362 0.206462 0.009973
0.439372 0.207393 0.008849
0.450031 0.206139 0.009621
0.459877 0.208624 0.009489
0.470898 0.207287 0.009877
0.478169 0.206536 0.012047
0.488171 0.205996 0.008875
0.502170 0.203647 0.010721
0.509667 0.206891 0.008459
0.521539 0.208127 0.008621
0.528982 0.207001 0.010891
0.539741 0.206870 0.010596
0.548089 0.206259 0.008799
0.561684 0.209077 0.007999
0.570087 0.206999 0.009679
0.576960 0.206427 0.009836
0.218154 0.166562 0.009911
0.228160 0.164667 0.008222
0.237102 0.164562 0.009300
0.246809 0.163933 0.009222
0.255814 0.164467 0.010617
0.269855 0.163938 0.011070
0.277924 0.161435 0.009377
0.289187 0.166063 0.010550
0.298624 0.166026 0.009106
0.308049 0.166377 0.009433
0.317556 0.162822 0.009614
0.327626 0.166864 0.007535
0.336188 0.163984 0.008944
0.348585 0.164126 0.008292
0.357054 0.166755 0.007735
0.367888 0.163456 0.011263
0.379855 0.163688 0.007747
0.386714 0.165485 0.007912
0.399232 0.165785 0.011069
0.408909 0.167267 0.009513
0.416165 0.165374 0.008542
0.426603 0.167867 0.009906
0.436930 0.166758 0.010252
0.448113 0.165650 0.007102
0.458641 0.167940 0.006049
0.467734 0.163964 0.007470
0.478061 0.168249 0.010251
0.488429 0.167750 0.008324
0.498439 0.167652 0.011100
0.509678 0.167215 0.011297
0.517691 0.170354 0.011465
0.531952 0.166288 0.009058
0.539168 0.167148 0.007882
0.548281 0.167446 0.008052
0.558760 0.165929 0.010968
0.569175 0.165071 0.008596
0.582467 0.167968 0.011817
0.215833 0.131361 0.010075
0.225416 0.129205 0.006478
0.236708 0.130553 0.008027
0.245381 0.132183 0.011639
0.255037 0.128166 0.009901
0.267228 0.132895 0.009814
0.275791 0.130112 0.010629
0.285730 0.129061 0.009870
0.299192 0.131262 0.009745
0.307503 0.129444 0.006676
0.316980 0.127860 0.009198
0.327335 0.130692 0.008325
0.337069 0.130092 0.010220
0.346115 0.129145 0.008921
0.358300 0.130146 0.009046
0.367683 0.130970 0.007955
0.377858 0.131073 0.009021
0.387496 0.134121 0.009942
0.396836 0.128098 0.011001
0.408371 0.129302 0.010844
0.416533 0.129787 0.009688
0.431853 0.133353 0.010198
0.438032 0.131559 0.008606
0.446486 0.131787 0.007117
0.458257 0.130365 0.009762
0.467559 0.131930 0.007430
0.475833 0.131947 0.011075
0.489522 0.131843 0.007094
0.496912 0.132185 0.012353
0.509009 0.128581 0.009698
0.519068 0.129324 0.009744
0.528590 0.131045 0.009733
0.537814 0.128562 0.008736
0.546765 0.132023 0.009994
0.557650 0.129457 0.010025
0.569921 0.129292 0.010503
0.579421 0.131334 0.009646
0.216937 0.103458 0.010463
0.224955 0.101966 0.011034
0.239329 0.106324 0.010257
0.247166 0.104650 0.009808
0.256151 0.102504 0.010039
0.266738 0.103213 0.008721
0.278497 0.103915 0.009703
0.286037 0.101874 0.010482
0.298781 0.103386 0.009064
0.305095 0.102080 0.010575
0.317081 0.105438 0.011413
0.325959 0.102623 0.013660
0.336925 0.103839 0.010500
0.347450 0.102711 0.010400
0.357413 0.104947 0.008833
0.365663 0.103508 0.009960
0.375779 0.102478 0.009878
0.386634 0.104088 0.008082
0.395534 0.103495 0.010266
0.408303 0.103007 0.008245
0.416350 0.102224 0.010207
0.428159 0.101115 0.009297
0.438607 0.103562 0.007043
0.446851 0.102471 0.008879
0.457327 0.103165 0.008551
0.466198 0.102809 0.007655
0.478077 0.100967 0.010046
0.487670 0.102710 0.009309
0.499158 0.104030 0.014133
0.507842 0.103544 0.009119
0.518705 0.106268 0.009314
0.528788 0.102761 0.010365
0.538751 0.103692 0.006452
0.547294 0.103484 0.010461
0.558698 0.100782 0.011373
0.568725 0.103123 0.009239
0.580671 0.102377 0.008639
0.671451 0.219760 0.013458
0.693023 0.217999 0.013606
0.712966 0.223209 0.013609
0.735682 0.226350 0.013342
0.753299 0.228370 0.013589
0.773100 0.232709 0.013429
0.815653 0.232143 0.013569
0.817283 0.237266 0.013521
0.839952 0.231761 0.013330
0.859598 0.231088 0.013263
0.879072 0.230352 0.013369
0.905440 0.224095 0.013316
0.923847 0.222937 0.013433
0.944093 0.217505 0.013455
0.961820 0.222167 0.013489
0.671552 0.194100 0.013490
0.692606 0.193833 0.013420
0.711527 0.194761 0.013574
0.736513 0.194504 0.013305
0.752400 0.195564 0.013568
0.778477 0.198565 0.013365
0.796400 0.197509 0.013296
0.818005 0.198398 0.013435
0.843004 0.197855 0.013119
0.864395 0.197789 0.013470
0.883141 0.197919 0.013603
0.899411 0.199561 0.013514
0.920642 0.200557 0.013098
0.944661 0.204622 0.013270
0.962111 0.203092 0.013285
0.665143 0.150282 0.013183
0.685227 0.152405 0.013386
0.707387 0.156392 0.013130
0.730775 0.159884 0.013598
0.750099 0.163409 0.013222
0.770005 0.174708 0.013344
0.792302 0.178159 0.013540
0.812991 0.183226 0.013801
0.832751 0.176715 0.013430
0.855089 0.166766 0.013482
0.876278 0.159553 0.013348
0.898854 0.153173 0.013762
0.919982 0.150380 0.013022
0.941236 0.147807 0.013560
0.961585 0.144280 0.013385
0.669948 0.111171 0.013479
0.696199 0.112120 0.013319
0.716363 0.114034 0.013352
0.737947 0.116997 0.012903
0.760507 0.120929 0.013095
0.780004 0.124681 0.013500
0.801197 0.124189 0.013785
0.823516 0.127778 0.013491
0.844969 0.122855 0.013458
0.863129 0.125506 0.013211
0.884007 0.118812 0.013120
0.904638 0.117101 0.013020
0.924578 0.112733 0.013534
0.945738 0.111025 0.013817
0.967157 0.112509 0.013248
0.761272 0.358835 0.003468
0.767496 0.355593 0.003342
0.773061 0.352547 0.003884
0.779890 0.348286 0.003587
0.785769 0.345308 0.003834
0.792071 0.342095 0.003462
0.798804 0.340388 0.004291
0.804780 0.338590 0.003522
0.811762 0.338182 0.002886
0.818441 0.337443 0.004735
0.826173 0.336603 0.003488
0.832648 0.336592 0.003448
0.839717 0.336232 0.004289
0.846018 0.334902 0.003800
0.853013 0.333516 0.004224
0.859283 0.330407 0.003287
0.760080 0.353020 0.003964
0.766331 0.349744 0.003535
0.773093 0.345859 0.003691
0.778391 0.342613 0.003318
0.784919 0.339082 0.003422
0.791077 0.336114 0.003995
0.797196 0.333791 0.002736
0.803584 0.332168 0.004198
0.811216 0.331005 0.003269
0.817762 0.330537 0.003144
0.824830 0.330266 0.003597
0.831746 0.329811 0.004592
0.838752 0.329033 0.003949
0.845372 0.327828 0.003292
0.852027 0.325827 0.002819
0.858244 0.323218 0.004158
0.760428 0.351078 0.004016
0.766231 0.348507 0.004129
0.771962 0.345044 0.003456
0.778661 0.341737 0.003810
0.783951 0.337861 0.003652
0.791302 0.335356 0.004130
0.797497 0.333628 0.003774
0.803578 0.332188 0.003941
0.811051 0.330899 0.004023
0.817532 0.330299 0.003174
0.825127 0.330033 0.003603
0.831499 0.328739 0.003417
0.838699 0.328740 0.003442
0.845698 0.327131 0.004474
0.852028 0.326340 0.003549
0.858234 0.323008 0.003771
0.749053 0.326112 0.004272
0.755569 0.322974 0.003800
0.761333 0.320363 0.003696
0.767116 0.315640 0.003713
0.773425 0.313289 0.003900
0.780830 0.311017 0.003840
0.786986 0.308061 0.003608
0.793436 0.307250 0.003869
0.800296 0.305543 0.003319
0.807714 0.306089 0.003192
0.814828 0.305756 0.003280
0.820965 0.305316 0.003683
0.828188 0.304311 0.003273
0.834658 0.303016 0.003895
0.842135 0.302179 0.003678
0.848026 0.298723 0.003499
0.744439 0.311250 0.003887
0.750358 0.307725 0.003078
0.756700 0.304654 0.004348
0.762529 0.301326 0.003984
0.768743 0.297887 0.003663
0.775143 0.294768 0.003877
0.781451 0.292645 0.003411
0.788066 0.291271 0.004447
0.794478 0.290307 0.003194
0.801888 0.290003 0.002867
0.808773 0.290102 0.004112
0.815694 0.289358 0.003799
0.822283 0.288188 0.003362
0.829286 0.287041 0.003579
0.835846 0.286205 0.003761
0.842506 0.283273 0.003247
0.742734 0.298942 0.003218
0.748048 0.295062 0.003910
0.754835 0.291577 0.004542
0.761365 0.288670 0.003343
0.766990 0.285312 0.003737
0.773761 0.282647 0.003737
0.780195 0.279853 0.003532
0.786628 0.278695 0.003860
0.793625 0.278087 0.003726
0.800333 0.276817 0.004147
0.807234 0.276978 0.003737
0.814460 0.276705 0.003372
0.821261 0.276330 0.004809
0.827994 0.275359 0.003840
0.834238 0.272911 0.003697
0.841102 0.270264 0.004282
0.112503 0.249144 0.003921
0.112462 0.256124 0.003564
0.112045 0.262548 0.003454
0.113027 0.268057 0.003661
0.113327 0.274811 0.004045
0.112493 0.279635 0.003804
0.111699 0.286172 0.003855
0.112488 0.292538 0.003923
0.113290 0.298280 0.003706
0.112914 0.304627 0.003750
0.112917 0.310775 0.003724
0.113250 0.317245 0.003559
0.120797 0.248824 0.003777
0.121350 0.255190 0.003678
0.121256 0.261643 0.003948
0.122140 0.268247 0.003708
0.121809 0.274298 0.003522
0.121840 0.279884 0.003694
0.122153 0.286847 0.003850
0.121397 0.292157 0.003598
0.121812 0.298462 0.003693
0.120986 0.305275 0.003790
0.121539 0.310761 0.003976
0.122353 0.317444 0.003908
0.172322 0.167735 0.007903
0.171404 0.155743 0.007147
0.171385 0.144609 0.006893
0.169463 0.130656 0.006959
0.169979 0.118680 0.008079
0.170124 0.105800 0.006597
0.170680 0.092877 0.007613
0.173113 0.080919 0.006770
0.171167 0.068268 0.007299
0.173473 0.056088 0.007973
0.173041 0.043314 0.007861
0.180092 0.027759 0.006080
0.156407 0.164091 0.005690
0.154833 0.151240 0.006606
0.154150 0.138097 0.007714
0.153382 0.126710 0.008179
0.153483 0.114719 0.006943
0.153512 0.102129 0.007220
0.154000 0.090834 0.007498
0.155334 0.075592 0.007150
0.156631 0.064092 0.006784
0.155745 0.050872 0.007900
0.155529 0.039527 0.007594
0.154901 0.026517 0.006272
0.151888 0.161948 0.008016
0.150554 0.148675 0.007104
0.149601 0.137683 0.007965
0.149003 0.127237 0.006841
0.148826 0.112821 0.007072
0.149232 0.101023 0.006772
0.150021 0.089061 0.008372
0.151054 0.076934 0.006728
0.151823 0.064120 0.007192
0.152229 0.051750 0.007342
0.152179 0.038147 0.007412
0.151877 0.026867 0.007219
0.152328 0.165272 0.007977
0.150522 0.151027 0.008139
0.149772 0.139769 0.007965
0.148745 0.127709 0.007754
0.148219 0.114741 0.008013
0.148163 0.103100 0.007405
0.148568 0.089125 0.008645
0.149813 0.076728 0.008191
0.149607 0.063549 0.006760
0.148647 0.051686 0.009412
0.148658 0.038889 0.007457
0.148402 0.025229 0.007084
0.139038 0.158817 0.006713
0.136210 0.146545 0.008000
0.127402 0.131037 0.007586
0.131382 0.121337 0.007928
0.128737 0.105547 0.007581
0.128071 0.095081 0.007984
0.129017 0.082910 0.007484
0.129596 0.068174 0.007902
0.126468 0.056991 0.006358
0.133207 0.046177 0.006587
0.130800 0.031224 0.007230
0.128846 0.019700 0.008230
0.069475 0.165695 0.008755
0.069511 0.152494 0.007099
0.072496 0.140213 0.007626
0.064605 0.129164 0.007766
0.066134 0.116423 0.008580
0.069311 0.103864 0.006869
0.069852 0.089782 0.006282
0.071450 0.079042 0.007851
0.070023 0.066096 0.006824
0.069912 0.052308 0.008537
0.072388 0.039618 0.007970
0.070895 0.027143 0.007981
0.040053 0.170662 0.007287
0.039011 0.158087 0.007012
0.039352 0.145380 0.007386
0.036991 0.131190 0.008928
0.036897 0.119950 0.007067
0.039298 0.107018 0.007964
0.038697 0.094370 0.006574
0.040149 0.082863 0.008559
0.040646 0.069877 0.008240
0.041204 0.055733 0.008164
0.041978 0.044544 0.007053
0.040277 0.032665 0.008139
0.017551 0.165947 0.007086
0.015329 0.153119 0.007244
0.015854 0.141309 0.006990
0.013621 0.128533 0.008295
0.014862 0.117549 0.007680
0.015827 0.104955 0.009022
0.015668 0.090229 0.006587
0.017513 0.078464 0.007386
0.017814 0.066182 0.007915
0.018014 0.053053 0.008248
0.017762 0.041763 0.007309
0.017706 0.028781 0.006632
0.494667 0.036103 0.003198
0.503586 0.039267 0.003253
0.511220 0.040695 0.003453
0.520102 0.041326 0.003247
0.528308 0.041862 0.003328
0.536368 0.042091 0.003439
0.543929 0.042558 0.003135
0.551052 0.044767 0.003594
0.558308 0.047565 0.003401
0.565935 0.049571 0.003745
0.573928 0.053490 0.002964
0.583035 0.057787 0.003590
0.590515 0.060456 0.003512
0.598169 0.064132 0.003659
0.491856 0.017494 0.003471
0.499090 0.019017 0.003559
0.507629 0.020191 0.003149
0.515721 0.020372 0.003436
0.523977 0.020951 0.003246
0.532356 0.022272 0.003437
0.540201 0.024190 0.003077
0.547800 0.025815 0.003067
0.555252 0.027569 0.003583
0.561697 0.032754 0.003248
0.569990 0.038659 0.003362
0.579028 0.041548 0.003345
0.587220 0.043563 0.003218
0.595331 0.045805 0.003150
0.651037 0.309693 0.002793
0.659474 0.310637 0.002895
0.668335 0.310835 0.002929
0.677578 0.310470 0.002837
0.685993 0.309481 0.002794
0.695446 0.308757 0.002867
0.704368 0.308844 0.002934
0.712770 0.309454 0.002896
0.646391 0.301461 0.002924
0.655835 0.301996 0.002875
0.664634 0.302456 0.002839
0.673543 0.302882 0.002881
0.682810 0.303353 0.002895
0.691523 0.303807 0.002894
0.699900 0.304253 0.002819
0.709011 0.304737 0.002912
0.646511 0.300974 0.002867
0.654750 0.301491 0.002910
0.663846 0.302007 0.002825
0.672720 0.302285 0.002844
0.680659 0.302296 0.002919
0.689643 0.301767 0.002763
0.698368 0.301213 0.002915
0.707250 0.302185 0.002889
0.651294 0.269549 0.002864
0.659954 0.272523 0.002840
0.668840 0.271462 0.002845
0.677426 0.270345 0.002834
0.686054 0.267825 0.002910
0.694674 0.265833 0.002937
0.703662 0.264553 0.002871
0.711819 0.265661 0.002760
0.653427 0.249170 0.002875
0.662297 0.250735 0.002951
0.670746 0.250598 0.002893
