0.012666 0.349869 0.013227
0.035121 0.348070 0.014693
0.013369 0.323004 0.015830
0.033942 0.319760 0.014599
0.051673 0.322048 0.014368
0.071962 0.320970 0.014513
0.089391 0.320468 0.013348
0.117512 0.321515 0.016207
0.131354 0.321843 0.014765
0.154208 0.319932 0.011479
0.174319 0.318123 0.012085
0.192788 0.316773 0.015919
0.214829 0.315454 0.012221
0.232607 0.314283 0.014072
0.253618 0.310105 0.014877
0.273961 0.309979 0.017083
0.295087 0.312719 0.014414
0.313908 0.309536 0.008027
0.336708 0.311269 0.016530
0.353659 0.306657 0.017426
0.375326 0.308079 0.013129
0.392791 0.306003 0.013316
0.412063 0.307759 0.012115
0.432755 0.304676 0.015769
0.451501 0.305065 0.014851
0.473481 0.301722 0.015037
0.491856 0.303690 0.014153
0.511036 0.307517 0.011734
0.531897 0.301589 0.014984
0.553931 0.303947 0.015455
0.572406 0.303224 0.016491
0.592195 0.305522 0.016764
0.614152 0.303195 0.013446
0.631956 0.306851 0.014956
0.650541 0.303431 0.015691
0.674934 0.306557 0.014921
0.692863 0.305659 0.014925
0.713159 0.307689 0.012208
0.734806 0.307190 0.015359
0.750634 0.304114 0.014504
0.773728 0.309172 0.011689
0.795300 0.309041 0.010682
0.812154 0.308847 0.014261
0.835370 0.313156 0.011381
0.011027 0.299144 0.012278
0.033693 0.300397 0.015123
0.050072 0.295426 0.015357
0.072461 0.298742 0.020541
0.092823 0.295239 0.011395
0.107752 0.294845 0.013223
0.128816 0.293373 0.014030
0.152406 0.293800 0.013868
0.171946 0.290474 0.014968
0.193282 0.290258 0.014504
0.210918 0.287738 0.015248
0.230812 0.290508 0.017517
0.251009 0.287273 0.015266
0.269259 0.284672 0.012621
0.294237 0.283639 0.014778
0.311500 0.284942 0.015328
0.332360 0.282911 0.014871
0.350396 0.281678 0.015776
0.372238 0.282486 0.010936
0.393221 0.281780 0.012031
0.411315 0.279776 0.013426
0.431354 0.281340 0.013253
0.450623 0.280386 0.011153
0.473137 0.279011 0.011715
0.493949 0.278548 0.012617
0.511615 0.278409 0.017449
0.531398 0.281902 0.015118
0.552146 0.280501 0.016625
0.571446 0.277538 0.012174
0.590883 0.276417 0.016491
0.609521 0.276260 0.016398
0.631234 0.278796 0.010960
0.652082 0.282280 0.012955
0.672689 0.279478 0.013551
0.693728 0.280371 0.014545
0.712381 0.281104 0.015049
0.732117 0.282140 0.010119
0.752268 0.282075 0.013975
0.770929 0.282179 0.015582
0.790118 0.286216 0.014917
0.813720 0.283358 0.013728
0.831955 0.285101 0.016747
0.013735 0.272922 0.015920
0.026713 0.270532 0.015799
0.046822 0.271298 0.014592
0.069424 0.272553 0.013013
0.091514 0.270603 0.014752
0.108722 0.268102 0.013827
0.128414 0.271146 0.015909
0.149902 0.265323 0.014877
0.170091 0.262976 0.012808
0.188680 0.266793 0.016297
0.210100 0.265415 0.012515
0.230021 0.262056 0.011923
0.251400 0.262142 0.013069
0.267133 0.261857 0.010566
0.290511 0.259048 0.012302
0.311128 0.258368 0.014219
0.329728 0.258139 0.014432
0.352900 0.256868 0.012947
0.370677 0.257894 0.013034
0.389643 0.255300 0.009645
0.408354 0.256235 0.011769
0.427573 0.255257 0.012492
0.450895 0.253153 0.014617
0.468620 0.254923 0.011245
0.489662 0.255038 0.013607
0.509938 0.252747 0.013966
0.532352 0.251400 0.012380
0.548519 0.252315 0.014295
0.568518 0.252696 0.013073
0.590912 0.252673 0.012930
0.607937 0.253934 0.013272
0.629626 0.253963 0.010960
0.648560 0.255888 0.012524
0.671987 0.251722 0.016800
0.689523 0.256490 0.012597
0.710205 0.255896 0.013165
0.729577 0.257129 0.013563
0.748509 0.259628 0.011944
0.774899 0.258977 0.015488
0.792603 0.258579 0.015027
0.811546 0.258003 0.015283
0.010005 0.247901 0.010055
0.026446 0.246064 0.010661
0.048105 0.247278 0.014501
0.067223 0.243946 0.012569
0.083360 0.245224 0.015424
0.107690 0.245241 0.014481
0.128304 0.244049 0.012219
0.151263 0.241367 0.014034
0.167668 0.242145 0.015330
0.189276 0.242216 0.010730
0.208394 0.240233 0.016794
0.226434 0.235904 0.013351
0.246616 0.237275 0.016749
0.269422 0.235134 0.011129
0.288670 0.236065 0.013998
0.306325 0.234233 0.016148
0.324896 0.230278 0.012322
0.347768 0.231346 0.010128
0.368378 0.236077 0.015346
0.385912 0.234433 0.017279
0.408408 0.232169 0.013628
0.426808 0.232419 0.013717
0.444436 0.232426 0.015801
0.468436 0.232914 0.012487
0.485190 0.227432 0.015188
0.510378 0.225705 0.014845
0.528884 0.229725 0.011791
0.548507 0.228675 0.015236
0.567355 0.233019 0.015149
0.589220 0.229875 0.015776
0.609373 0.229739 0.012407
0.627220 0.230701 0.016693
0.649898 0.228553 0.013114
0.669118 0.229984 0.014251
0.684487 0.231215 0.015783
0.706993 0.230589 0.013776
0.730721 0.231027 0.015360
0.749022 0.233620 0.013965
0.765857 0.232328 0.012508
0.008705 0.225628 0.013090
0.023106 0.220227 0.015551
0.044895 0.220362 0.014898
0.066775 0.220490 0.014242
0.085145 0.218323 0.013956
0.104783 0.219134 0.013485
0.125215 0.216709 0.013749
0.147892 0.218933 0.015714
0.161785 0.216094 0.014649
0.186734 0.216181 0.012572
0.207455 0.217592 0.013344
0.225362 0.213191 0.014723
0.247849 0.213248 0.015159
0.265508 0.216249 0.014167
0.287014 0.212306 0.013684
0.308255 0.211965 0.012028
0.324011 0.211889 0.014333
0.345518 0.210367 0.013509
0.364626 0.209905 0.012712
0.385161 0.209231 0.012175
0.404777 0.208170 0.013908
0.426467 0.210894 0.013568
0.443462 0.207649 0.013206
0.464363 0.208470 0.012620
0.485548 0.206632 0.013151
0.506176 0.208068 0.011618
0.527709 0.208124 0.011910
0.545412 0.207347 0.012787
0.567505 0.206456 0.015363
0.585533 0.206063 0.016256
0.605014 0.204209 0.011422
0.625622 0.205734 0.011978
0.645574 0.204036 0.016214
0.666828 0.205229 0.017444
0.684003 0.206641 0.009948
0.703901 0.207477 0.011377
0.728997 0.205609 0.012689
0.745193 0.207826 0.017284
0.782476 0.208623 0.013328
0.805972 0.212766 0.013779
0.004670 0.196820 0.017439
0.024952 0.200616 0.014095
0.045700 0.196530 0.015462
0.063730 0.198818 0.015868
0.085529 0.194286 0.015789
0.108818 0.194028 0.015990
0.124309 0.195669 0.014012
0.149996 0.194770 0.013824
0.165430 0.194908 0.015050
0.184310 0.194759 0.015642
0.205275 0.192015 0.014154
0.224010 0.192991 0.012182
0.247250 0.193640 0.016211
0.263832 0.192203 0.015213
0.284386 0.194508 0.014779
0.304219 0.191763 0.013306
0.324624 0.193439 0.013878
0.341660 0.193009 0.014543
0.363355 0.189719 0.018115
0.386647 0.187597 0.015536
0.404712 0.191134 0.010603
0.425989 0.189811 0.012547
0.446348 0.188579 0.012194
0.464753 0.188361 0.011645
0.485818 0.188791 0.011898
0.502708 0.189939 0.017106
0.527646 0.187086 0.012869
0.544038 0.190718 0.016539
0.566077 0.186251 0.015967
0.586859 0.184862 0.014667
0.604894 0.181943 0.013012
0.624530 0.181995 0.013098
0.648038 0.185559 0.012928
0.665837 0.182809 0.012972
0.685833 0.182444 0.016282
0.704399 0.182919 0.016097
0.724021 0.184597 0.012337
0.745753 0.186307 0.010493
0.763774 0.182646 0.012578
0.783017 0.182023 0.014129
0.807948 0.188875 0.016979
0.826316 0.187206 0.017806
0.002091 0.172688 0.014563
0.025965 0.173930 0.013173
0.043810 0.175307 0.010172
0.063603 0.172759 0.009950
0.085085 0.174487 0.011803
0.102869 0.176468 0.014740
0.125266 0.175978 0.018231
0.145415 0.173697 0.017778
0.163725 0.168954 0.013143
0.183934 0.172589 0.014904
0.203878 0.173743 0.013246
0.225166 0.172912 0.016839
0.247923 0.172997 0.013447
0.265148 0.171644 0.014386
0.285577 0.171487 0.014650
0.303028 0.168391 0.013257
0.321845 0.171468 0.015611
0.345064 0.170043 0.011868
0.365832 0.170069 0.011441
0.384342 0.167095 0.011621
0.405075 0.167028 0.012931
0.424266 0.168286 0.014363
0.445785 0.167676 0.014453
0.463822 0.164503 0.014800
0.482885 0.165924 0.014821
0.507064 0.164213 0.014351
0.523799 0.163711 0.013185
0.546147 0.164333 0.011439
0.565621 0.161218 0.011102
0.582279 0.159785 0.016354
0.607330 0.161768 0.011458
0.624307 0.159797 0.016218
0.645565 0.160436 0.012140
0.663700 0.157941 0.011127
0.685148 0.157717 0.014941
0.704316 0.161106 0.013159
0.725743 0.158953 0.014777
0.745155 0.160624 0.014378
0.761768 0.156031 0.017943
0.785640 0.153778 0.016368
0.803776 0.163200 0.012598
0.004092 0.152673 0.011971
0.026690 0.154386 0.011228
0.043203 0.149733 0.011643
0.065068 0.152334 0.009255
0.081077 0.155300 0.013453
0.101131 0.152716 0.014142
0.124751 0.150201 0.010129
0.146794 0.149143 0.012805
0.165994 0.150977 0.015460
0.185302 0.149433 0.015225
0.204249 0.146895 0.010277
0.227066 0.149957 0.014151
0.245239 0.148581 0.015699
0.264171 0.150317 0.010280
0.286401 0.145567 0.015607
0.301517 0.145521 0.015874
0.323278 0.146196 0.014670
0.345508 0.143837 0.012764
0.364178 0.142010 0.011204
0.383887 0.141975 0.017819
0.405443 0.143318 0.014500
0.424598 0.141735 0.014875
0.445808 0.141652 0.014573
0.462187 0.139617 0.018712
0.482543 0.137486 0.015384
0.503702 0.138507 0.012742
0.519558 0.136798 0.018697
0.545054 0.136556 0.007285
0.563538 0.134123 0.016577
0.584281 0.135424 0.015204
0.604419 0.131736 0.013542
0.622388 0.135264 0.015282
0.644507 0.131685 0.015202
0.667735 0.130257 0.014069
0.686297 0.134533 0.012491
0.706567 0.137222 0.014586
0.725468 0.131844 0.015560
0.745849 0.127735 0.015884
0.765713 0.131691 0.013259
0.784817 0.133833 0.011830
0.805025 0.138082 0.013333
0.825415 0.137033 0.010785
0.007148 0.126216 0.015915
0.023294 0.125874 0.013737
0.046588 0.128907 0.015315
0.063480 0.126290 0.016445
0.085063 0.127444 0.011042
0.106088 0.125884 0.014040
0.126383 0.124832 0.012292
0.144123 0.123161 0.014567
0.165026 0.124329 0.013105
0.185207 0.122148 0.016054
0.202762 0.120541 0.011803
0.222162 0.118418 0.017426
0.244076 0.121986 0.012686
0.262999 0.124113 0.015558
0.284499 0.118059 0.013449
0.304807 0.116568 0.014063
0.326282 0.113258 0.013261
0.345104 0.113757 0.012984
0.365354 0.111578 0.010216
0.384110 0.107110 0.015693
0.404931 0.108960 0.013904
0.421512 0.112900 0.013698
0.447356 0.109613 0.014592
0.469893 0.102342 0.017543
0.486159 0.106507 0.015264
0.506709 0.102992 0.013248
0.522276 0.105224 0.014814
0.546614 0.100730 0.015427
0.562964 0.105551 0.013334
0.583007 0.106193 0.015145
0.605591 0.103469 0.013705
0.626928 0.102347 0.015856
0.647334 0.103309 0.010688
0.661512 0.105823 0.014208
0.687213 0.105495 0.012311
0.708796 0.108218 0.018124
0.725878 0.107083 0.015820
0.741465 0.109042 0.016757
0.765027 0.106640 0.017531
0.004600 0.101473 0.013086
0.027390 0.096839 0.015305
0.043100 0.097297 0.013079
0.067594 0.096597 0.012107
0.086289 0.098264 0.015496
0.107128 0.097597 0.011788
0.149290 0.095674 0.013947
0.167659 0.091342 0.016365
0.185839 0.093334 0.012199
0.205769 0.087386 0.014149
0.226396 0.092333 0.014326
0.245628 0.088853 0.012382
0.265963 0.088815 0.011727
0.286995 0.087207 0.011269
0.307958 0.084688 0.016304
0.325045 0.081120 0.016048
0.345991 0.083546 0.010418
0.367930 0.079860 0.014854
0.388584 0.081143 0.015291
0.403198 0.079034 0.016267
0.427502 0.077406 0.010485
0.447832 0.076504 0.013300
0.467621 0.077102 0.010868
0.488102 0.080570 0.013649
0.506686 0.077471 0.012649
0.526193 0.081208 0.014855
0.545476 0.077577 0.013051
0.566776 0.080007 0.011412
0.588882 0.077141 0.012307
0.606871 0.074236 0.018048
0.625005 0.077460 0.011168
0.647404 0.077083 0.019108
0.665538 0.079816 0.011918
0.684974 0.080956 0.013569
0.705922 0.077378 0.015197
0.727076 0.078560 0.014465
0.745630 0.079585 0.011672
0.766985 0.083637 0.015030
0.005164 0.075850 0.015539
0.026211 0.071633 0.012475
0.045226 0.074212 0.011278
0.066326 0.074433 0.014341
0.089063 0.071314 0.011582
0.107863 0.064662 0.013066
0.128186 0.067720 0.010369
0.146002 0.066576 0.010983
0.164800 0.060663 0.016453
0.186559 0.061895 0.014458
0.206771 0.062143 0.013750
0.229446 0.063146 0.013592
0.246678 0.060890 0.012172
0.268083 0.057535 0.012158
0.286527 0.053012 0.019742
0.307358 0.056800 0.018375
0.327131 0.055743 0.015793
0.351000 0.054800 0.010686
0.365411 0.051315 0.015218
0.387524 0.049907 0.017914
0.410922 0.055097 0.011620
0.428104 0.055501 0.018096
0.444460 0.053292 0.013833
0.468946 0.051482 0.012227
0.486304 0.050635 0.013207
0.508494 0.051388 0.012476
0.524106 0.053186 0.020970
0.549913 0.048254 0.017630
0.567409 0.052262 0.013118
0.587705 0.050712 0.014576
0.607930 0.049924 0.015915
0.628476 0.053086 0.015105
0.651927 0.052964 0.016621
0.665177 0.050611 0.013005
0.688033 0.047969 0.013587
0.711376 0.053189 0.016540
0.729231 0.057748 0.017198
0.745717 0.053229 0.014369
0.765668 0.054636 0.013250
0.534408 0.040515 0.001482
0.554655 0.040677 0.001577
0.575529 0.040374 0.001289
0.596665 0.040808 0.001054
0.617111 0.041620 0.001612
0.010458 0.046773 0.017806
0.031269 0.046611 0.015258
0.049014 0.043295 0.013362
0.068961 0.041762 0.013190
0.090352 0.042192 0.012248
0.111480 0.041868 0.014243
0.128763 0.040182 0.014731
0.146270 0.038070 0.015558
0.172259 0.038457 0.013987
0.188090 0.038393 0.012581
0.212150 0.035235 0.014064
0.224865 0.041282 0.016721
0.247060 0.034912 0.014912
0.270688 0.031660 0.015155
0.288572 0.030611 0.013161
0.312513 0.031911 0.013707
0.329110 0.029126 0.014454
0.350149 0.029370 0.014233
0.370053 0.026926 0.015208
0.388079 0.026976 0.013043
0.408770 0.025489 0.012438
0.429429 0.026976 0.017574
0.449829 0.027049 0.010259
0.464521 0.024986 0.016502
0.492124 0.022081 0.013024
0.509108 0.022853 0.016838
0.528005 0.025880 0.017477
0.548237 0.023974 0.010394
0.570337 0.024173 0.014561
0.589493 0.026806 0.014021
0.607796 0.024743 0.015676
0.632114 0.022781 0.016329
0.651134 0.024742 0.009619
0.668452 0.025637 0.010365
0.689467 0.026004 0.012258
0.707375 0.026442 0.011370
0.731369 0.028729 0.013165
0.749289 0.025042 0.012338
0.769544 0.031656 0.015719
0.930791 0.048841 0.009987
0.926563 0.059641 0.012228
0.919446 0.069524 0.014218
0.915257 0.080267 0.013463
0.910748 0.090585 0.011462
0.906041 0.100277 0.012087
0.901597 0.110652 0.010194
0.897712 0.122250 0.012322
0.894066 0.131711 0.011542
0.888161 0.142035 0.012004
0.884988 0.151955 0.010071
0.880512 0.163482 0.011950
0.955163 0.059953 0.011268
0.949900 0.069450 0.011306
0.944866 0.079747 0.010525
0.938383 0.089664 0.012679
0.933741 0.098674 0.009407
0.928975 0.109945 0.011902
0.924737 0.120073 0.011704
0.920974 0.129437 0.010518
0.915895 0.140334 0.011780
0.913006 0.151146 0.009961
0.909548 0.164091 0.011690
0.905958 0.173508 0.011798
0.980430 0.072328 0.010886
0.975269 0.083679 0.011155
0.970483 0.092575 0.010025
0.965384 0.104028 0.011578
0.960320 0.114539 0.012439
0.955862 0.123738 0.009258
0.952073 0.134334 0.010632
0.946788 0.144900 0.011801
0.943456 0.156045 0.008928
0.940052 0.167011 0.013087
0.934186 0.176547 0.010507
0.930197 0.186389 0.010398
