1724.43 668.39 18
1745.72 665.97 18
1767.33 666.79 18
1790.08 663.32 18
1811.76 662.24 17
1833.29 660.73 19
1854.42 658.79 18
1876.53 656.84 17
1898.41 655.19 19
1921.21 653.25 18
1943.01 652.22 19
1964.22 647.98 18
1987.93 647.52 19
2008.27 646.74 17
1317.69 647.12 19
1339.89 647.33 18
1360.50 644.57 19
1383.13 643.58 18
1406.22 643.73 19
1426.59 642.53 18
1448.96 639.81 18
1470.35 640.11 19
1493.42 640.75 19
1514.34 638.93 19
1535.26 636.70 18
1559.56 635.83 20
1584.53 636.07 19
1603.47 633.69 19
1624.01 630.64 18
1646.11 632.81 18
1666.81 630.47 19
1690.51 630.68 18
1714.46 629.16 19
1733.58 625.93 18
1757.51 625.19 20
1777.96 623.64 18
1796.62 621.01 19
1824.56 621.38 20
1842.94 618.40 19
1865.07 617.33 20
1890.44 617.21 19
1909.85 614.88 18
1932.69 610.66 19
1954.28 609.08 18
1977.00 609.15 19
2001.44 604.67 18
2019.16 603.50 18
2044.25 602.54 19
2059.75 598.98 19
2085.15 596.75 19
2106.42 593.35 18
2129.25 592.12 18
2145.48 605.19 19
2174.02 586.07 19
2195.68 583.05 18
2218.45 580.95 17
2241.22 577.02 17
2262.95 574.76 18
2284.27 571.81 18
2307.80 569.38 18
2329.37 567.19 18
2350.35 563.46 18
2372.36 560.04 17
2393.76 557.87 18
1311.12 607.82 19
1330.42 605.67 19
1351.92 602.96 19
1372.56 603.31 19
1395.97 602.66 18
1418.14 601.63 18
1440.29 600.78 18
1462.12 599.52 18
1483.39 598.36 18
1505.87 598.17 18
1527.46 598.34 18
1548.78 596.78 19
1572.39 597.28 19
1591.62 593.61 18
1615.01 592.28 19
1636.91 591.22 18
1660.31 589.81 19
1681.00 591.35 19
1704.91 589.44 20
1724.02 587.27 18
1746.55 585.75 17
1769.26 586.42 19
1790.17 582.33 18
1813.18 581.62 18
1835.22 581.00 18
1857.88 578.45 19
1878.52 576.71 18
1901.34 573.73 19
1923.71 573.25 18
1944.86 569.75 19
1967.79 566.79 19
1987.79 564.71 18
2012.44 563.98 19
2032.28 560.27 18
2053.18 559.17 18
2078.57 557.38 19
2101.03 553.80 19
2121.46 550.61 19
2142.69 548.82 19
2164.75 546.92 19
2185.33 542.21 18
2210.11 543.03 18
2232.54 538.81 18
2253.28 534.84 20
2277.66 531.39 18
2297.83 529.61 19
2320.00 526.67 18
2341.36 524.73 19
2363.44 519.75 18
2385.32 518.86 18
1298.97 564.21 17
1320.71 565.44 19
1341.58 564.08 19
1366.60 564.26 19
1385.18 563.94 19
1408.32 564.03 19
1429.91 561.32 17
1452.50 560.85 19
1474.22 559.75 18
1496.95 557.31 19
1518.22 555.95 18
1539.73 557.55 19
1564.23 556.56 19
1584.56 556.82 18
1607.93 555.14 18
1629.08 553.73 18
1652.13 554.65 18
1672.38 551.93 18
1694.73 554.22 18
1717.20 550.82 18
1737.66 549.55 18
1759.45 549.49 18
1781.33 546.32 18
1806.32 545.26 19
1826.22 544.92 19
1848.81 541.60 20
1870.13 541.46 18
1894.04 539.32 19
1916.22 538.39 19
1937.69 535.05 19
1960.10 532.80 20
1982.00 528.99 19
2003.77 527.38 18
2025.84 526.02 18
2047.74 523.01 18
2069.30 520.46 18
2090.66 519.24 17
2115.68 515.40 19
2135.78 512.97 18
2157.93 509.93 18
2180.10 507.86 19
2202.42 505.43 19
2224.03 500.85 19
2246.54 499.24 18
2269.38 494.52 19
2290.36 489.88 18
2312.59 487.14 19
2333.94 483.74 19
2356.58 482.07 17
2379.83 479.90 19
1290.51 527.73 19
1313.37 526.94 18
1334.38 527.48 19
1355.70 523.70 18
1377.63 525.46 18
1400.91 522.54 18
1423.79 522.82 19
1444.46 522.44 18
1465.93 523.93 18
1489.81 524.42 19
1511.81 523.36 20
1532.68 523.27 17
1555.19 522.55 18
1576.20 523.79 19
1598.87 521.67 19
1621.42 522.08 19
1642.42 521.71 18
1665.31 520.87 20
1688.55 521.55 19
1711.82 522.59 19
1733.75 519.54 19
1755.59 520.08 19
1774.66 518.37 18
1797.55 517.10 19
1820.85 516.78 19
1842.64 514.15 18
1864.86 512.87 19
1888.02 511.64 19
1908.05 509.05 19
1932.34 509.18 18
1951.38 505.70 18
1977.59 501.84 18
1996.63 500.16 18
2020.01 496.38 19
2042.76 494.75 18
2064.30 491.31 18
2085.09 487.81 19
2106.72 484.40 17
2131.89 479.92 19
2152.70 478.04 19
2174.16 474.03 18
2195.93 470.85 18
2218.69 467.47 17
2241.81 464.77 18
2262.05 458.85 18
2284.95 455.84 18
2307.11 453.50 18
2328.24 449.66 17
2350.81 445.31 19
2375.43 442.16 19
1802.84 488.73 18
1826.21 488.79 19
1846.77 488.20 18
1276.34 446.81 19
1299.30 446.20 18
1321.25 447.00 19
1342.54 444.60 18
1365.73 442.85 19
1387.57 444.67 18
1410.48 445.14 18
1433.76 448.69 19
1454.25 446.78 19
1473.81 447.54 19
1495.86 446.16 19
1520.78 446.49 19
1541.85 446.25 19
1564.57 447.29 18
1584.86 446.81 17
1608.61 445.86 19
1631.48 445.87 19
1653.52 449.59 18
1674.73 448.30 19
1696.27 449.00 18
1718.98 449.23 18
1740.73 449.81 18
1763.24 447.04 17
1786.20 449.34 18
1805.76 449.34 19
1830.79 445.66 17
1852.14 442.84 18
1875.11 441.49 19
1896.90 441.75 20
1919.21 437.95 18
1941.26 435.61 18
1962.94 432.41 18
1985.81 428.83 19
2007.49 426.68 18
2031.74 422.01 18
2052.43 418.46 18
2074.14 414.43 19
2096.67 409.45 19
2120.28 408.45 19
2141.81 403.12 19
2164.05 399.02 17
2186.31 395.72 18
2208.38 391.50 18
2230.53 386.79 19
2253.30 384.25 18
2274.83 377.00 18
2298.12 376.04 18
2318.01 370.26 19
2342.47 367.50 18
2362.01 361.68 19
1270.93 405.30 18
1294.08 404.74 19
1314.93 405.33 20
1337.22 404.66 18
1360.66 404.54 18
1380.91 402.51 18
1404.22 402.48 18
1424.98 404.54 18
1448.31 401.92 18
1471.60 402.75 19
1491.59 401.66 18
1514.71 400.37 19
1537.12 401.53 21
1559.59 403.88 19
1582.59 401.19 19
1603.99 401.00 18
1623.56 402.36 19
1647.57 400.73 19
1670.47 399.23 18
1692.03 399.87 19
1713.63 398.12 19
1736.53 396.73 20
1758.47 396.76 18
1780.89 395.28 19
1801.45 394.29 18
1824.73 393.29 19
1847.86 391.32 18
1868.87 388.57 18
1892.27 387.43 19
1913.00 385.76 18
1935.64 381.00 19
1958.41 377.83 18
1981.58 376.64 20
2003.46 373.76 17
2023.60 370.25 18
2047.64 367.59 18
2067.27 364.14 19
2093.33 361.67 18
2112.96 358.01 19
2135.07 353.96 18
2157.38 350.59 18
2179.19 348.10 20
2203.67 343.50 18
2226.65 340.84 19
2248.65 339.31 19
2270.13 331.04 18
2292.59 331.42 18
2313.74 327.80 18
2336.69 325.27 19
2360.25 319.53 18
1266.62 364.49 19
1288.54 365.48 18
1311.20 362.73 18
1332.32 363.54 18
1354.55 362.93 18
1375.49 362.44 19
1397.75 360.28 19
1420.78 360.41 19
1444.62 359.91 19
1465.24 360.77 18
1486.51 359.30 18
1509.53 358.04 19
1533.90 359.36 18
1553.91 356.51 18
1576.37 355.67 18
1597.97 355.13 20
1620.31 355.49 18
1640.73 354.10 18
1667.92 352.60 18
1688.04 353.37 18
1710.65 351.56 20
1731.96 352.66 19
1753.01 352.89 19
1775.96 347.22 19
1799.50 344.38 17
1820.94 344.20 19
1842.00 340.67 18
1865.09 338.96 19
1887.28 338.69 18
1910.64 335.48 19
1930.97 330.93 18
1955.56 331.17 19
1975.30 327.81 18
1999.11 324.18 19
2019.82 321.04 19
2043.81 319.83 18
2065.91 316.71 20
2088.60 313.93 19
2109.46 310.43 19
2131.35 309.07 19
2155.55 306.49 19
2174.53 304.73 19
2199.99 300.35 19
2223.34 297.31 18
2245.22 293.80 19
2265.52 290.17 19
2287.97 287.19 19
2308.97 286.08 18
2331.72 283.11 18
2356.24 280.13 19
1650.26 312.18 19
1672.22 309.28 19
1695.64 307.49 19
1715.62 306.60 17
1739.04 306.09 18
1760.40 303.48 19
1781.13 301.30 19
1805.97 298.32 19
1828.68 300.38 20
1850.11 296.08 19
1873.73 292.46 19
1892.44 293.92 19
1915.92 292.45 19
1940.51 287.14 17
1960.73 285.24 19
1257.74 284.44 18
1280.25 280.87 19
1302.40 282.44 18
1322.73 279.80 18
1344.82 278.99 18
1368.08 279.08 18
1390.32 278.77 18
1411.65 276.27 18
1434.56 276.87 18
1456.50 274.65 19
1479.29 276.66 18
1502.55 274.54 18
1524.60 274.97 18
1547.23 273.36 19
1568.35 272.37 18
1588.17 272.17 19
1612.17 269.39 18
1633.93 269.81 18
1656.28 267.85 19
1677.26 266.07 18
1698.68 265.63 17
1723.30 263.44 19
1746.63 260.36 18
1766.86 259.64 18
1790.31 258.98 19
1812.74 257.31 18
1833.78 253.48 18
1856.96 252.45 19
1879.33 251.12 19
1899.99 250.64 18
1921.62 247.34 19
1943.20 244.78 19
1967.22 242.37 18
1989.60 240.96 19
2012.04 240.16 19
2034.32 234.16 18
2054.66 235.17 19
2078.03 232.19 18
2098.10 230.46 19
2120.83 227.54 19
2143.14 224.26 19
2167.32 221.95 18
2188.32 218.78 20
2209.63 216.98 17
2231.03 214.16 19
2254.22 209.91 18
2276.37 207.74 19
2299.01 204.56 19
2320.59 203.42 19
2343.32 199.90 18
1253.68 242.10 18
1274.01 242.38 19
1297.20 241.14 17
1318.74 239.23 17
1342.47 239.57 20
1364.01 237.71 19
1384.81 235.97 18
1407.50 236.09 19
1428.69 234.67 18
1451.93 234.72 18
1471.64 234.17 18
1497.45 231.60 18
1519.11 233.52 18
1540.85 231.84 19
1562.88 229.10 19
1584.50 228.94 18
1606.90 227.82 20
1628.77 226.60 18
1651.10 224.71 19
1671.03 221.48 19
1696.78 222.52 19
1717.96 220.69 19
1737.89 219.63 19
1761.25 218.54 19
1782.51 216.13 18
1804.84 215.22 19
1828.66 215.44 19
1850.06 210.46 18
1872.36 209.61 18
1894.17 207.94 19
1914.82 205.80 19
1937.00 203.53 18
1958.49 202.33 17
1982.10 200.76 18
2016.15 212.23 19
2027.12 196.62 19
2048.73 194.16 18
2070.64 189.61 18
2092.60 187.06 18
2117.24 185.64 19
2135.50 182.82 17
2159.55 180.03 18
2182.56 178.98 19
2204.28 175.45 18
2228.33 172.11 19
2247.78 171.25 19
2269.85 167.49 19
2290.62 164.85 19
2314.95 160.15 18
2336.11 158.48 18
114.99 1067.95 18
146.71 1066.49 19
175.64 1063.55 19
202.08 1069.97 18
234.89 1067.76 19
260.84 1073.24 19
294.42 1069.10 18
324.96 1065.89 18
350.95 1067.45 18
385.40 1068.35 19
413.01 1070.57 19
442.50 1066.86 18
470.96 1069.58 18
498.81 1067.45 17
531.74 1067.20 19
561.60 1066.46 18
584.05 1066.93 18
621.07 1069.56 18
650.54 1070.30 20
679.80 1068.74 20
711.16 1068.06 19
740.41 1069.37 19
769.47 1068.71 18
795.53 1067.46 18
832.02 1067.48 19
859.94 1068.49 17
885.65 1067.98 17
917.94 1068.15 20
946.80 1064.32 19
974.07 1073.33 18
1002.48 1068.80 19
1035.17 1069.41 19
1064.15 1069.23 18
1098.60 1064.18 20
1125.66 1067.93 18
1156.17 1066.59 19
1184.63 1067.90 19
112.68 1027.27 17
143.55 1028.67 18
172.46 1031.55 19
209.20 1030.00 18
234.75 1027.76 18
265.23 1029.11 18
298.60 1030.37 18
323.41 1031.88 18
352.17 1031.64 18
382.63 1032.51 19
410.58 1033.02 18
443.75 1032.85 17
472.47 1031.31 19
501.55 1031.87 18
530.45 1035.02 19
564.73 1034.94 18
589.71 1033.23 18
617.62 1032.66 18
649.29 1033.98 19
680.50 1030.77 18
710.05 1035.26 18
738.88 1034.04 17
767.42 1032.49 18
800.35 1031.76 19
827.39 1030.96 20
859.05 1028.21 19
890.42 1032.56 19
919.08 1032.69 18
947.06 1030.19 18
979.94 1033.93 18
1007.80 1031.59 18
1036.50 1028.56 18
1069.09 1028.84 19
1098.19 1024.71 18
1127.13 1029.36 18
1155.82 1030.32 19
1183.93 1027.62 19
118.37 988.39 19
147.42 993.10 19
177.08 990.64 18
203.08 993.81 19
231.51 994.93 20
263.13 993.73 18
292.75 993.24 19
322.99 992.64 20
357.39 995.35 19
383.96 996.15 20
412.22 998.12 18
442.08 997.63 18
473.96 999.81 20
500.96 1000.56 17
531.35 999.05 18
560.87 998.60 19
594.91 1000.61 18
622.28 1003.62 18
647.30 998.97 19
679.33 1000.46 19
708.51 999.22 19
739.83 998.87 18
768.45 999.31 18
800.57 999.58 18
829.56 998.08 18
859.05 1000.00 19
890.75 996.11 18
920.89 995.06 17
948.17 997.09 19
975.59 997.10 17
1008.01 993.62 18
1034.87 991.95 19
1066.80 989.90 19
1096.96 993.96 18
1124.24 992.11 19
1155.55 987.89 18
1181.05 993.74 20
114.42 954.83 18
145.37 953.54 19
174.10 953.74 19
202.09 952.29 18
234.12 954.08 18
263.10 955.39 17
291.98 961.31 18
321.11 956.99 19
352.66 960.23 18
380.71 961.63 19
412.89 961.34 18
443.96 965.99 18
470.71 967.18 18
504.67 967.19 19
532.69 969.23 19
559.86 971.78 18
593.71 973.21 19
621.01 972.14 19
651.92 971.00 19
681.79 970.78 19
712.69 971.48 19
742.90 972.51 19
775.57 970.58 19
800.72 969.88 19
829.45 969.05 19
862.31 968.46 19
888.15 965.04 18
920.00 965.23 19
948.41 961.80 19
980.55 961.11 20
1008.80 963.11 17
1036.12 959.26 18
1068.43 958.68 18
1094.59 955.43 19
1128.87 955.32 20
1157.88 954.92 19
1183.44 955.32 18
117.38 912.26 19
147.93 915.90 19
178.18 915.09 18
203.44 916.82 19
233.65 917.98 19
264.74 919.61 19
293.10 918.93 18
322.06 926.64 18
350.97 926.31 18
380.02 929.06 19
417.26 931.53 19
446.84 938.44 18
472.80 936.37 19
501.42 937.25 18
535.68 940.35 18
560.86 942.50 18
588.62 944.71 20
620.73 946.45 20
651.86 947.89 18
683.50 948.23 18
709.50 948.24 17
739.76 945.84 18
774.06 944.48 20
797.60 947.19 19
832.10 942.02 17
858.72 943.59 19
888.35 938.56 19
917.26 936.56 20
946.47 935.71 18
976.62 934.57 18
1005.76 932.06 19
1037.47 927.99 18
1066.63 925.73 20
1099.47 922.16 19
1125.33 918.49 19
1154.02 917.19 19
1188.16 916.80 18
117.85 878.06 18
143.83 876.64 21
172.64 879.18 18
205.97 880.53 18
235.16 879.44 19
266.02 883.15 18
296.34 883.50 18
326.65 887.41 19
356.93 890.40 18
385.74 893.00 18
418.30 897.63 18
445.20 906.46 18
470.84 903.76 17
504.34 907.99 19
535.51 911.67 18
564.86 914.24 19
598.00 915.90 18
620.29 918.74 18
654.88 919.51 20
684.65 922.49 20
711.85 924.21 19
743.70 922.30 18
773.06 922.59 19
799.87 919.06 19
829.83 917.00 18
858.67 916.57 20
889.11 913.87 18
921.33 908.36 19
950.56 904.72 18
981.52 899.76 20
1011.59 897.65 19
1040.43 897.32 19
1067.50 892.58 20
1097.47 890.27 17
1129.91 888.07 17
1157.80 883.85 20
1188.21 880.21 17
117.08 839.44 19
146.94 837.68 18
176.82 840.43 19
205.96 846.08 18
235.06 843.19 20
266.91 845.61 19
295.40 850.97 19
323.16 852.25 19
353.75 853.01 19
381.22 862.48 19
415.21 862.98 18
442.64 865.37 18
474.36 872.07 17
501.13 874.42 21
533.95 878.68 18
566.36 880.62 17
596.39 885.97 19
626.95 891.64 19
657.58 891.26 19
682.66 892.61 19
714.76 895.60 18
742.73 892.18 19
772.35 894.08 18
803.87 894.45 18
835.65 888.71 18
865.24 887.68 18
890.86 885.34 16
920.16 882.67 19
951.75 882.95 19
979.55 876.07 17
1008.58 873.20 20
1038.99 864.26 18
1069.97 858.84 19
1098.56 857.99 19
1131.34 854.35 20
1156.49 852.90 18
1186.63 848.97 19
116.90 796.17 19
141.54 796.90 19
176.13 800.55 19
205.83 800.56 18
236.30 803.66 19
263.03 809.10 18
294.94 810.10 19
322.74 814.25 19
354.96 814.73 19
384.22 818.55 20
415.22 827.35 18
444.56 822.18 18
472.10 829.60 18
504.02 835.34 19
532.99 837.55 18
564.14 846.28 19
593.37 847.08 18
622.05 850.41 17
653.41 854.04 18
683.25 850.74 17
711.76 858.77 18
746.24 857.73 18
774.76 861.44 19
804.77 856.92 18
834.31 856.30 17
862.82 855.63 17
888.70 851.72 19
918.31 850.06 18
950.38 840.66 19
976.52 842.06 18
1010.85 836.54 19
1037.41 831.50 18
1068.54 824.01 18
1098.90 822.09 18
1124.29 817.80 19
1157.67 812.61 19
1183.58 809.20 18
113.76 757.03 18
145.15 760.18 20
176.97 759.03 17
204.77 762.23 19
234.08 763.67 19
265.77 766.66 18
294.03 769.83 19
323.28 772.04 19
356.56 768.79 18
384.56 776.41 18
414.43 779.45 19
443.86 785.79 19
473.01 787.89 19
504.43 786.72 19
532.18 797.11 19
565.87 793.82 19
593.19 804.46 18
623.57 804.57 19
657.60 804.58 19
682.91 811.76 19
712.86 811.74 19
741.59 816.52 18
773.09 814.99 19
801.23 813.80 18
830.85 814.85 18
859.38 808.21 20
892.33 805.35 19
919.44 809.46 19
949.61 800.38 20
980.91 799.46 19
1007.50 793.05 17
1036.03 789.66 18
1065.46 789.63 19
1096.48 782.47 19
1128.24 773.09 19
1158.01 771.96 19
1186.41 774.07 18
113.10 720.11 19
146.92 718.91 18
177.14 721.17 17
200.29 721.42 18
233.61 723.99 19
265.10 723.56 18
294.62 724.10 18
323.70 729.41 17
356.83 729.19 19
387.32 731.80 18
415.79 735.57 17
444.36 740.02 18
475.03 738.56 19
501.23 743.28 20
531.29 746.87 17
560.57 748.60 19
594.71 754.95 19
622.52 758.65 18
651.81 758.17 18
682.56 760.32 18
711.03 761.75 17
742.10 761.55 18
776.25 765.41 20
805.76 767.30 19
831.10 762.71 20
861.97 761.46 19
889.05 762.41 18
920.28 757.61 19
947.53 751.19 19
985.98 753.30 19
1009.14 751.98 18
1039.17 744.85 19
1065.24 740.28 20
1099.52 741.20 19
1126.71 736.69 20
1156.13 734.57 18
1187.08 732.64 18
119.16 678.65 19
140.93 681.53 19
175.23 682.13 18
204.78 682.98 18
235.80 684.23 20
263.80 684.95 18
293.81 685.89 18
324.60 685.14 17
353.95 690.64 18
380.87 689.67 18
417.92 694.75 18
442.83 693.01 17
474.21 693.10 18
501.26 700.27 17
531.91 698.53 19
563.70 704.31 18
590.89 707.18 17
624.12 708.58 18
651.28 707.76 19
684.23 711.52 18
715.11 716.81 19
738.29 715.24 19
768.52 717.30 18
804.02 712.15 18
828.06 717.93 20
862.39 711.59 17
888.44 711.06 19
919.26 706.69 19
953.59 705.14 19
978.93 706.02 19
1008.18 702.61 18
1039.53 701.56 19
1063.30 700.54 18
1096.29 698.47 20
1125.39 694.24 20
1153.91 690.61 19
1189.20 691.05 20
112.72 642.43 18
147.93 643.76 18
174.90 645.88 19
203.88 646.35 18
233.06 643.14 18
263.76 645.65 20
292.65 652.49 18
323.37 651.66 18
353.64 654.66 17
383.13 655.42 18
412.44 657.79 19
444.91 657.06 20
473.24 663.15 18
501.47 663.04 18
533.02 666.75 19
560.49 669.06 18
592.02 668.53 19
625.85 671.67 18
653.52 673.15 19
681.46 671.60 19
715.07 673.75 18
741.14 671.64 18
769.14 672.12 18
799.36 672.20 18
831.54 668.88 18
861.16 665.11 18
891.05 668.07 19
921.37 663.79 19
950.23 663.88 18
977.63 659.48 17
1009.41 657.32 18
1037.61 658.34 17
1065.15 652.87 17
1097.05 651.98 19
1123.00 653.59 19
1150.51 651.50 18
1188.18 648.31 18
116.16 604.93 17
147.90 604.42 19
178.33 609.79 18
204.22 607.37 19
235.85 613.08 19
263.79 614.99 19
295.22 616.39 19
321.56 620.04 19
354.77 623.95 18
384.03 626.34 19
412.51 627.76 20
440.73 631.34 20
473.63 635.60 19
504.39 635.45 18
532.84 636.45 18
563.15 642.30 18
592.11 642.37 17
620.30 644.67 18
652.69 645.95 19
680.58 646.45 19
709.15 645.01 19
739.68 644.56 19
773.60 641.81 19
802.23 642.45 18
831.34 637.64 17
857.38 635.64 18
889.28 635.17 19
918.82 632.10 18
947.74 623.46 18
974.11 627.50 19
1006.30 622.29 18
1035.57 617.32 18
1068.05 614.43 18
1092.13 623.99 19
1129.26 613.56 19
1153.80 608.41 19
1186.70 610.11 19
111.99 567.11 18
145.78 574.45 19
175.33 572.68 19
205.48 572.64 18
235.15 573.60 18
266.30 579.41 19
293.80 579.65 19
322.24 586.75 18
357.46 590.63 18
382.06 591.49 18
412.82 597.51 18
441.68 596.72 19
473.14 602.37 19
504.99 603.10 19
533.23 607.55 19
562.29 612.05 18
591.63 612.86 19
625.85 616.99 19
652.14 613.74 17
679.16 618.89 18
715.37 616.27 19
738.76 617.64 19
774.76 616.25 18
799.97 614.29 19
829.74 611.97 18
858.07 605.36 19
889.37 603.68 18
918.71 599.75 19
947.67 596.69 19
979.13 593.32 18
1009.32 589.18 19
1036.16 583.69 19
1070.13 580.89 19
1094.54 578.70 18
1125.94 578.19 17
1155.94 573.62 19
1185.01 570.51 19
111.55 529.70 18
145.84 532.21 18
175.80 528.04 18
204.12 532.67 18
233.00 531.08 18
262.72 534.36 18
294.11 538.48 19
322.32 540.83 19
350.51 547.57 19
384.41 550.13 20
412.75 548.56 19
443.91 554.34 19
476.55 559.19 18
502.61 562.22 18
533.41 565.79 19
559.63 567.14 18
594.77 570.52 18
625.52 571.03 19
653.84 573.19 18
684.31 572.59 19
711.73 572.93 18
739.50 577.75 19
773.63 575.84 19
801.02 576.73 18
829.99 570.89 17
860.26 571.07 18
887.60 564.49 19
924.16 566.38 19
950.54 561.23 19
976.46 556.20 19
1011.72 552.76 17
1037.29 548.18 19
1066.92 549.12 19
1092.99 540.34 19
1128.56 537.97 20
1156.82 535.36 18
1183.81 536.28 18
115.98 487.52 19
146.20 485.57 18
175.67 485.80 19
205.73 489.07 18
233.37 489.08 18
263.90 491.49 17
292.05 495.59 18
320.18 495.49 18
352.79 498.93 19
384.52 501.35 18
411.38 498.46 19
442.89 502.99 19
471.17 505.30 19
501.63 509.08 18
527.33 518.12 19
559.76 507.34 20
594.77 513.57 18
619.53 519.23 19
650.61 515.68 19
680.39 516.79 19
713.66 517.19 19
741.25 521.36 18
775.23 514.03 18
800.57 517.51 18
826.19 517.95 20
859.01 512.62 18
890.67 519.64 18
917.22 511.99 19
948.53 506.98 19
976.39 506.25 18
1004.67 506.54 19
1034.81 504.33 19
1068.92 500.02 19
1098.65 498.33 19
1125.30 493.83 18
1153.58 492.22 18
1184.15 494.60 18
114.03 444.14 19
145.07 441.49 17
179.84 450.01 20
206.74 444.07 18
234.36 445.85 19
263.49 445.15 18
295.88 446.52 19
322.06 449.30 18
353.38 447.31 19
382.83 454.81 18
411.86 453.92 19
444.38 452.42 17
473.93 454.96 18
503.59 459.15 19
529.35 451.23 18
562.37 458.81 19
589.15 462.84 19
621.34 461.41 19
650.62 462.55 17
677.71 455.96 19
708.81 457.42 19
740.72 466.45 18
767.88 457.50 19
796.32 464.39 19
829.32 463.68 17
857.84 456.20 19
889.63 457.82 18
914.76 458.30 18
950.18 455.14 17
977.03 458.07 19
1005.62 458.39 18
1036.86 453.72 19
1064.20 456.68 17
1099.86 455.56 19
1130.04 452.30 19
1152.95 448.23 18
1183.80 450.73 19
113.48 406.53 19
144.22 405.02 18
174.91 405.58 19
205.49 407.83 20
236.23 408.01 18
263.03 405.27 19
291.69 405.39 19
323.79 405.91 19
350.96 410.15 18
383.62 407.61 18
412.50 411.58 18
444.51 409.04 18
471.86 409.10 18
500.00 409.98 18
530.58 407.68 19
558.38 410.61 18
591.25 409.21 18
619.20 409.83 18
650.83 409.84 19
682.84 405.67 19
711.03 409.35 20
738.58 408.61 18
764.83 413.28 19
798.82 406.75 18
831.62 410.40 18
854.81 411.97 19
890.34 411.87 20
913.92 411.22 17
946.80 408.08 18
976.31 407.99 17
1008.96 405.61 18
1037.55 410.42 21
1063.51 407.32 19
1093.53 407.55 18
1127.87 412.44 18
1157.24 408.65 17
1183.84 408.35 19
117.90 368.78 20
143.86 370.92 20
175.08 366.26 19
201.60 366.58 19
231.65 364.80 18
262.05 366.89 18
294.47 368.35 19
324.78 368.53 19
357.47 365.50 19
383.11 370.06 18
414.48 366.45 19
441.77 366.26 18
469.84 369.47 18
501.45 372.25 19
530.42 368.03 20
559.53 364.36 19
591.83 368.90 19
619.15 365.73 18
651.44 370.78 18
680.79 367.11 18
706.10 367.32 19
742.36 364.87 20
767.55 365.89 18
802.84 368.16 19
828.17 368.51 18
859.50 366.55 19
887.25 366.45 18
916.56 365.50 18
946.52 368.69 19
977.36 365.81 18
1005.70 368.66 19
1035.20 364.59 20
1068.38 368.91 20
1097.56 368.65 18
1127.74 363.34 19
1155.80 368.20 18
1185.68 366.35 18
127.85 354.61 5
181.35 353.58 6
233.75 354.43 5
285.82 353.68 5
337.63 354.28 5
390.53 355.06 6
442.83 353.98 6
495.44 354.24 5
546.88 354.64 5
601.18 355.24 5
739.34 354.91 5
792.50 354.77 5
844.70 353.54 5
897.16 355.06 5
949.83 354.04 5
1002.34 354.48 5
1054.04 354.93 6
1106.35 353.91 6
1160.41 354.71 6
114.42 328.58 18
142.46 327.41 18
175.43 325.07 18
202.80 329.61 18
236.97 328.38 18
260.09 331.29 18
296.17 327.24 18
326.79 327.83 19
352.25 326.70 19
382.89 330.27 20
414.16 326.34 18
441.21 329.28 18
471.30 330.09 18
501.50 326.93 17
528.25 326.47 19
562.03 328.20 19
589.68 325.04 17
620.53 326.74 18
651.99 327.80 19
681.11 329.82 18
706.48 327.74 19
738.34 325.49 19
768.50 325.66 19
796.69 324.36 19
829.36 326.27 18
858.26 327.52 18
886.58 332.62 19
916.92 326.16 18
947.81 328.19 19
975.20 323.95 19
1008.60 328.81 19
1035.19 329.48 18
1068.09 329.35 18
1097.78 330.02 18
1125.02 322.77 17
1157.28 330.98 19
1184.10 324.14 17
116.90 289.55 18
145.64 291.74 19
176.84 290.66 19
203.46 289.41 20
231.26 289.38 18
266.74 289.87 18
289.84 288.77 18
324.67 290.49 19
351.14 287.05 17
380.65 289.91 18
408.62 288.66 19
440.27 288.46 18
478.13 289.99 20
503.13 290.12 18
526.33 289.62 17
560.44 292.35 18
592.50 289.32 18
619.31 286.08 17
648.61 287.91 18
678.46 290.75 18
711.20 291.17 18
739.42 289.01 20
766.73 294.49 19
798.30 290.81 19
827.34 289.54 19
856.58 289.29 19
885.04 287.99 17
916.61 291.22 19
949.66 287.93 19
976.97 288.12 18
1009.56 289.48 19
1035.79 289.45 17
1067.85 285.72 19
1098.60 286.85 19
1127.68 289.00 18
1154.23 286.43 17
1185.95 290.36 19
114.87 252.15 18
144.22 251.85 19
173.57 253.10 19
203.42 249.03 18
234.27 252.01 18
262.30 249.17 18
294.13 247.97 19
321.08 250.42 19
357.25 249.20 20
381.77 251.57 18
412.90 252.40 19
442.94 250.04 19
470.68 248.61 19
503.10 248.42 20
530.33 248.88 19
563.27 247.47 19
591.47 251.59 19
115.63 213.64 18
145.44 214.90 18
170.83 212.67 18
203.92 214.02 18
231.96 208.53 19
264.37 208.99 19
293.67 213.32 18
324.50 205.53 18
351.12 212.21 19
385.51 211.03 19
414.60 212.20 18
444.18 211.35 19
470.40 212.24 18
501.74 211.03 17
534.13 214.66 19
561.56 210.16 20
590.76 211.55 19
622.09 210.57 19
646.83 214.23 19
681.89 214.70 19
708.04 210.57 17
739.81 213.45 19
773.94 213.72 19
802.29 211.57 18
829.23 214.70 18
860.37 209.09 17
889.70 213.58 18
914.98 211.29 18
948.27 212.17 19
974.85 209.39 17
1008.67 212.50 19
1037.47 212.92 20
1066.09 211.44 17
1096.52 210.56 19
1127.12 210.65 18
1152.81 209.81 18
1184.53 208.66 18
113.90 174.60 18
144.81 173.19 18
174.66 165.35 19
207.37 169.05 18
234.76 172.88 18
266.14 172.59 18
296.97 175.76 19
320.91 172.86 18
356.10 170.36 19
383.24 169.87 18
413.00 171.90 19
440.27 170.80 19
470.90 174.17 19
503.96 169.26 19
529.82 168.65 19
562.32 172.92 18
587.01 171.98 18
619.29 173.01 19
652.98 169.18 17
677.26 170.61 17
708.13 174.05 19
739.55 173.27 17
765.26 173.81 19
793.87 173.02 18
830.31 171.18 19
858.00 170.04 19
887.63 168.67 18
916.77 170.31 19
947.46 175.95 19
979.58 169.09 18
1007.02 174.66 20
1036.46 176.69 18
1067.64 172.90 18
1098.17 171.68 19
1125.46 170.73 17
1153.69 172.95 20
1186.69 173.02 18
2535.81 518.86 15
2550.51 495.77 15
2560.67 474.85 12
2571.03 450.32 16
2584.51 430.78 15
2597.36 407.32 12
2609.89 385.56 14
2618.34 359.79 16
2631.18 338.81 14
2641.26 316.06 14
2652.21 292.12 14
2663.07 268.91 16
2671.58 242.14 15
2681.30 217.97 15
2690.28 197.70 17
2512.40 501.09 13
2524.76 479.69 14
2538.93 456.34 15
2549.52 434.32 13
2562.10 412.12 13
2572.69 391.37 14
2586.50 366.39 14
2596.88 346.05 15
2608.22 322.10 15
2619.26 299.14 16
2629.58 276.69 15
2639.64 251.10 14
2649.47 226.87 16
2658.11 202.83 15
2668.54 179.29 14
2488.21 483.91 13
2500.80 463.79 16
2514.65 441.57 13
2526.01 419.89 15
2540.48 397.24 12
2551.72 375.77 12
2564.58 352.26 13
2463.88 471.88 13
2475.41 451.72 15
2488.98 428.04 15
2502.00 405.70 12
2514.01 384.45 15
2527.97 361.88 14
2539.45 340.28 14
2550.39 318.02 12
2562.31 293.43 14
2570.95 270.90 15
2580.55 244.89 16
2589.68 222.77 14
2600.86 199.56 15
2608.49 173.99 14
2618.65 150.56 17
2436.91 458.06 16
2449.36 436.77 15
2461.93 412.54 14
2474.72 391.50 14
2485.26 367.95 16
2496.79 344.84 16
2511.07 324.20 14
2521.88 300.88 14
2531.89 278.14 15
2543.19 256.23 13
2553.27 231.34 16
2565.39 209.17 15
2573.64 183.43 14
2582.67 159.97 15
2591.83 135.55 14
1544.23 1058.65 12
1560.03 1061.74 11
1578.01 1061.23 16
1591.40 1064.03 15
1610.11 1063.49 14
1621.71 1060.83 15
1635.65 1066.71 14
1653.90 1061.68 14
1665.22 1060.90 15
1685.67 1063.47 11
1697.68 1067.01 19
1545.29 1041.46 14
1559.11 1040.33 14
1576.34 1047.28 14
1591.31 1049.08 14
1606.94 1045.93 15
1624.48 1045.80 16
1638.96 1043.92 17
1655.07 1042.77 14
1669.68 1047.70 12
1684.56 1047.35 16
1699.90 1044.30 14
1715.24 1048.26 10
1726.28 1044.99 13
1747.31 1044.55 15
1759.69 1047.22 15
1773.98 1046.11 16
1791.79 1045.28 16
1811.87 1045.89 14
1824.58 1045.74 13
1838.04 1044.30 14
1854.50 1049.75 17
1871.59 1042.44 14
1889.30 1046.00 13
1899.42 1037.94 16
1918.03 1043.68 13
1936.48 1041.55 13
1954.03 1042.38 16
1964.91 1047.96 15
1975.47 1049.19 15
1995.42 1045.55 15
2012.58 1040.99 18
2029.83 1045.27 12
2046.28 1042.26 12
2059.38 1045.43 11
2073.63 1048.17 14
2090.50 1048.32 15
1545.46 1027.73 13
1563.03 1023.74 13
1576.15 1026.22 14
1591.90 1030.35 13
1608.50 1029.30 15
1624.79 1025.83 14
1638.22 1031.63 14
1659.01 1031.86 17
1668.79 1031.55 15
1684.23 1028.41 15
1701.48 1030.04 16
1713.81 1026.74 10
1730.35 1029.19 13
1747.21 1031.01 16
1759.68 1029.41 11
1778.00 1027.08 13
1792.41 1025.35 16
1808.49 1026.77 12
1825.75 1029.71 18
1840.78 1023.55 14
1858.59 1025.26 17
1870.49 1027.14 16
1887.11 1027.02 17
1903.30 1027.91 14
1920.16 1026.76 15
1936.04 1025.48 14
1949.20 1027.68 11
1964.95 1028.06 18
1981.84 1029.96 13
1999.70 1026.60 11
2009.43 1025.75 17
2031.02 1026.16 15
2044.80 1031.06 14
2064.46 1031.45 18
2075.07 1031.02 15
2094.01 1033.21 14
1549.10 1007.49 14
1567.11 1008.72 16
1578.02 1010.50 12
1592.47 1011.30 16
1610.43 1011.66 15
1620.95 1010.74 15
1641.47 1008.50 13
1657.17 1012.00 15
1675.91 1011.71 18
1679.65 1013.44 18
1702.70 1018.79 15
1716.91 1012.42 13
1733.88 1013.37 14
1749.52 1010.10 14
1761.16 1009.90 16
1781.56 1004.88 16
1794.78 1010.25 15
1808.83 1009.20 15
1827.53 1012.90 15
1839.80 1005.16 15
1857.85 1011.40 15
1873.60 1005.31 18
1885.23 1009.59 15
1906.94 1006.75 13
1918.66 1005.82 15
1939.17 1009.21 18
1950.87 1006.68 14
1971.02 1010.22 12
1980.39 1009.96 13
1996.65 1012.20 13
2013.30 1008.48 19
2029.21 1009.01 14
2043.35 1013.41 14
2057.58 1012.84 12
2076.60 1014.59 15
2089.98 1018.05 14
1545.33 991.17 16
1565.93 989.28 14
1576.88 988.95 15
1592.01 995.73 14
1609.10 994.43 16
1629.62 992.11 15
1638.43 992.78 16
1660.13 993.66 14
1673.38 991.92 14
1684.21 994.58 14
1708.00 996.43 15
1719.04 994.28 16
1738.00 995.13 15
1746.59 989.27 16
1772.14 991.16 19
1781.01 990.66 12
1796.77 992.46 14
1810.10 992.74 12
1830.38 990.23 15
1838.97 989.66 15
1858.73 987.63 14
1872.84 988.45 13
1887.22 988.67 14
1900.38 991.86 17
1924.51 990.03 13
1932.60 992.55 12
1949.72 991.35 17
1968.20 989.14 12
1979.17 993.99 14
1999.35 991.51 11
2011.51 994.75 15
2027.35 993.72 18
2047.30 993.58 17
2064.53 997.71 16
2076.79 995.75 16
2091.04 999.71 14
1551.18 974.58 15
1561.40 973.35 13
1577.69 977.73 15
1592.51 975.58 13
1610.93 976.01 13
1626.16 976.99 15
1643.53 977.49 11
1658.50 975.37 14
1675.01 975.14 13
1687.68 976.20 17
1703.20 978.59 17
1719.82 976.23 15
1737.89 973.77 14
1754.80 979.05 16
1766.30 972.83 11
1786.09 978.35 16
1800.12 972.37 16
1815.48 974.80 15
1827.40 974.76 14
1844.08 976.18 14
1860.32 973.50 14
1877.66 970.97 13
1895.25 971.60 16
1905.01 970.60 16
1920.77 974.49 12
1940.82 975.33 14
1956.16 977.35 14
1966.84 974.03 12
1982.85 974.48 13
2001.59 979.27 14
2015.74 975.89 17
2031.77 980.30 14
2047.94 979.12 16
2064.61 978.89 13
2076.99 977.89 18
2095.64 981.28 14
1549.87 954.33 16
1565.93 956.21 17
1583.64 958.79 16
1600.53 955.79 13
1611.35 958.77 14
1629.08 956.54 16
1645.62 959.25 13
1660.79 958.01 15
1675.95 959.85 16
1690.20 962.99 14
1705.45 963.15 18
1719.72 957.65 14
1737.57 961.27 14
1752.53 958.43 18
1766.82 958.68 14
1783.90 959.62 12
1798.09 957.00 17
1813.32 955.39 14
1831.81 963.41 14
1846.07 958.85 13
1864.26 956.54 13
1881.93 955.53 14
1893.06 957.30 15
1908.33 955.84 16
1921.22 959.12 15
1942.74 957.89 16
1961.27 955.63 15
1974.34 954.60 15
1987.81 958.34 14
2001.74 960.82 15
2022.54 958.20 16
2032.56 956.88 15
2048.91 958.72 16
2067.62 960.56 15
2078.74 963.13 15
2096.77 966.00 13
1553.43 938.12 13
1570.16 942.83 15
1585.93 937.41 16
1600.15 941.44 17
1613.25 942.20 12
1633.46 942.34 14
1643.43 945.25 14
1661.35 945.77 11
1678.00 942.32 16
1694.60 940.32 14
1709.87 941.58 14
1722.45 942.27 16
1743.53 942.61 16
1754.84 941.11 15
1773.09 943.20 13
1788.76 943.60 14
1803.17 938.92 11
1819.08 942.97 12
1833.57 940.68 15
1842.92 943.38 14
1867.85 937.48 12
1881.99 937.00 16
1890.18 938.90 14
1911.87 941.09 17
1926.85 936.21 15
1943.07 939.29 14
1957.29 941.31 15
1975.16 942.03 15
1992.04 939.60 12
2008.10 943.42 16
2023.20 937.63 16
2033.03 950.43 14
2052.59 943.51 14
2066.05 945.39 15
2084.70 942.80 16
2099.00 949.94 16
1554.08 921.85 14
1571.55 920.06 13
1590.87 925.43 22
1602.43 922.40 16
1618.68 924.13 12
1634.21 926.54 11
1650.49 926.05 12
1665.62 926.57 14
1679.32 926.81 16
1694.47 928.60 12
1709.41 922.74 18
1725.39 929.44 14
1743.52 927.13 13
1758.56 928.19 14
1775.49 924.02 16
1791.30 922.62 14
1802.85 918.95 15
1822.45 921.18 15
1835.40 924.70 13
1851.91 922.37 16
1869.16 920.44 12
1882.61 924.10 15
1900.48 923.67 15
1908.35 924.30 15
1926.47 922.51 14
1948.09 924.47 13
1961.42 921.67 13
1978.02 920.81 13
1992.63 920.35 14
2006.84 922.84 14
2024.77 923.15 16
2037.09 927.78 13
2050.55 929.35 15
2067.71 928.09 14
2084.85 930.02 18
2101.22 930.56 14
1558.99 909.94 13
1573.43 904.80 13
1590.91 907.69 16
1602.23 908.23 18
1618.48 909.01 15
1634.62 912.78 14
1650.54 908.47 16
1558.44 885.72 14
1576.49 893.25 14
1592.90 891.21 14
1605.79 895.78 11
1617.88 890.88 16
1637.43 892.84 16
1656.49 891.24 14
1669.80 891.25 17
1684.91 888.77 16
1699.31 893.00 18
1719.64 894.50 13
1731.37 896.16 15
1744.86 896.12 15
1764.33 895.66 16
1778.86 893.57 13
1793.23 893.53 12
1809.91 892.44 15
1826.67 894.91 17
1837.63 890.19 13
1855.53 892.09 17
1869.31 890.24 15
1888.59 891.53 14
1904.13 890.16 12
1917.00 891.60 14
1933.75 893.29 14
1951.10 891.20 17
1962.49 893.49 15
1984.76 891.56 16
1999.29 890.20 15
2012.38 888.46 12
2029.40 891.64 18
2045.06 892.10 14
2058.29 892.49 17
2074.50 893.57 14
2088.26 894.66 14
2106.33 894.07 12
1557.42 874.99 16
1577.69 874.55 14
1594.76 869.68 13
1605.92 872.73 14
1624.86 878.24 14
1639.69 873.68 14
1656.73 877.52 15
1667.56 875.49 15
1688.25 873.51 13
1703.01 875.53 16
1720.20 872.58 17
1736.05 873.88 14
1749.71 877.02 17
1766.11 875.59 14
1782.33 876.52 10
1793.66 876.85 16
1811.18 876.27 14
1821.62 875.05 17
1843.62 872.94 11
1857.34 873.08 14
1878.60 874.41 16
1888.99 872.20 11
1905.82 871.21 13
1923.11 871.68 16
1935.21 875.44 15
1951.43 873.17 15
1968.22 873.66 15
1982.32 868.18 18
1997.03 874.52 12
2012.06 873.35 15
2029.74 872.97 16
2047.69 874.43 14
2063.98 874.83 13
2078.71 873.34 14
2096.66 874.96 17
2105.17 877.89 14
1564.82 853.08 12
1580.12 855.20 14
1596.75 854.58 15
1608.66 856.02 13
1629.59 852.50 15
1642.00 854.84 13
1660.03 851.09 15
1671.39 857.64 14
1692.19 853.26 14
1704.26 857.25 13
1721.34 858.01 10
1740.29 857.07 16
1751.62 857.07 13
1770.20 858.86 18
1782.19 857.08 12
1797.45 855.22 13
1809.96 855.05 14
1831.60 856.37 12
1844.68 852.39 15
1862.80 852.19 11
1878.62 856.00 15
1894.69 857.02 14
1906.49 853.14 14
1923.53 852.82 13
1939.07 855.49 12
1952.09 856.63 14
1973.62 852.51 17
1984.46 851.59 14
1999.46 856.02 13
2016.31 853.03 15
2028.96 854.10 14
2046.70 855.56 17
2064.38 855.68 16
2076.33 856.57 14
2095.23 861.18 11
2111.36 862.80 14
1567.07 835.10 15
1577.92 839.00 16
1598.35 840.57 13
1612.64 838.29 16
1623.58 838.78 12
1644.86 835.21 15
1656.81 836.52 16
1673.31 838.88 11
1692.22 838.82 13
1708.68 838.92 17
1723.04 838.36 13
1742.51 840.89 18
1570.18 815.61 12
1585.47 821.27 15
1597.76 816.98 14
1611.20 822.16 15
1629.53 819.43 16
1643.20 821.14 15
1662.47 821.92 16
1677.86 821.27 10
1692.38 822.31 14
1706.12 821.76 13
1713.08 824.20 17
1738.37 823.57 15
1750.54 823.39 13
1770.75 819.14 14
1784.38 821.06 17
1805.02 817.11 16
1816.09 818.33 15
1829.41 819.55 13
1848.78 819.04 15
1867.88 821.76 15
1879.94 820.84 13
1894.72 820.44 14
1910.47 821.75 16
1927.26 818.29 16
1942.80 816.88 15
1953.24 819.60 16
1969.80 818.50 17
1987.95 820.66 14
2000.77 818.22 19
2021.07 821.36 11
2034.42 821.78 16
2049.65 821.78 13
2064.45 823.61 14
2078.34 827.18 14
2096.61 823.55 14
2116.29 827.02 15
1566.54 805.40 16
1581.63 800.35 14
1601.24 801.81 17
1614.96 799.64 16
1634.54 802.45 16
1648.44 802.18 12
1664.06 808.91 13
1678.68 803.22 15
1693.91 804.54 16
1707.23 805.26 16
1723.59 806.30 13
1741.32 807.43 14
1755.71 802.08 15
1772.96 804.22 12
1784.20 804.07 14
1802.78 799.33 18
1817.82 802.77 13
1834.95 806.39 13
1848.98 796.46 13
1859.67 801.23 18
1883.76 803.45 17
1895.64 803.36 17
1912.26 800.26 15
1927.15 798.08 19
1944.21 803.87 13
1961.45 798.93 16
1973.23 799.80 16
1990.08 800.74 13
2011.32 801.24 16
2022.07 805.82 15
2034.79 809.35 14
2054.50 804.40 13
2068.67 805.87 17
2080.78 808.64 14
2101.01 804.74 13
2113.79 808.63 10
1568.05 780.29 16
1585.23 782.38 13
1604.47 784.65 15
1618.02 788.03 17
1630.04 787.27 13
1648.71 790.36 15
1663.73 787.89 12
1678.02 791.35 15
1694.19 789.87 16
1706.09 789.39 15
1727.83 787.99 14
1740.48 788.68 13
1757.48 785.73 13
1772.64 790.11 13
1788.34 784.93 15
1801.52 785.96 14
1821.65 783.16 15
1836.41 787.95 12
1853.87 786.14 13
1862.51 784.19 13
1878.95 783.67 14
1897.54 784.62 13
1915.04 787.69 14
1931.08 785.41 12
1938.14 785.10 14
1957.37 785.56 17
1971.79 785.70 16
1988.44 784.32 14
2005.96 779.99 13
2020.63 783.41 16
2037.22 788.35 13
2049.71 788.46 13
2071.83 788.29 14
2080.58 787.69 14
2100.70 790.10 13
2116.35 792.41 14
