0.307876 0.467389 0.010625
0.322022 0.466432 0.010611
0.335656 0.467549 0.010812
0.349932 0.466459 0.010886
0.362449 0.466670 0.010490
0.376399 0.466312 0.010807
0.390213 0.467244 0.010580
0.403578 0.466299 0.010749
0.418013 0.466300 0.010166
0.432864 0.466157 0.010955
0.445323 0.466026 0.010815
0.460349 0.466138 0.010640
0.473481 0.465875 0.010453
0.486617 0.465996 0.010824
0.501239 0.465875 0.010337
0.511800 0.465007 0.010125
0.529176 0.465094 0.011075
0.541195 0.465173 0.010750
0.555068 0.465455 0.010496
0.569059 0.466702 0.010514
0.584117 0.466418 0.010580
0.595592 0.465682 0.010557
0.610540 0.465910 0.010595
0.624170 0.465000 0.010530
0.637546 0.465129 0.010308
0.651438 0.465267 0.010618
0.665588 0.465116 0.010408
0.679390 0.464833 0.010423
0.693846 0.465097 0.010281
0.707763 0.464637 0.011037
0.719904 0.467016 0.010369
0.734556 0.466244 0.010748
0.747920 0.465176 0.010797
0.762134 0.465657 0.010757
0.776448 0.464941 0.010910
0.790415 0.464665 0.010592
0.804332 0.465820 0.010475
0.817748 0.464861 0.010410
0.830653 0.465070 0.010583
0.844287 0.464986 0.010501
0.858495 0.465155 0.010108
0.872587 0.465116 0.010698
0.890575 0.464955 0.010686
0.899122 0.464462 0.010518
0.913949 0.464079 0.010661
0.926845 0.463811 0.010649
0.939870 0.463484 0.010734
0.955615 0.464427 0.010776
0.969009 0.463897 0.010643
0.982594 0.464097 0.010823
0.303242 0.446575 0.010791
0.316533 0.446958 0.010449
0.331409 0.447967 0.010539
0.346857 0.446861 0.010722
0.358907 0.447809 0.010248
0.372861 0.447041 0.010801
0.385012 0.446823 0.010724
0.399955 0.448205 0.010536
0.413542 0.446555 0.010380
0.428014 0.447663 0.010617
0.441867 0.447207 0.011133
0.455989 0.447214 0.010525
0.468733 0.446711 0.010388
0.482566 0.446775 0.010749
0.496418 0.447451 0.010129
0.509999 0.445324 0.010752
0.524760 0.447269 0.010702
0.536707 0.446926 0.010518
0.550922 0.445869 0.010820
0.565158 0.446545 0.010521
0.578871 0.446166 0.010335
0.592089 0.446818 0.010225
0.606478 0.446779 0.010685
0.621611 0.446647 0.010627
0.634356 0.445759 0.010714
0.648242 0.446926 0.010747
0.661644 0.445472 0.010501
0.674852 0.446281 0.010911
0.688201 0.445815 0.010805
0.702706 0.446500 0.010568
0.717275 0.446940 0.010645
0.731050 0.447140 0.010208
0.745203 0.445658 0.010497
0.757912 0.445500 0.010794
0.772189 0.446387 0.010452
0.785384 0.444576 0.010519
0.799664 0.445741 0.010348
0.812595 0.445269 0.010469
0.826891 0.444554 0.010468
0.840594 0.445423 0.010580
0.855321 0.446407 0.010912
0.868661 0.445853 0.010625
0.881677 0.445257 0.010957
0.896548 0.446015 0.010896
0.909462 0.444775 0.010704
0.921841 0.445599 0.011044
0.950826 0.444766 0.010822
0.965349 0.445601 0.010774
0.978982 0.444479 0.010183
0.300099 0.428820 0.010856
0.314112 0.429038 0.010513
0.328958 0.427877 0.010249
0.341135 0.428459 0.010743
0.356166 0.428526 0.010657
0.369336 0.428046 0.010716
0.382699 0.429080 0.010487
0.396118 0.427977 0.010150
0.410007 0.428589 0.010314
0.437258 0.427891 0.010768
0.450824 0.427550 0.010563
0.465077 0.427504 0.010657
0.480047 0.428775 0.010506
0.492379 0.427416 0.010431
0.505892 0.428513 0.010667
0.519856 0.428139 0.010569
0.533916 0.428863 0.010375
0.547884 0.428434 0.010729
0.562544 0.429434 0.010828
0.574831 0.428142 0.010989
0.588562 0.427924 0.010513
0.600025 0.429360 0.010593
0.616491 0.427662 0.010413
0.629000 0.426282 0.010590
0.644317 0.426764 0.010874
0.657247 0.427005 0.010578
0.672488 0.426951 0.010975
0.685034 0.426118 0.010436
0.698926 0.427057 0.010559
0.712372 0.428011 0.010528
0.726580 0.426785 0.011021
0.741550 0.426236 0.010273
0.753827 0.426214 0.010675
0.767988 0.426569 0.010968
0.781779 0.426365 0.010259
0.795114 0.426610 0.010689
0.809387 0.425740 0.010352
0.822149 0.426484 0.010647
0.836726 0.426980 0.010593
0.851118 0.427360 0.010657
0.863984 0.425924 0.010285
0.876954 0.426157 0.011068
0.891673 0.426862 0.010508
0.905552 0.426076 0.010238
0.918336 0.426828 0.010633
0.932827 0.426836 0.010802
0.947633 0.425334 0.010707
0.965157 0.427908 0.010543
0.974448 0.425522 0.010695
0.294819 0.409804 0.010447
0.309475 0.410210 0.010572
0.323887 0.409697 0.010536
0.337729 0.409780 0.010716
0.349628 0.410097 0.010613
0.364342 0.409503 0.011060
0.377268 0.409535 0.010688
0.392874 0.408468 0.010902
0.406010 0.409924 0.010930
0.419854 0.410027 0.010460
0.433699 0.409401 0.010797
0.447118 0.408600 0.010699
0.461200 0.409489 0.010317
0.474866 0.409104 0.010402
0.488725 0.407986 0.010722
0.502339 0.408752 0.010494
0.518458 0.407278 0.010509
0.529809 0.408051 0.010824
0.543499 0.408325 0.010485
0.556593 0.408261 0.010805
0.569057 0.408127 0.010067
0.584602 0.408640 0.010837
0.598926 0.409470 0.010791
0.611849 0.407837 0.010675
0.625168 0.408126 0.010860
0.640228 0.409142 0.010946
0.653037 0.407718 0.010868
0.666172 0.407890 0.010216
0.682485 0.408193 0.010257
0.695927 0.409543 0.010992
0.708414 0.408053 0.010643
0.722876 0.406686 0.010541
0.735925 0.407558 0.010984
0.750105 0.408325 0.010610
0.763266 0.409787 0.010404
0.777354 0.407553 0.010388
0.791846 0.408272 0.011188
0.804859 0.407310 0.010549
0.818826 0.406937 0.010302
0.832880 0.408073 0.010624
0.846120 0.407967 0.010356
0.861185 0.407556 0.010611
0.873825 0.407606 0.010442
0.887357 0.407358 0.011180
0.900695 0.406656 0.010900
0.915060 0.406832 0.010314
0.928630 0.407469 0.010714
0.941849 0.407364 0.010493
0.955236 0.407122 0.010647
0.969720 0.406272 0.010749
0.292367 0.391304 0.010931
0.305286 0.390777 0.010883
0.320167 0.390934 0.010596
0.332541 0.389832 0.010872
0.346403 0.390021 0.010762
0.360218 0.389673 0.010981
0.373215 0.390292 0.010564
0.387534 0.389743 0.010789
0.401884 0.390404 0.010656
0.415650 0.390991 0.010170
0.429285 0.389918 0.010739
0.443370 0.390536 0.010376
0.456365 0.389465 0.010913
0.470342 0.389578 0.010729
0.483621 0.388851 0.010749
0.498253 0.389971 0.010978
0.512496 0.390056 0.010416
0.526081 0.388453 0.010774
0.538439 0.389249 0.010922
0.554259 0.390329 0.010792
0.565947 0.389924 0.011023
0.581138 0.388594 0.010680
0.594820 0.389938 0.010421
0.608769 0.389614 0.010793
0.621884 0.389954 0.011122
0.635407 0.389221 0.010591
0.649749 0.389174 0.010426
0.662932 0.388977 0.010678
0.676298 0.388930 0.010708
0.690835 0.389515 0.010869
0.705542 0.390065 0.010305
0.718467 0.388925 0.010415
0.731913 0.388983 0.010837
0.745728 0.388239 0.010747
0.758975 0.388247 0.010504
0.771971 0.388115 0.010754
0.787719 0.389138 0.010731
0.800576 0.387951 0.010840
0.813861 0.387559 0.011293
0.827693 0.388518 0.010596
0.841574 0.388524 0.010750
0.856463 0.389382 0.010341
0.868718 0.387351 0.010484
0.883912 0.388631 0.010720
0.897136 0.387668 0.011014
0.910313 0.387929 0.010866
0.925333 0.388398 0.010581
0.938263 0.387781 0.010856
0.951711 0.388337 0.010426
0.967013 0.389009 0.010864
0.288968 0.372209 0.010008
0.300450 0.371225 0.010674
0.315269 0.371273 0.010721
0.329088 0.371218 0.010693
0.342700 0.370713 0.010711
0.369580 0.372467 0.010617
0.383887 0.370500 0.010420
0.398560 0.373096 0.010529
0.410664 0.371417 0.010442
0.424280 0.371142 0.010533
0.439151 0.371243 0.010366
0.453052 0.371372 0.010395
0.466905 0.370837 0.010602
0.480892 0.370350 0.010585
0.494222 0.370797 0.010990
0.507926 0.369467 0.010804
0.521098 0.371180 0.010356
0.535831 0.371245 0.010353
0.549194 0.370040 0.010657
0.562422 0.369498 0.010855
0.576887 0.370517 0.010769
0.589722 0.370228 0.010765
0.604216 0.369949 0.010766
0.617031 0.370686 0.010374
0.631752 0.370543 0.010688
0.644691 0.370458 0.010523
0.658695 0.370270 0.010437
0.673130 0.370293 0.010531
0.686236 0.369790 0.010634
0.700129 0.369769 0.010574
0.714649 0.370546 0.010700
0.728276 0.370994 0.010517
0.756139 0.370010 0.010406
0.768749 0.368995 0.010470
0.783070 0.369572 0.010764
0.796604 0.369569 0.010566
0.810743 0.368382 0.010782
0.824382 0.369211 0.010296
0.838397 0.370575 0.010776
0.850781 0.369401 0.010893
0.865531 0.368628 0.010393
0.879507 0.369098 0.010467
0.892962 0.369048 0.010598
0.907395 0.369393 0.010999
0.919303 0.369243 0.010813
0.934923 0.367789 0.010841
0.947226 0.369804 0.010448
0.961821 0.368719 0.010624
0.284814 0.358087 0.002992
0.289912 0.358292 0.003069
0.294833 0.358253 0.003131
0.299437 0.357975 0.003061
0.304107 0.358221 0.003045
0.308844 0.358084 0.002962
0.313705 0.357756 0.003016
0.318950 0.358206 0.003112
0.323598 0.358074 0.002959
0.333446 0.358010 0.003038
0.338410 0.357971 0.003100
0.342993 0.358045 0.003004
0.347937 0.357881 0.003045
0.352993 0.357849 0.003000
0.357755 0.357828 0.003043
0.367572 0.357570 0.003022
0.372451 0.357663 0.003051
0.376938 0.357793 0.002946
0.284282 0.352963 0.010738
0.296757 0.353059 0.010348
0.311169 0.353117 0.010484
0.324280 0.351635 0.010940
0.337473 0.353149 0.010455
0.352176 0.352040 0.010428
0.367006 0.352113 0.010811
0.379863 0.352006 0.010782
0.393734 0.352333 0.010768
0.407473 0.351406 0.010519
0.421115 0.352358 0.010479
0.433621 0.352154 0.010781
0.449178 0.352429 0.010673
0.461863 0.351398 0.010751
0.476942 0.350732 0.010462
0.490090 0.351855 0.010741
0.503578 0.352190 0.010185
0.517808 0.352384 0.010874
0.530777 0.351487 0.010814
0.545531 0.351939 0.010605
0.559355 0.350361 0.010395
0.571881 0.350910 0.010651
0.586074 0.351360 0.010621
0.599068 0.351562 0.010797
0.614467 0.352372 0.010427
0.627905 0.351147 0.010532
0.641167 0.351550 0.010641
0.654933 0.351397 0.010442
0.668804 0.351879 0.010917
0.681466 0.350578 0.010286
0.696561 0.349642 0.010362
0.709325 0.350594 0.010585
0.724232 0.350605 0.010990
0.737826 0.351599 0.010756
0.751589 0.352213 0.010736
0.764771 0.350387 0.010337
0.778592 0.351522 0.010784
0.793305 0.350129 0.011236
0.806367 0.350372 0.010625
0.820074 0.350442 0.010991
0.833038 0.350319 0.010301
0.861193 0.349786 0.010779
0.874080 0.350653 0.010499
0.888702 0.350128 0.010704
0.903297 0.350864 0.010407
0.916012 0.350081 0.010576
0.930719 0.348607 0.010972
0.944526 0.349959 0.010588
0.956622 0.349512 0.010774
0.279480 0.333324 0.010440
0.294588 0.334006 0.010405
0.307454 0.334135 0.010431
0.320726 0.333358 0.010881
0.334100 0.333283 0.010566
0.347198 0.332070 0.010463
0.362589 0.334030 0.010671
0.376040 0.333580 0.010375
0.388914 0.335197 0.010571
0.403324 0.333328 0.011150
0.416982 0.333208 0.010624
0.430434 0.332442 0.010558
0.445164 0.333610 0.010878
0.457567 0.332025 0.010698
0.472682 0.333209 0.011147
0.485957 0.332196 0.010595
0.499928 0.333289 0.010499
0.513169 0.333185 0.010220
0.527099 0.332748 0.010208
0.541117 0.332760 0.010915
0.553881 0.332112 0.010769
0.568755 0.333080 0.011008
0.583512 0.330310 0.010511
0.594631 0.332530 0.010607
0.609627 0.331061 0.010664
0.622217 0.332343 0.010756
0.636310 0.331565 0.010337
0.650072 0.332525 0.010444
0.664032 0.331792 0.010520
0.678893 0.332343 0.010937
0.692431 0.332024 0.010613
0.705531 0.331789 0.010493
0.719424 0.331438 0.010794
0.734183 0.331538 0.010729
0.746493 0.332414 0.010087
0.274102 0.314806 0.010242
0.289049 0.314611 0.010459
0.302820 0.314986 0.010813
0.316673 0.313571 0.010377
0.329212 0.314615 0.010247
0.343462 0.314959 0.010716
0.357980 0.314372 0.010993
0.384130 0.313889 0.010947
0.398320 0.313782 0.010600
0.412326 0.314480 0.010635
0.427122 0.313308 0.010607
0.440102 0.314293 0.010548
0.454849 0.313284 0.010844
0.467946 0.313217 0.010908
0.481956 0.313478 0.010429
0.494319 0.312618 0.010966
0.509996 0.313595 0.010253
0.522779 0.313454 0.010849
0.536276 0.312279 0.010792
0.550988 0.314042 0.010481
0.563846 0.312940 0.010818
0.578497 0.312773 0.010909
0.592299 0.314051 0.010770
0.606313 0.313453 0.011002
0.619376 0.312108 0.010206
0.632166 0.313420 0.010642
0.646633 0.314177 0.010670
0.660539 0.312141 0.010561
0.674489 0.312342 0.010830
0.687538 0.312518 0.010640
0.701222 0.313178 0.010422
0.715693 0.312426 0.010858
0.729440 0.312852 0.011087
0.742446 0.311764 0.011104
0.757114 0.312967 0.010338
0.769659 0.311971 0.010452
0.783591 0.312537 0.010500
0.798189 0.312397 0.010444
0.811417 0.312705 0.010552
0.824873 0.311310 0.010782
0.839902 0.311467 0.010787
0.853173 0.312037 0.010609
0.867396 0.311556 0.010760
0.881340 0.312293 0.010753
0.894389 0.311599 0.010364
0.908502 0.311111 0.010597
0.922073 0.310580 0.010460
0.935631 0.311910 0.010713
0.949998 0.312052 0.010903
0.271096 0.295109 0.010380
0.284812 0.296237 0.010282
0.299438 0.294935 0.010546
0.313078 0.295979 0.010942
0.326072 0.294517 0.010516
0.339872 0.295793 0.010653
0.354641 0.296274 0.010347
0.367259 0.295355 0.010630
0.380907 0.295064 0.010646
0.394797 0.295133 0.011389
0.409565 0.294580 0.010645
0.421177 0.295780 0.010677
0.436045 0.294888 0.010789
0.449819 0.294963 0.010530
0.462828 0.295026 0.010463
0.477321 0.294610 0.010660
0.268707 0.284034 0.003215
0.272657 0.283829 0.003197
0.276390 0.283413 0.003222
0.280601 0.284098 0.003360
0.284261 0.283500 0.003212
0.288393 0.283178 0.003232
0.292723 0.283758 0.003251
0.301986 0.283755 0.003134
0.306117 0.283536 0.003206
0.310139 0.283693 0.003305
0.314096 0.283589 0.003283
0.317920 0.283318 0.003331
0.327516 0.283769 0.003194
0.331581 0.283573 0.003232
0.335592 0.283732 0.003101
0.339707 0.283606 0.003211
0.343566 0.283315 0.003170
0.347206 0.283404 0.003076
0.351500 0.283633 0.003266
0.355347 0.283476 0.003225
0.359218 0.283549 0.003277
0.266570 0.275964 0.010616
0.281390 0.277904 0.010877
0.293891 0.276629 0.010491
0.309147 0.276363 0.010750
0.322669 0.276290 0.010652
0.337685 0.276798 0.010460
0.348955 0.275828 0.010369
0.363777 0.276716 0.010492
0.377266 0.276218 0.010817
0.391437 0.277061 0.010792
0.405609 0.276341 0.011107
0.418288 0.275222 0.010494
0.431725 0.275351 0.010703
0.445433 0.276528 0.010757
0.460098 0.276225 0.010959
0.473286 0.275963 0.010865
0.488170 0.275275 0.010938
0.500442 0.275169 0.010197
0.514597 0.275888 0.010930
0.528834 0.275574 0.010745
0.543996 0.275879 0.010535
0.557049 0.274792 0.010475
0.568987 0.275634 0.010370
0.582585 0.274139 0.010655
0.596300 0.275365 0.010764
0.612200 0.274589 0.010512
0.625881 0.275911 0.010512
0.637917 0.275384 0.010565
0.652385 0.275316 0.010441
0.665762 0.273755 0.010642
0.680941 0.275872 0.010648
0.693334 0.274677 0.010457
0.708151 0.274241 0.010326
0.719973 0.274513 0.010952
0.735256 0.274618 0.011196
0.748761 0.273944 0.010479
0.762106 0.275324 0.010856
0.776530 0.275870 0.010332
0.790570 0.275535 0.010893
0.804151 0.273788 0.010636
0.816728 0.274482 0.010785
0.831972 0.274566 0.010688
0.844784 0.273526 0.010879
0.858351 0.274158 0.010594
0.872843 0.274458 0.010127
0.886275 0.273031 0.010612
0.899747 0.274155 0.010654
0.913943 0.273343 0.010525
0.926501 0.274119 0.010749
0.941671 0.274507 0.010602
0.262648 0.256837 0.010682
0.276394 0.258302 0.010463
0.290341 0.257137 0.010668
0.304814 0.258085 0.010906
0.317811 0.256991 0.010631
0.332215 0.257270 0.010682
0.345765 0.257185 0.010608
0.358992 0.256974 0.010330
0.373478 0.256444 0.010776
0.386363 0.256406 0.010653
0.401308 0.256881 0.010304
0.414397 0.257722 0.010552
0.428437 0.255938 0.010309
0.441885 0.256444 0.010802
0.456508 0.255738 0.010468
0.469672 0.256433 0.010653
0.483621 0.257074 0.010624
0.497076 0.256334 0.010261
0.510992 0.256385 0.010530
0.524797 0.255690 0.010813
0.538012 0.256462 0.011108
0.552479 0.255517 0.011155
0.565517 0.255940 0.010861
0.579632 0.256139 0.010836
0.592469 0.256165 0.010513
0.607127 0.256647 0.010613
0.620728 0.255837 0.010564
0.633809 0.255371 0.010814
0.649874 0.256376 0.010614
0.661559 0.256228 0.010297
0.675164 0.255333 0.010560
0.689233 0.255690 0.011086
0.703117 0.255229 0.010409
0.717423 0.256305 0.010239
0.730173 0.255202 0.010708
0.744985 0.255458 0.010688
0.758734 0.255309 0.010186
0.772129 0.255469 0.010942
0.785603 0.255482 0.010423
0.799739 0.255221 0.010645
0.813493 0.254276 0.010844
0.827153 0.255149 0.010632
0.839994 0.256672 0.010335
0.854506 0.254588 0.011112
0.868673 0.255742 0.010448
0.882617 0.255146 0.011219
0.895944 0.255114 0.010268
0.909381 0.255116 0.010346
0.924456 0.254788 0.011157
0.937185 0.255021 0.010621
0.258357 0.237400 0.010759
0.272029 0.238797 0.010522
0.287004 0.238195 0.010576
0.299797 0.238497 0.010460
0.313916 0.238412 0.010822
0.327335 0.238136 0.010326
0.341267 0.237444 0.010552
0.355245 0.237911 0.010685
0.368933 0.238313 0.010682
0.384511 0.238631 0.010240
0.396931 0.237818 0.010223
0.409527 0.237205 0.010790
0.423457 0.236012 0.010402
0.438529 0.236611 0.010654
0.452076 0.236976 0.010994
0.464276 0.236996 0.010754
0.479163 0.237013 0.010445
0.493499 0.237320 0.010723
0.506416 0.237662 0.010613
0.518075 0.235682 0.010602
0.535061 0.237329 0.010618
0.547046 0.237340 0.010641
0.561333 0.236251 0.010917
0.573130 0.237436 0.010530
0.588214 0.236025 0.011015
0.602565 0.237970 0.010589
0.616478 0.238302 0.010751
0.630042 0.236978 0.010515
0.643677 0.237247 0.010453
0.658622 0.236177 0.010746
0.672419 0.237027 0.010460
0.683857 0.236981 0.010717
0.698710 0.236270 0.010372
0.712998 0.237950 0.010790
0.726562 0.237295 0.010267
0.740409 0.236348 0.010834
0.754667 0.236803 0.010499
0.767662 0.236257 0.010700
0.782738 0.236574 0.010592
0.796228 0.237624 0.010567
0.809915 0.236923 0.010820
0.823178 0.235470 0.010663
0.837335 0.236925 0.011198
0.850412 0.236120 0.010287
0.863682 0.236631 0.010700
0.878619 0.236823 0.010356
0.892237 0.236327 0.010528
0.906088 0.236365 0.010691
0.919915 0.236050 0.010967
0.931951 0.236239 0.010950
0.255677 0.219538 0.010570
0.269924 0.219883 0.010700
0.283020 0.220652 0.010567
0.295712 0.219266 0.010388
0.309405 0.218515 0.010660
0.324528 0.218957 0.010816
0.336411 0.218725 0.011049
0.351419 0.219467 0.010851
0.365888 0.218998 0.010332
0.379284 0.219331 0.010870
0.392516 0.219786 0.010740
0.405632 0.218369 0.010947
0.419559 0.218892 0.010191
0.433805 0.218567 0.010759
0.447213 0.218783 0.010538
0.461711 0.218429 0.010930
0.473520 0.218508 0.010517
0.488595 0.218220 0.010493
0.501959 0.218166 0.010833
0.514943 0.217445 0.010180
0.530650 0.218278 0.010418
0.542886 0.218106 0.010614
0.556943 0.217817 0.010801
0.571017 0.218902 0.010724
0.584626 0.218274 0.010445
0.598774 0.218296 0.010272
0.612897 0.219625 0.010850
0.625924 0.218180 0.010440
0.640427 0.218466 0.010618
0.654591 0.218281 0.010364
0.251080 0.200056 0.010674
0.264851 0.201718 0.010542
0.279225 0.199937 0.010743
0.291547 0.200152 0.010678
0.305626 0.201058 0.010568
0.319658 0.200196 0.010935
0.332248 0.199941 0.010970
0.348584 0.200996 0.010420
0.361010 0.199167 0.010432
0.374424 0.200080 0.010522
0.388846 0.199406 0.010472
0.402431 0.199152 0.011299
0.415519 0.199943 0.010797
0.429352 0.199350 0.010377
0.445562 0.200023 0.010247
0.457013 0.200422 0.010450
0.470003 0.198359 0.010528
0.484413 0.199687 0.011043
0.498315 0.198345 0.011240
0.511894 0.199387 0.010644
0.525922 0.202410 0.010355
0.538832 0.198846 0.010446
0.554395 0.199400 0.011180
0.567595 0.199301 0.010709
0.582125 0.197396 0.010672
0.594883 0.198770 0.010440
0.609042 0.199033 0.010701
0.622613 0.198797 0.010674
0.636428 0.198120 0.010369
0.649980 0.199199 0.010884
0.663504 0.198448 0.010779
0.677253 0.198534 0.010653
0.691444 0.198883 0.011225
0.705930 0.198509 0.010643
0.718023 0.199454 0.010755
0.732294 0.198833 0.010587
0.746276 0.198522 0.010623
0.759280 0.197823 0.010728
0.773759 0.197842 0.010678
0.787662 0.198757 0.010396
0.802050 0.197682 0.010390
0.816153 0.198290 0.010417
0.828884 0.198953 0.010683
0.842335 0.197287 0.010842
0.856657 0.198406 0.010807
0.869640 0.197253 0.010963
0.882523 0.198822 0.010576
0.897111 0.198266 0.010481
0.924873 0.198253 0.010725
0.249419 0.192025 0.004579
0.255465 0.191928 0.004650
0.261828 0.191969 0.004547
0.268945 0.191469 0.004486
0.274835 0.191581 0.004655
0.281963 0.191511 0.004439
0.287818 0.191765 0.004460
0.294720 0.191376 0.004534
0.300952 0.191538 0.004733
0.247089 0.182070 0.010814
0.261007 0.181357 0.010575
0.273990 0.180707 0.010749
0.287530 0.181433 0.010568
0.300830 0.181545 0.010501
0.315467 0.181369 0.010195
0.328977 0.180496 0.010820
0.356224 0.180417 0.010678
0.370693 0.180166 0.010616
0.384305 0.180498 0.010913
0.400235 0.181819 0.010509
0.411726 0.180071 0.010787
0.426110 0.180886 0.010591
0.439314 0.179847 0.010775
0.453495 0.179228 0.010789
0.466623 0.180483 0.010903
0.480912 0.180893 0.011126
0.494263 0.180381 0.010603
0.507819 0.179977 0.010425
0.522455 0.180138 0.010906
0.534979 0.180432 0.010849
0.549083 0.179936 0.010388
0.563107 0.180811 0.010704
0.576378 0.179278 0.010838
0.589784 0.180355 0.010860
0.604607 0.180589 0.010367
0.617002 0.179834 0.011237
0.631294 0.180600 0.010705
0.646327 0.179319 0.010642
0.659344 0.180113 0.010177
0.673473 0.181357 0.010605
0.686340 0.179303 0.011198
0.700965 0.179118 0.010765
0.714424 0.179585 0.010718
0.730763 0.180893 0.010791
0.742167 0.178450 0.010374
0.756495 0.179680 0.010950
0.768883 0.180057 0.010357
0.783593 0.179183 0.010156
0.797533 0.178839 0.010835
0.812183 0.179520 0.010393
0.823857 0.179831 0.011258
0.837939 0.179086 0.010237
0.852129 0.178310 0.010910
0.865962 0.178247 0.010950
0.880451 0.178942 0.011148
0.893770 0.178499 0.010560
0.907462 0.178214 0.010606
0.920836 0.179589 0.010659
0.243675 0.167482 0.003530
0.249051 0.167462 0.003561
0.254204 0.167854 0.003537
0.266667 0.167378 0.003433
0.272214 0.167318 0.003450
0.277277 0.165794 0.003651
0.486728 0.152027 0.009152
0.506234 0.145859 0.009352
0.521190 0.145448 0.009704
0.537449 0.144953 0.009823
0.555569 0.143835 0.009437
0.571538 0.141841 0.010568
0.587495 0.143899 0.010156
0.604755 0.143798 0.010830
0.622173 0.144931 0.009164
0.637369 0.148876 0.009904
0.655671 0.147315 0.010754
0.673026 0.150411 0.009281
0.688382 0.150224 0.009113
0.705284 0.151860 0.009618
0.723766 0.150463 0.009082
0.741332 0.150968 0.010149
0.757451 0.149400 0.010104
0.772868 0.150382 0.011107
0.790146 0.146877 0.009857
0.807807 0.143160 0.009793
0.501466 0.111761 0.010084
0.518418 0.108055 0.009851
0.535548 0.108008 0.009097
0.546042 0.119712 0.010418
0.566644 0.108065 0.008908
0.586739 0.106983 0.009062
0.602669 0.108050 0.008470
0.618595 0.107358 0.010408
0.636012 0.109810 0.009365
0.652566 0.111095 0.008912
0.669719 0.114303 0.009855
0.686809 0.112221 0.009856
0.701391 0.114462 0.008234
0.718711 0.114464 0.009640
0.737973 0.115172 0.008531
0.752143 0.114192 0.009321
0.768427 0.113031 0.009531
0.786987 0.110658 0.009265
0.803177 0.107659 0.009482
0.819839 0.104742 0.008025
0.510295 0.075584 0.009630
0.525005 0.072643 0.010019
0.542134 0.069776 0.008528
0.559151 0.069355 0.009250
0.576073 0.067558 0.009665
0.593974 0.070258 0.010059
0.606659 0.071499 0.010172
0.624205 0.069669 0.009430
0.639611 0.073493 0.010916
0.657906 0.076133 0.010642
0.674709 0.075554 0.010344
0.691671 0.077203 0.009085
0.707328 0.078705 0.009896
0.721628 0.077625 0.011154
0.738237 0.078450 0.009444
0.755869 0.077731 0.009789
0.773120 0.076743 0.009754
0.789351 0.072913 0.009093
0.803788 0.071517 0.009350
0.821061 0.066527 0.009058
0.511050 0.038595 0.008810
0.526133 0.035882 0.009500
0.543954 0.034274 0.009302
0.560214 0.032433 0.008662
0.575988 0.032862 0.008612
0.592223 0.034346 0.009705
0.607890 0.035119 0.009899
0.624090 0.037433 0.010898
0.642157 0.038565 0.009549
0.657529 0.038492 0.010096
0.675151 0.039037 0.010441
0.691495 0.041001 0.009570
0.706311 0.042219 0.009628
0.725814 0.041968 0.009982
0.740408 0.040925 0.010478
0.757345 0.039719 0.008650
0.773931 0.039088 0.010645
0.789937 0.036929 0.010681
0.808312 0.031874 0.008851
0.823851 0.027821 0.010161
0.087732 0.154188 0.007594
0.093072 0.153462 0.006347
0.100660 0.153448 0.007511
0.107932 0.153090 0.006364
0.114667 0.152229 0.006155
0.122130 0.153889 0.006184
0.128017 0.152196 0.006902
0.134598 0.153095 0.006984
0.141887 0.153592 0.006652
0.150196 0.152005 0.007156
0.158349 0.153707 0.006512
0.164758 0.154720 0.007159
0.173300 0.153475 0.006680
0.177017 0.151976 0.007002
0.185756 0.152875 0.005659
0.192820 0.152429 0.006600
0.198467 0.151556 0.006805
0.208170 0.151840 0.006728
0.213991 0.154643 0.007349
0.220111 0.153562 0.006725
0.228572 0.153077 0.007571
0.234120 0.153864 0.008424
0.240925 0.151069 0.006489
0.249254 0.152497 0.006593
0.256554 0.153106 0.006227
0.262708 0.153037 0.006103
0.270510 0.153903 0.006388
0.276993 0.152982 0.005942
0.284105 0.153238 0.007626
0.291052 0.153049 0.006665
0.297149 0.154275 0.007687
0.305767 0.151966 0.005675
0.311251 0.152865 0.006426
0.318741 0.153867 0.006977
0.325725 0.152497 0.007038
0.333320 0.153026 0.006739
0.340138 0.152959 0.007642
0.347931 0.151647 0.006708
0.355960 0.154290 0.007568
0.362717 0.153849 0.007785
0.368901 0.152574 0.007308
0.376969 0.154914 0.007573
0.384864 0.155232 0.007548
0.390188 0.153258 0.007028
0.397150 0.152927 0.006728
0.403590 0.152569 0.007091
0.410345 0.154283 0.006694
0.418605 0.153616 0.006427
0.086139 0.144557 0.007276
0.093439 0.146354 0.007081
0.101017 0.144882 0.007254
0.105617 0.145439 0.007582
0.115649 0.144666 0.007056
0.121189 0.144581 0.006021
0.127108 0.144600 0.007504
0.135789 0.144957 0.006457
0.142746 0.145070 0.008150
0.150182 0.143060 0.006296
0.156435 0.144204 0.006774
0.164035 0.144191 0.006021
0.172294 0.145539 0.006963
0.178291 0.144455 0.006018
0.185660 0.144493 0.005808
0.190350 0.143690 0.007208
0.198990 0.144994 0.006634
0.206876 0.143271 0.007134
0.212676 0.144839 0.007458
0.219946 0.145782 0.007224
0.225471 0.146923 0.006416
0.235190 0.147097 0.007663
0.242195 0.143983 0.006385
0.247659 0.144077 0.006749
0.254174 0.146418 0.007648
0.262672 0.144956 0.006745
0.270891 0.144271 0.006963
0.276994 0.144331 0.006942
0.284976 0.144466 0.006922
0.292178 0.146139 0.006670
0.298855 0.144414 0.007059
0.304976 0.143746 0.006319
0.313255 0.143642 0.005625
0.320046 0.145623 0.006672
0.328363 0.143517 0.006252
0.334569 0.145072 0.007319
0.339911 0.144512 0.006519
0.349104 0.143860 0.007091
0.353882 0.146710 0.007416
0.360158 0.145598 0.007052
0.369826 0.144713 0.006616
0.377346 0.143243 0.007168
0.384378 0.145788 0.006838
0.390427 0.144424 0.006299
0.397240 0.145008 0.006082
0.406172 0.143792 0.006850
0.411633 0.145876 0.006927
0.418944 0.144742 0.006760
0.086714 0.137916 0.006925
0.092481 0.136256 0.005996
0.101938 0.137461 0.006487
0.107704 0.136980 0.006486
0.112149 0.136341 0.006812
0.122770 0.136932 0.006698
0.129094 0.137315 0.007291
0.134842 0.136460 0.005957
0.141570 0.137863 0.005826
0.150560 0.135977 0.007061
0.156820 0.137724 0.006676
0.164614 0.136935 0.006470
0.170895 0.136250 0.006717
0.178556 0.136265 0.006502
0.185712 0.135486 0.007279
0.191269 0.137838 0.005925
0.200011 0.135875 0.005972
0.207079 0.136699 0.006742
0.213085 0.135649 0.006233
0.220356 0.137740 0.007110
0.229644 0.137276 0.007045
0.233856 0.136385 0.006518
0.239066 0.136893 0.006329
0.254936 0.138243 0.007450
0.262450 0.135369 0.007082
0.271522 0.135776 0.007132
0.276983 0.135527 0.007519
0.285551 0.137465 0.006597
0.291722 0.136657 0.006155
0.298589 0.136769 0.006997
0.305223 0.138047 0.007265
0.313415 0.137709 0.006767
0.320003 0.135364 0.006662
0.325385 0.136830 0.006560
0.334994 0.133349 0.007210
0.341949 0.136359 0.006548
0.348282 0.135699 0.006834
0.354984 0.135948 0.007172
0.361723 0.136435 0.007237
0.368336 0.136813 0.006265
0.376086 0.136926 0.006617
0.382896 0.135768 0.008043
0.392187 0.135196 0.006486
0.397310 0.135768 0.007628
0.403963 0.135995 0.007356
0.410584 0.138257 0.006790
0.418195 0.136743 0.006739
0.083785 0.128771 0.006581
0.093991 0.128261 0.005787
0.100185 0.129568 0.007005
0.107085 0.126310 0.007394
0.114606 0.127475 0.006525
0.121554 0.128864 0.007078
0.130100 0.128293 0.007452
0.135407 0.125401 0.007349
0.143106 0.129857 0.007900
0.149814 0.129367 0.005674
0.158434 0.129471 0.006441
0.164924 0.127799 0.006854
0.171371 0.127926 0.006879
0.180628 0.129724 0.007488
0.186008 0.127470 0.007050
0.192358 0.127397 0.006784
0.200311 0.127548 0.007539
0.205203 0.128547 0.006740
0.212439 0.128478 0.007628
0.220046 0.126410 0.008246
0.227885 0.128644 0.005331
0.234171 0.128398 0.006733
0.241012 0.128711 0.006635
0.251295 0.128980 0.007369
0.256796 0.127022 0.006022
0.263794 0.129059 0.006402
0.270745 0.127628 0.006708
0.278457 0.127028 0.008152
0.284302 0.127511 0.006793
0.294320 0.128818 0.007891
0.298077 0.129356 0.006857
0.305218 0.127773 0.006454
0.314635 0.129730 0.006329
0.320055 0.128667 0.006018
0.326920 0.129665 0.006490
0.334929 0.130820 0.006508
0.340689 0.128581 0.008030
0.349267 0.127734 0.006720
0.355954 0.128629 0.006493
0.361758 0.129347 0.006789
0.369503 0.128165 0.006020
0.376424 0.128796 0.005653
0.383169 0.127214 0.006421
0.390069 0.127641 0.005574
0.395363 0.128727 0.006525
0.403315 0.129929 0.007534
0.411524 0.128169 0.007173
0.419975 0.128671 0.007075
0.085985 0.123013 0.002252
0.089647 0.122461 0.002172
0.093129 0.123277 0.002335
0.096735 0.122108 0.002203
0.100934 0.122675 0.002193
0.103609 0.123003 0.002482
0.107508 0.122944 0.002250
0.110929 0.123168 0.002351
0.114349 0.122621 0.002374
0.124757 0.122996 0.002114
0.127181 0.122634 0.002376
0.134979 0.122719 0.001993
0.138106 0.122381 0.002402
0.141631 0.122353 0.002238
0.145210 0.122749 0.002362
0.148403 0.122759 0.002264
0.086855 0.120219 0.006303
0.094097 0.119847 0.007131
0.099868 0.120382 0.006821
0.107473 0.120406 0.007823
0.115764 0.120180 0.006398
0.121942 0.121879 0.007732
0.128331 0.118549 0.006155
0.135985 0.121946 0.006088
0.143754 0.120085 0.006256
0.150584 0.119857 0.006312
0.158197 0.121945 0.006450
0.163700 0.118643 0.006740
0.170250 0.119762 0.007178
0.176452 0.120811 0.006065
0.185170 0.120083 0.006637
0.191791 0.118998 0.007073
0.198681 0.119665 0.006906
0.207536 0.119887 0.006258
0.212906 0.120081 0.007038
0.220423 0.120180 0.007414
0.227558 0.119137 0.006637
0.233474 0.119636 0.007166
0.241697 0.121363 0.007327
0.249081 0.120763 0.006449
0.257616 0.118485 0.007170
0.262462 0.119382 0.006175
0.270040 0.120110 0.006357
0.278146 0.120495 0.007061
0.285588 0.120298 0.007058
0.292003 0.120585 0.006447
0.299057 0.120070 0.006389
0.305783 0.121794 0.007691
0.311467 0.120852 0.006419
0.320407 0.120071 0.007153
0.327340 0.120644 0.006573
0.333497 0.119161 0.005928
0.341263 0.120591 0.006252
0.346669 0.119594 0.007300
0.354517 0.118788 0.006751
0.362639 0.119352 0.006512
0.369487 0.123269 0.006285
0.381649 0.122645 0.006337
0.390047 0.119721 0.007395
0.398118 0.121789 0.006156
0.405907 0.120752 0.007065
0.409981 0.120960 0.007010
0.418145 0.118821 0.006202
0.086880 0.115017 0.003462
0.091254 0.115049 0.003164
0.096152 0.115344 0.003761
0.100562 0.114486 0.003341
0.106458 0.114942 0.002988
0.116425 0.114379 0.003045
0.120378 0.115319 0.003652
0.125686 0.114328 0.002718
0.130708 0.114538 0.003514
0.135457 0.114640 0.003190
0.139816 0.114645 0.003257
0.145150 0.114417 0.002882
0.151082 0.114639 0.002802
0.155205 0.114609 0.002786
0.085720 0.111555 0.006351
0.093083 0.111421 0.006721
0.100706 0.111426 0.006587
0.106367 0.111823 0.006185
0.115572 0.111783 0.006928
0.121448 0.112657 0.006965
0.128905 0.111190 0.006487
0.135866 0.111671 0.006965
0.142263 0.112376 0.006531
0.149797 0.111552 0.006658
0.155320 0.112196 0.007494
0.163546 0.111761 0.007406
0.171288 0.111602 0.006739
0.179871 0.113647 0.007120
0.185207 0.111833 0.007086
0.191951 0.112219 0.005890
0.199340 0.111912 0.006138
0.207071 0.113388 0.006890
0.212669 0.112496 0.006480
0.220046 0.111310 0.006613
0.228197 0.113015 0.006892
0.236328 0.112166 0.005767
0.240113 0.111903 0.007879
0.249485 0.111264 0.006754
0.256196 0.112631 0.006779
0.261768 0.110833 0.007000
0.268710 0.110636 0.007169
0.276137 0.111418 0.007097
0.284815 0.111562 0.007350
0.290502 0.112165 0.006715
0.297983 0.111137 0.006803
0.307170 0.110146 0.007717
0.312094 0.112650 0.006290
0.319324 0.113039 0.007656
0.326567 0.112380 0.006840
0.332217 0.110561 0.006429
0.338287 0.113333 0.006887
0.348845 0.111970 0.006231
0.355637 0.111979 0.006876
0.362474 0.110798 0.006139
0.370173 0.111955 0.006268
0.376646 0.112385 0.007167
0.380979 0.111888 0.006783
0.390251 0.111075 0.006748
0.398287 0.110548 0.007326
0.403464 0.110655 0.008218
0.411475 0.113196 0.007592
0.419039 0.111773 0.006568
0.086835 0.107897 0.002341
0.088959 0.107574 0.002796
0.092075 0.107853 0.002552
0.094695 0.108001 0.002410
0.097837 0.107599 0.002688
0.100592 0.108596 0.002739
0.103089 0.107534 0.002563
0.106456 0.108264 0.002246
0.085876 0.104747 0.006187
0.093731 0.104685 0.007100
0.101139 0.104256 0.006150
0.107481 0.103959 0.007157
0.116093 0.103769 0.007164
0.121949 0.103799 0.006993
0.129001 0.105415 0.008278
0.137186 0.101533 0.006829
0.143239 0.103697 0.006699
0.150947 0.104073 0.006584
0.156680 0.103584 0.006965
0.163332 0.104445 0.006286
0.171286 0.104584 0.006561
0.177438 0.104465 0.006673
0.185175 0.104035 0.007033
0.193143 0.104089 0.006696
0.199097 0.105139 0.006587
0.207207 0.102978 0.006409
0.213305 0.102895 0.006690
0.219751 0.103380 0.006524
0.227095 0.103398 0.006407
0.234775 0.102714 0.007114
0.239635 0.104302 0.006372
0.248089 0.102531 0.007553
0.255894 0.104258 0.006867
0.263449 0.102557 0.006983
0.270540 0.104757 0.007050
0.277190 0.104507 0.007013
0.283438 0.102624 0.005888
0.291237 0.103241 0.006790
0.300285 0.103522 0.006563
0.304065 0.103670 0.006955
0.312769 0.102648 0.006715
0.319775 0.103158 0.006050
0.326193 0.103119 0.005759
0.332579 0.103920 0.006728
0.340810 0.104383 0.006342
0.346590 0.102645 0.006706
0.354569 0.104113 0.006944
0.362699 0.102095 0.007893
0.368810 0.102354 0.006758
0.377699 0.103369 0.006015
0.383912 0.105768 0.006494
0.390480 0.103396 0.006789
0.397354 0.105180 0.007039
0.404221 0.103382 0.007002
0.412279 0.103011 0.008146
0.417967 0.105224 0.006459
0.085713 0.096364 0.006031
0.092508 0.095851 0.006395
0.100095 0.097241 0.006275
0.107401 0.095268 0.006393
0.116108 0.095672 0.006692
0.120319 0.096135 0.006726
0.130557 0.095488 0.006205
0.137070 0.097136 0.005991
0.143840 0.094783 0.006050
0.148465 0.095787 0.006212
0.157251 0.094813 0.007081
0.163399 0.096668 0.004801
0.170295 0.095498 0.006671
0.180111 0.095399 0.006909
0.187899 0.093992 0.007316
0.192574 0.094298 0.007220
0.200632 0.095553 0.006083
0.205438 0.096118 0.007303
0.214088 0.094131 0.006429
0.220815 0.095032 0.007461
0.227718 0.095399 0.006733
0.236034 0.095512 0.006594
0.242145 0.095023 0.007594
0.249223 0.095546 0.007268
0.256187 0.096308 0.006512
0.262228 0.094246 0.006316
0.270823 0.095758 0.006692
0.277952 0.094376 0.007183
0.284690 0.094780 0.006019
0.292327 0.096814 0.006757
0.296195 0.095734 0.007566
0.305973 0.096250 0.007114
0.313564 0.094613 0.007283
0.321804 0.095718 0.007320
0.326956 0.095154 0.006580
0.333980 0.095138 0.007102
0.339703 0.096192 0.006877
0.349768 0.094457 0.006718
0.355171 0.096627 0.006726
0.369038 0.095673 0.005240
0.375109 0.097715 0.006991
0.381725 0.096384 0.006733
0.389855 0.093664 0.007340
0.396799 0.096056 0.007304
0.404234 0.096096 0.006897
0.412453 0.096421 0.007311
0.419710 0.095309 0.006070
0.087291 0.085938 0.006533
0.092705 0.085508 0.007694
0.100318 0.087517 0.007064
0.106233 0.088492 0.006924
0.114519 0.085612 0.006813
0.120199 0.087245 0.006973
0.129840 0.088540 0.007084
0.135510 0.085723 0.005801
0.142238 0.088225 0.006702
0.151786 0.085751 0.007132
0.156710 0.086286 0.006648
0.165241 0.086871 0.006537
0.170937 0.087549 0.006934
0.177143 0.087565 0.007051
0.184638 0.089251 0.007130
0.191946 0.086799 0.006869
0.199809 0.088716 0.006250
0.205548 0.084661 0.007088
0.212485 0.087268 0.007263
0.221505 0.087095 0.005720
0.226335 0.086737 0.006540
0.234749 0.086813 0.006210
0.242212 0.086596 0.006463
0.248700 0.088096 0.006994
0.256785 0.088240 0.006874
0.263722 0.088186 0.007831
0.270323 0.087607 0.007528
0.275777 0.086987 0.006671
0.283485 0.087216 0.006494
0.291347 0.087521 0.006430
0.298080 0.087049 0.006283
0.305869 0.088247 0.007433
0.313421 0.086920 0.006272
0.318427 0.088428 0.006503
0.326611 0.087047 0.005862
0.334628 0.087898 0.006621
0.339658 0.087392 0.007242
0.348273 0.087445 0.006831
0.353886 0.088014 0.006355
0.361666 0.088728 0.006493
0.369844 0.087036 0.007152
0.376592 0.086314 0.006521
0.384126 0.087431 0.007710
0.389798 0.086418 0.006016
0.395888 0.086547 0.006811
0.404092 0.087766 0.005884
0.412097 0.086614 0.006498
0.417557 0.085705 0.006082
0.086786 0.079436 0.007146
0.093229 0.079870 0.006750
0.100463 0.079022 0.007637
0.108343 0.078836 0.006647
0.115500 0.077491 0.007935
0.119904 0.079974 0.006994
0.129257 0.081550 0.007751
0.136189 0.079768 0.006891
0.143436 0.076982 0.007217
0.149153 0.079682 0.006897
0.158155 0.079655 0.006502
0.163864 0.078858 0.007259
0.170233 0.078825 0.006707
0.177858 0.078385 0.006939
0.185000 0.079637 0.007959
0.192758 0.078854 0.007134
0.199134 0.080353 0.005481
0.208208 0.078289 0.006871
0.213523 0.079987 0.006619
0.221412 0.079425 0.006019
0.228059 0.078514 0.005354
0.235431 0.078248 0.007523
0.242127 0.079147 0.006831
0.248432 0.077828 0.006455
0.256447 0.079403 0.006338
0.261341 0.078948 0.007601
0.270146 0.078490 0.007779
0.277599 0.078794 0.005953
0.284144 0.078555 0.006722
0.291514 0.078569 0.006981
0.297224 0.078168 0.005984
0.305496 0.079415 0.006040
0.312433 0.079441 0.006309
0.321706 0.078824 0.005743
0.327465 0.079874 0.007318
0.333642 0.079819 0.005960
0.340715 0.078323 0.006860
0.348305 0.080702 0.006187
0.357398 0.078808 0.006197
0.361105 0.078823 0.007212
0.369110 0.080748 0.006718
0.383361 0.080107 0.007303
0.389974 0.079989 0.006748
0.397139 0.077931 0.006728
0.405525 0.077792 0.005597
0.411358 0.079031 0.006761
0.418296 0.077954 0.006560
0.087380 0.070002 0.006500
0.094675 0.070479 0.006514
0.100680 0.071514 0.006116
0.106842 0.071568 0.006761
0.113883 0.071615 0.007298
0.122317 0.070909 0.006165
0.130517 0.070549 0.007484
0.134891 0.071111 0.006215
0.141073 0.069335 0.006698
0.151237 0.071530 0.007613
0.156547 0.069417 0.006600
0.163252 0.072685 0.007064
0.169748 0.071708 0.007032
0.177658 0.071053 0.006897
0.186702 0.070429 0.007416
0.192945 0.069610 0.005972
0.198294 0.071267 0.006553
0.208412 0.070835 0.006814
0.213471 0.068860 0.006851
0.220831 0.071293 0.007678
0.229205 0.070422 0.006919
0.232047 0.069594 0.006674
0.243028 0.071088 0.007011
0.248378 0.072025 0.006939
0.257202 0.071471 0.007367
0.262445 0.071046 0.006607
0.269657 0.070638 0.006115
0.278957 0.070881 0.007360
0.283144 0.067545 0.008659
0.291323 0.070305 0.007337
0.298907 0.071429 0.006349
0.305346 0.069944 0.007196
0.312819 0.070169 0.007217
0.319758 0.071452 0.006385
0.326558 0.070697 0.007436
0.336291 0.072400 0.007462
0.340177 0.071677 0.007156
0.347714 0.069633 0.007109
0.357236 0.072665 0.006595
0.360014 0.070213 0.007008
0.368142 0.070748 0.007101
0.375383 0.070518 0.007097
0.382475 0.071053 0.006784
0.388273 0.071934 0.007106
0.397677 0.071949 0.007703
0.405066 0.071252 0.006478
0.411375 0.070490 0.006568
0.418929 0.069410 0.006245
0.085359 0.064204 0.007472
0.093409 0.061831 0.006583
0.101083 0.061727 0.006921
0.106555 0.062943 0.006573
0.115046 0.062932 0.006586
0.123181 0.061208 0.007024
0.128594 0.064088 0.005568
0.136572 0.063563 0.007749
0.141454 0.062892 0.006937
0.148103 0.062353 0.006847
0.155988 0.062161 0.006422
0.164189 0.061923 0.006768
0.172252 0.062928 0.006156
0.178320 0.063137 0.006672
0.186261 0.063291 0.007152
0.192187 0.060102 0.007093
0.200873 0.063921 0.006744
0.207319 0.061868 0.006960
0.214349 0.063736 0.007045
0.221136 0.061486 0.006014
0.228038 0.063328 0.005869
0.234506 0.062823 0.007084
0.242623 0.062535 0.006834
0.248427 0.063705 0.006439
0.256772 0.062068 0.007237
0.262381 0.063741 0.006944
0.271136 0.063619 0.007303
0.278006 0.061496 0.007262
0.282637 0.062956 0.007277
0.290189 0.060242 0.007427
0.298882 0.063403 0.006229
0.304971 0.063045 0.006192
0.312285 0.062751 0.006221
0.318641 0.063332 0.006057
0.326977 0.062108 0.007387
0.334453 0.061764 0.006779
0.341371 0.063411 0.006861
0.347089 0.062642 0.006338
0.355321 0.063550 0.006832
0.361686 0.063222 0.006289
0.368048 0.063839 0.007701
0.378197 0.062943 0.006855
0.384339 0.061999 0.007035
0.389563 0.062757 0.006067
0.397374 0.063250 0.007059
0.405284 0.062669 0.006076
0.410634 0.063328 0.006803
0.418190 0.063004 0.006136
0.084782 0.053416 0.007205
0.094104 0.055028 0.006176
0.100929 0.054430 0.006563
0.106098 0.054292 0.006841
0.114667 0.055022 0.006429
0.121307 0.055413 0.006326
0.127489 0.054468 0.006772
0.135867 0.053894 0.007220
0.142488 0.055692 0.006926
0.148336 0.055128 0.005827
0.158427 0.054135 0.006900
0.163338 0.054438 0.005463
0.170839 0.054929 0.006791
0.176793 0.053644 0.006374
0.185213 0.055482 0.007859
0.199335 0.054993 0.006629
0.207912 0.052889 0.007656
0.214105 0.054917 0.006819
0.220691 0.055526 0.006115
0.226409 0.055435 0.007286
0.236177 0.053588 0.006187
0.243135 0.053481 0.006745
0.248497 0.054679 0.005922
0.257748 0.055071 0.006972
0.261693 0.053138 0.006192
0.269068 0.052744 0.006984
0.276726 0.054047 0.006850
0.285481 0.053849 0.005462
0.291013 0.054703 0.006046
0.297412 0.055494 0.007210
0.306876 0.054563 0.006382
0.313574 0.053974 0.006173
0.320246 0.052921 0.007897
0.326461 0.054426 0.006688
0.333951 0.055299 0.007111
0.340658 0.053837 0.005994
0.347182 0.053228 0.005947
0.355296 0.054582 0.006934
0.361669 0.055995 0.006844
0.370004 0.055034 0.006609
0.376127 0.054498 0.006437
0.384230 0.054619 0.007136
0.390711 0.055014 0.007127
0.398489 0.053756 0.007034
0.411201 0.056360 0.006470
0.419317 0.053829 0.007163
0.086249 0.051047 0.001233
0.088808 0.051185 0.001436
0.091680 0.050952 0.001617
0.094146 0.051275 0.001444
0.158156 0.585703 0.005456
0.168063 0.583490 0.005666
0.178729 0.582605 0.006609
0.190381 0.581399 0.005907
0.203639 0.579406 0.007022
0.214226 0.576989 0.007293
0.225771 0.575601 0.005304
0.236813 0.571692 0.006452
0.247746 0.568810 0.007585
0.261084 0.563229 0.006263
0.143500 0.564324 0.006499
0.156132 0.560671 0.007341
0.166945 0.559537 0.007081
0.179807 0.556523 0.005055
0.190031 0.556349 0.007371
0.200952 0.554650 0.006512
0.222016 0.551372 0.006008
0.232605 0.549548 0.008604
0.241942 0.544995 0.006086
0.252469 0.540716 0.007401
0.263415 0.536715 0.006707
0.149786 0.536596 0.007388
0.157857 0.534957 0.006714
0.167792 0.531711 0.007141
0.176495 0.529972 0.005972
0.187663 0.528553 0.005289
0.198919 0.527644 0.007876
0.208370 0.527729 0.006011
0.219911 0.523723 0.006211
0.229381 0.522047 0.006225
0.240279 0.517243 0.005114
0.250785 0.513520 0.005179
0.262934 0.508874 0.007097
0.145476 0.510347 0.005918
0.157002 0.508036 0.006394
0.171080 0.504733 0.006006
0.181542 0.504119 0.005869
0.193368 0.503478 0.004952
0.204374 0.501026 0.006086
0.214078 0.500482 0.005992
0.227994 0.497447 0.006031
0.240135 0.493269 0.006194
0.249914 0.490089 0.005701
0.261869 0.486195 0.007188
0.272911 0.481587 0.004807
0.961984 0.120306 0.014008
0.956194 0.137929 0.014054
0.949899 0.157747 0.012047
0.947971 0.174366 0.012154
0.089402 0.428306 0.009190
0.088589 0.416798 0.008802
0.086328 0.405130 0.010224
0.081035 0.389678 0.010692
0.079177 0.379064 0.009987
0.076909 0.366582 0.009265
0.075597 0.351456 0.010463
0.077025 0.339562 0.009835
0.077837 0.327440 0.009956
0.081182 0.313993 0.008936
0.085023 0.302921 0.009304
0.089662 0.288177 0.010551
0.091740 0.277179 0.008812
0.092129 0.266082 0.010008
0.094206 0.252609 0.010941
0.093368 0.239997 0.009525
0.063642 0.433685 0.009493
0.062263 0.419823 0.009960
0.060589 0.404874 0.010967
0.055875 0.392845 0.009942
0.055893 0.380203 0.009136
0.051123 0.368132 0.009981
0.048483 0.356527 0.010760
0.047566 0.344602 0.009333
0.051564 0.330198 0.009928
0.056318 0.315380 0.010883
0.058734 0.305530 0.009775
0.063431 0.292303 0.008958
0.067179 0.278807 0.011220
0.071070 0.267131 0.010532
0.071680 0.254155 0.010271
0.068532 0.239612 0.008130
0.039325 0.429599 0.009246
0.038558 0.418161 0.010270
0.034596 0.402909 0.009107
0.031376 0.389554 0.010031
0.028774 0.377239 0.010121
0.024445 0.363206 0.009324
0.023346 0.354047 0.009750
0.026564 0.337975 0.010638
0.027886 0.326570 0.008943
0.028172 0.314311 0.009932
0.032751 0.302899 0.010114
0.037644 0.289595 0.009005
0.042968 0.275437 0.009968
0.043499 0.263308 0.009123
0.045421 0.253334 0.010156
0.041074 0.238404 0.010375
0.703459 0.544784 0.007553
0.716513 0.544950 0.008959
0.730247 0.544265 0.008531
0.757402 0.544927 0.007134
0.770351 0.545343 0.009089
0.784274 0.544416 0.007985
0.797210 0.544513 0.009403
0.832515 0.544870 0.008797
0.845680 0.545110 0.007358
0.859337 0.544831 0.007269
0.872629 0.545056 0.008146
0.886355 0.544254 0.008474
0.899314 0.544946 0.008398
