184.07 1187.02 21
230.12 1187.16 22
274.79 1186.46 22
320.38 1187.05 22
365.10 1186.72 21
411.92 1186.94 21
456.05 1184.99 21
500.65 1186.40 20
546.48 1188.25 21
592.80 1189.22 23
638.84 1186.70 21
684.11 1186.94 21
729.62 1186.20 20
772.64 1186.26 21
820.22 1189.04 22
864.57 1188.50 23
909.98 1188.96 22
957.19 1187.18 22
1002.95 1190.39 20
1046.38 1188.73 21
1090.03 1189.39 20
1138.55 1186.72 20
1182.08 1188.42 22
1227.57 1187.86 21
1273.06 1185.52 21
1318.83 1187.71 22
1363.60 1185.64 20
1411.63 1186.08 22
1458.66 1185.54 22
1502.72 1186.91 23
1545.03 1187.29 21
1591.11 1188.43 21
1636.78 1186.22 21
1727.06 1187.23 21
1773.60 1185.66 22
1818.63 1188.31 22
1864.65 1186.47 21
1909.87 1186.60 20
1956.51 1186.55 21
2001.50 1188.58 23
2046.90 1189.09 22
183.68 1102.29 22
229.39 1099.88 22
274.08 1104.57 22
318.87 1101.41 22
411.15 1100.87 21
455.30 1102.04 22
500.53 1101.76 22
592.00 1101.48 20
638.48 1102.34 22
683.05 1104.28 21
730.12 1103.20 23
773.36 1102.24 23
819.70 1101.79 20
865.88 1101.42 20
910.35 1101.38 21
955.29 1103.52 21
1002.91 1100.27 21
1047.78 1102.97 21
1092.59 1104.34 21
1135.26 1102.34 22
1183.81 1103.08 22
1227.63 1103.30 22
1273.39 1102.58 22
1317.91 1102.10 21
1364.17 1103.04 21
1410.88 1101.56 23
1456.07 1103.83 21
1500.36 1103.35 21
1544.17 1104.72 22
1591.25 1104.72 21
1638.78 1103.49 20
1680.48 1102.36 21
1728.21 1104.20 21
1773.78 1103.96 22
1819.63 1103.33 21
1862.32 1104.25 21
1909.27 1103.77 20
1954.81 1103.37 22
1999.80 1101.72 20
2047.22 1105.09 22
2092.59 1103.98 21
2137.43 1102.41 22
2182.81 1103.90 20
2227.84 1103.36 21
183.34 1053.25 4
198.69 1053.73 4
214.05 1053.80 4
229.63 1053.62 4
245.32 1053.85 4
260.65 1053.51 4
275.49 1054.03 4
291.41 1053.80 4
307.15 1053.49 4
322.32 1053.99 4
345.19 1054.06 4
360.43 1053.67 4
382.52 1053.68 4
397.89 1053.61 4
414.02 1053.49 4
429.10 1053.73 4
444.51 1053.92 4
459.97 1053.77 4
475.32 1053.45 4
491.03 1053.79 4
506.27 1053.09 3
521.65 1054.11 4
181.18 1017.24 22
230.52 1014.61 22
275.17 1016.82 22
319.45 1015.83 21
366.87 1019.10 23
408.41 1017.72 22
456.56 1017.08 22
501.38 1018.08 21
546.68 1017.09 21
591.73 1017.21 23
639.32 1018.67 22
683.04 1018.24 22
729.83 1020.25 22
774.64 1019.05 21
816.60 1017.76 23
865.31 1017.42 20
910.64 1018.93 21
955.55 1018.20 22
999.88 1019.37 20
1047.40 1019.12 20
1092.70 1019.53 19
1137.59 1020.06 22
1181.87 1018.97 21
1228.40 1016.84 22
1273.89 1020.63 20
1321.42 1020.50 20
1365.68 1021.03 21
1409.22 1018.98 22
1455.14 1019.36 21
1502.78 1021.15 23
1544.54 1019.03 21
1591.83 1020.15 22
1636.88 1020.52 22
1682.79 1020.26 22
1727.83 1021.77 22
1773.18 1018.01 22
1820.09 1019.62 20
1863.60 1021.49 21
1911.43 1021.28 22
2002.15 1018.86 21
2046.02 1019.38 21
2091.79 1019.12 20
2136.77 1016.84 23
2183.28 1018.28 22
2227.81 1017.92 21
183.00 933.22 20
227.41 932.72 22
275.23 933.57 22
320.20 933.34 20
365.81 933.04 23
411.89 932.40 21
455.87 933.20 21
501.83 934.59 21
545.51 934.30 21
593.12 935.64 22
636.73 935.28 22
680.52 934.57 21
727.81 935.42 22
772.72 935.91 21
818.90 934.90 20
866.12 934.52 22
910.33 937.30 21
955.80 936.56 22
1000.14 938.92 23
1044.83 936.24 21
1091.45 939.66 21
1138.32 936.71 22
1182.53 938.01 22
1228.41 938.64 23
1271.98 939.33 22
1317.18 940.01 22
1363.40 940.74 22
1408.46 942.73 21
1456.52 939.70 21
1499.79 940.12 22
1544.17 941.49 24
1591.38 942.95 22
1639.06 942.27 21
1682.16 938.81 22
1725.97 941.07 19
1772.26 938.57 22
1817.80 940.30 21
1863.38 940.77 22
1910.43 940.82 21
1955.01 938.78 22
2000.16 937.22 21
2044.98 937.56 20
2090.33 936.77 21
2137.06 936.86 20
2183.37 936.14 22
2226.29 937.52 21
182.35 849.97 19
228.12 849.25 20
274.66 851.07 19
319.89 849.02 23
365.15 849.37 21
411.76 850.58 19
454.05 849.93 23
500.59 850.56 21
549.77 850.61 23
591.81 849.19 21
637.39 852.84 21
684.90 851.74 22
730.05 853.24 21
774.65 853.59 22
820.52 854.38 22
866.63 853.71 22
910.71 856.69 22
956.32 856.49 21
998.79 859.16 21
1046.68 859.67 21
1092.13 858.85 20
1137.95 858.83 23
1182.88 861.72 21
1229.72 861.94 21
1273.24 867.93 22
1317.47 865.25 22
1364.42 864.60 21
1454.16 867.28 20
1499.00 867.08 20
1544.00 867.31 20
1588.17 866.73 21
1638.33 865.39 22
1680.94 866.46 21
1726.56 865.35 20
1773.18 865.25 22
1818.87 862.07 21
1866.57 862.29 22
1905.80 861.01 23
1953.70 862.34 21
2000.11 859.58 20
2045.55 857.39 22
2089.06 857.23 21
2137.02 854.60 21
2180.12 854.74 22
2225.73 852.66 23
183.26 766.94 22
228.32 768.51 22
274.67 766.95 22
320.53 766.13 22
363.47 768.96 23
409.97 768.13 22
455.92 768.59 22
501.65 767.65 22
546.95 769.81 21
591.14 772.79 22
636.45 772.44 21
684.23 773.95 22
727.03 774.65 23
773.58 775.96 21
818.43 777.20 21
863.29 778.40 22
909.44 780.46 21
954.82 781.45 21
999.37 783.62 22
1043.99 787.28 23
1090.96 787.63 22
1136.92 790.83 21
1181.10 790.53 20
1225.43 792.94 21
1272.59 797.71 20
1315.90 796.85 22
1362.31 797.99 21
1409.32 798.31 21
1454.40 801.47 21
1497.91 799.17 23
1542.47 801.10 22
1589.81 799.89 22
1636.08 799.82 23
184.24 686.70 21
230.59 686.71 21
273.64 688.29 22
319.91 688.46 22
364.31 693.58 21
410.47 690.54 22
455.63 692.05 22
500.97 695.34 20
546.33 696.18 21
589.97 697.08 21
635.51 698.43 22
682.91 700.22 22
728.99 702.55 23
773.75 704.71 22
817.57 708.04 21
862.20 709.62 21
908.93 714.68 22
953.86 716.55 21
999.28 719.79 21
1046.15 722.58 23
1089.81 724.85 22
1134.38 728.47 22
1180.65 729.35 21
1224.92 732.27 21
1314.73 736.08 21
1363.55 738.05 21
1406.22 738.80 21
1451.60 739.76 20
1496.31 739.94 21
1542.89 739.46 20
1587.94 736.54 22
1633.82 734.96 21
1678.24 731.53 20
1724.69 730.80 23
1770.34 726.21 22
1816.08 723.71 21
1862.25 721.26 21
1907.23 715.27 21
1952.78 712.51 21
1998.78 709.16 21
2044.77 704.03 22
2089.87 701.96 22
2136.19 699.18 23
2181.61 695.22 23
2227.32 691.20 21
183.84 608.38 21
228.51 611.78 21
271.30 613.09 21
318.43 615.65 21
364.62 619.37 23
411.66 620.16 22
453.44 622.10 20
500.47 625.68 21
545.10 626.88 22
588.60 629.46 20
636.72 632.49 22
680.72 637.33 21
727.16 640.41 21
771.14 642.11 22
815.83 645.52 20
863.79 649.29 22
907.38 653.74 21
951.91 655.47 22
997.07 661.11 22
1042.24 664.70 21
1088.99 669.27 22
1132.46 671.83 22
1180.18 674.12 22
181.31 538.23 22
227.19 540.01 21
272.49 543.90 22
318.96 547.40 21
364.32 548.85 22
409.34 551.61 21
453.07 556.45 22
500.30 560.31 23
545.99 563.59 20
591.63 566.86 22
635.95 570.30 22
679.67 575.92 22
723.64 579.26 22
767.78 586.12 23
816.46 588.54 22
862.93 591.88 20
904.65 596.51 21
950.85 600.00 21
998.87 605.00 22
1043.13 610.47 23
1085.23 612.60 21
1132.57 616.87 20
1178.04 618.14 20
1222.10 620.52 21
1268.38 621.98 22
1312.59 623.60 21
1357.39 624.01 22
1404.49 622.05 21
1450.79 621.22 21
1494.96 619.19 21
1540.29 614.71 21
1585.86 609.32 20
1631.92 603.80 21
1677.43 599.19 20
1722.46 591.53 20
1769.30 584.39 21
1813.19 579.79 22
1860.98 572.48 21
1904.75 566.49 23
1951.30 558.36 21
1999.65 553.97 22
2043.71 545.94 22
2090.11 538.46 23
2180.81 533.65 21
2226.81 528.27 21
184.13 461.48 22
227.98 464.93 21
273.92 466.71 21
318.70 472.70 21
364.21 477.10 21
407.34 479.31 22
453.71 486.66 22
497.89 490.96 23
544.64 494.32 21
589.38 498.92 22
635.76 502.87 21
679.47 507.74 24
724.43 511.43 21
772.19 517.32 22
814.40 522.33 20
859.29 526.51 22
905.07 531.05 22
949.84 535.48 22
996.00 539.60 22
1041.76 543.35 20
1087.01 545.86 20
1130.13 549.55 21
1177.69 551.80 20
1222.21 551.48 21
1267.42 551.95 21
1314.53 549.75 22
1357.62 549.12 22
1401.99 549.48 22
1446.97 543.92 21
1495.93 539.71 21
1541.56 534.90 21
1585.34 528.58 21
1632.63 521.91 20
1677.90 517.26 20
1723.10 507.73 23
1769.84 499.52 22
1812.70 494.16 22
1860.08 486.44 22
1907.88 477.73 21
1951.90 471.60 20
1997.45 465.03 23
2045.49 459.06 22
2090.05 456.65 22
2136.11 449.05 21
2181.27 446.54 22
2224.74 441.68 22
181.07 379.25 20
227.56 384.50 20
258.31 384.60 22
319.45 392.07 22
364.73 394.43 22
407.63 398.75 21
454.45 402.62 22
499.46 408.39 22
545.37 410.76 21
591.59 414.52 22
635.52 420.22 22
679.77 424.67 21
725.16 427.05 21
769.74 432.04 22
815.10 436.81 21
861.48 440.94 21
907.48 442.95 23
950.81 448.53 23
995.25 452.04 23
1040.20 452.26 22
1084.42 457.61 21
1131.04 454.93 22
1175.86 458.09 23
1221.99 457.57 20
1268.19 458.41 23
1310.99 453.90 21
1358.61 452.20 22
1405.45 449.21 21
1448.49 442.78 22
1495.93 437.24 22
1542.95 434.74 22
1588.21 430.56 23
1631.80 422.73 21
1678.89 413.98 22
1723.75 405.88 21
1772.86 401.09 21
1815.14 392.34 22
1862.17 388.96 21
1906.30 383.36 22
1952.23 376.33 23
1998.26 373.01 22
2046.14 366.26 21
2089.45 364.93 21
2133.89 359.53 22
2181.59 356.84 21
2225.84 355.18 22
181.71 287.13 21
228.42 290.45 22
276.05 294.68 21
317.29 297.62 22
364.30 300.17 23
409.00 303.68 22
453.39 305.10 21
497.48 309.16 21
545.38 312.29 23
590.60 316.25 22
635.07 319.57 21
680.83 323.20 24
726.22 324.96 22
771.38 328.23 20
814.73 329.66 22
862.49 335.52 20
911.00 333.80 22
951.21 338.13 21
998.58 336.87 21
1041.80 340.46 21
1087.21 340.07 21
1133.57 343.84 20
1178.26 344.75 22
1223.74 342.41 23
1269.63 339.16 22
1314.67 338.22 22
1361.39 332.79 21
1407.95 331.02 21
1450.82 328.19 21
1498.60 323.08 23
1545.12 320.46 21
1588.58 312.33 21
1633.95 309.25 22
1680.96 302.07 21
1724.54 299.97 22
1774.27 294.70 22
1817.31 291.39 24
1863.53 287.11 20
1909.45 283.32 22
183.51 191.78 21
227.66 195.47 21
274.47 194.71 21
318.31 197.67 23
362.93 197.34 21
409.82 199.33 21
455.19 204.01 21
500.39 205.50 22
546.25 204.82 22
589.76 207.63 21
635.25 208.22 22
682.39 208.31 21
726.33 214.49 21
771.52 214.93 20
817.29 216.75 22
863.11 215.19 21
908.65 219.25 22
954.62 217.89 22
999.72 221.39 20
1044.47 220.71 20
1090.26 219.38 23
1135.85 218.75 23
1180.39 220.19 22
1225.85 221.26 21
1270.74 219.79 22
1314.58 215.01 20
1361.69 212.34 21
1407.52 210.69 22
1452.79 212.40 21
1500.93 205.36 21
1545.32 203.82 25
1589.80 203.22 21
1635.85 198.64 22
1682.04 197.67 21
1725.76 193.51 21
1773.89 190.39 22
1816.58 190.84 20
1864.00 186.80 22
1909.77 184.47 20
1956.09 183.74 22
1998.61 181.17 23
2044.57 178.61 21
2092.76 181.31 20
2136.63 179.61 22
2182.73 176.10 21
2227.25 176.30 21
182.57 96.13 21
227.21 97.55 20
274.71 98.61 22
320.31 99.71 21
364.98 101.80 24
410.53 99.85 21
453.22 101.63 21
501.44 101.73 22
544.99 102.00 21
593.12 105.12 22
635.24 105.30 23
681.50 106.93 21
728.77 103.68 21
774.31 108.77 21
864.98 108.47 22
908.31 108.76 21
956.15 106.18 21
1000.40 109.66 21
1047.41 109.08 22
1089.70 107.01 21
1137.95 109.44 21
1182.23 110.04 22
1227.98 107.23 22
1272.49 109.14 20
1319.95 104.96 21
1362.53 105.44 22
1407.89 104.02 22
1454.25 101.48 22
1502.66 100.79 23
1545.90 101.68 20
1589.72 101.35 22
1636.26 96.74 21
1681.86 97.64 21
1725.79 93.36 21
1771.47 97.46 23
1818.23 95.21 21
1864.16 92.93 21
1907.96 92.58 21
1954.45 92.96 22
2000.31 92.69 20
2045.95 91.29 21
2090.90 91.08 21
2135.63 90.06 20
2182.97 85.92 21
2228.42 89.52 22
183.71 8.08 21
230.69 6.23 22
275.22 5.81 22
319.31 6.85 21
363.90 7.61 22
411.34 8.19 21
455.46 9.62 21
498.72 7.57 22
545.32 9.40 23
592.55 8.72 21
637.32 8.73 21
686.28 10.46 22
726.63 7.62 22
771.94 10.99 22
819.92 9.51 21
863.39 9.91 21
911.03 9.66 21
955.51 7.47 22
1000.20 10.88 23
1044.78 11.31 21
1093.46 10.23 22
1136.34 7.98 22
1181.65 11.10 22
1229.58 8.97 23
45.31 1367.65 9
63.32 1369.74 7
80.91 1370.82 7
97.87 1370.59 7
117.31 1371.89 8
134.56 1371.03 8
151.39 1369.52 8
169.27 1369.98 8
186.48 1370.25 8
207.21 1369.71 7
223.25 1368.22 8
241.76 1365.73 8
46.33 1342.72 8
61.61 1343.04 7
80.13 1342.32 8
98.37 1344.61 6
115.15 1345.40 6
133.81 1344.38 8
150.94 1344.66 6
169.58 1344.68 8
187.09 1344.02 8
207.50 1341.49 7
2091.84 1358.95 19
2114.95 1350.28 14
2136.19 1348.23 10
2155.45 1339.57 16
2183.44 1331.85 17
2201.09 1329.28 13
2224.25 1318.81 16
2247.48 1314.60 17
2269.37 1312.99 19
2290.41 1303.72 15
2090.93 1323.39 11
2110.51 1314.88 17
2130.75 1311.94 15
2157.91 1303.47 21
2179.97 1299.17 17
2201.08 1286.44 21
2217.89 1290.37 14
2246.39 1286.47 14
2268.60 1270.77 20
2289.20 1270.33 16
1140.93 1391.04 18
1186.00 1392.43 19
1237.48 1392.85 19
1290.87 1390.09 18
1337.25 1395.18 19
1384.15 1395.33 19
1436.00 1394.28 19
1486.77 1395.10 19
1536.81 1392.77 18
1583.91 1393.59 19
1635.27 1393.75 19
1689.20 1393.40 18
1735.82 1392.80 19
1786.76 1394.30 19
1832.53 1393.54 19
1880.95 1394.61 18
1931.06 1396.67 18
1979.44 1391.13 19
1136.12 1330.54 18
1187.73 1329.38 19
1239.15 1335.54 19
1287.40 1333.26 18
1337.82 1338.54 19
1388.91 1333.26 18
1438.82 1339.06 18
1487.71 1340.66 19
1534.62 1339.21 18
1586.28 1336.06 19
1634.19 1339.31 18
1678.44 1338.28 19
1736.00 1340.41 18
1783.49 1335.77 19
1829.44 1333.33 18
1881.13 1335.67 19
1935.09 1340.44 19
1978.56 1329.84 19
1142.08 1266.19 18
1186.21 1262.86 19
1235.18 1268.09 18
1286.58 1264.89 18
1335.83 1267.16 19
1385.58 1263.66 18
1438.10 1262.98 18
1486.28 1263.74 18
1537.17 1266.54 19
1587.83 1264.10 18
1631.06 1265.90 19
1680.63 1265.64 19
1734.02 1262.72 18
1780.05 1262.68 19
1833.49 1262.90 18
1881.01 1263.48 19
1933.81 1262.10 19
1984.73 1267.28 19
459.17 1335.49 8
480.87 1334.65 9
504.55 1332.40 9
525.45 1331.01 8
547.93 1329.65 9
570.80 1326.95 9
592.72 1326.47 8
647.52 1323.81 8
668.89 1321.66 8
691.03 1318.86 9
712.19 1318.65 9
734.71 1317.99 8
756.83 1314.97 9
779.48 1316.32 8
