0.157932 0.089815 0.010392
0.164130 0.099629 0.010018
0.169956 0.108842 0.010121
0.173835 0.121493 0.010432
0.182719 0.129423 0.010276
0.188171 0.142794 0.010313
0.193763 0.152699 0.010057
0.199748 0.161220 0.010289
0.206606 0.171487 0.010259
0.213187 0.181051 0.010266
0.219459 0.189840 0.010577
0.224984 0.201719 0.010449
0.232476 0.212582 0.010057
0.239458 0.221526 0.010408
0.246570 0.232452 0.010170
0.254241 0.239965 0.010401
0.261611 0.250089 0.010373
0.269457 0.259570 0.010304
0.276323 0.268708 0.010149
0.283753 0.276417 0.010300
0.292013 0.287445 0.010449
0.298561 0.293719 0.010390
0.307287 0.305823 0.010347
0.315409 0.313779 0.010339
0.322499 0.322423 0.010282
0.332904 0.331593 0.010809
0.339110 0.338906 0.010259
0.348119 0.347287 0.009937
0.355826 0.358307 0.010112
0.363931 0.366869 0.010286
0.371737 0.373663 0.010414
0.380156 0.383988 0.010493
0.389421 0.390906 0.010060
0.398026 0.398857 0.010461
0.405405 0.409583 0.010016
0.413708 0.417798 0.010412
0.423693 0.425957 0.010388
0.430759 0.434263 0.010293
0.439440 0.444143 0.010115
0.447116 0.449911 0.009847
0.167764 0.081590 0.010367
0.175555 0.091405 0.010223
0.181970 0.100966 0.010095
0.185992 0.111777 0.010435
0.191449 0.121972 0.010284
0.198368 0.131808 0.010382
0.204077 0.141355 0.010467
0.212009 0.151216 0.010318
0.217299 0.162615 0.010431
0.224533 0.172112 0.010470
0.231206 0.183118 0.010286
0.236563 0.191559 0.010163
0.244103 0.202638 0.010175
0.251591 0.210993 0.010112
0.260564 0.221831 0.010309
0.266185 0.231866 0.010482
0.272475 0.241013 0.010268
0.280378 0.249979 0.010425
0.287158 0.260467 0.010489
0.294042 0.267261 0.010218
0.302601 0.276063 0.010440
0.311376 0.286844 0.010245
0.317929 0.297194 0.010378
0.325973 0.303829 0.010519
0.332462 0.311730 0.010265
0.341555 0.321065 0.010214
0.350073 0.329994 0.010269
0.359590 0.339315 0.010009
0.366908 0.347605 0.010429
0.376249 0.355994 0.010648
0.383690 0.365205 0.010284
0.391283 0.373921 0.010466
0.400333 0.384368 0.010383
0.409281 0.391419 0.010031
0.416995 0.399695 0.009953
0.425307 0.408133 0.010483
0.431134 0.416049 0.010574
0.441604 0.424371 0.010293
0.448941 0.433963 0.010353
0.457395 0.441503 0.010439
0.466294 0.451427 0.010682
0.474804 0.460111 0.010141
0.179337 0.073719 0.010268
0.185981 0.082243 0.010315
0.190250 0.091739 0.010574
0.198379 0.103865 0.010069
0.203821 0.114938 0.010418
0.209723 0.124172 0.010598
0.216175 0.134163 0.010145
0.223073 0.144390 0.010337
0.229248 0.153938 0.010234
0.234998 0.165014 0.010063
0.240104 0.173370 0.010030
0.249653 0.182734 0.010218
0.255943 0.193542 0.010447
0.261666 0.203066 0.010282
0.270813 0.214541 0.010350
0.275507 0.221139 0.010234
0.284086 0.231411 0.010437
0.290719 0.241608 0.010417
0.298559 0.251642 0.010598
0.306697 0.259538 0.010041
0.313619 0.268975 0.010544
0.320479 0.276522 0.010413
0.327973 0.288536 0.009972
0.336314 0.296953 0.010237
0.345098 0.304123 0.010192
0.352243 0.313598 0.010502
0.361220 0.322620 0.010308
0.368348 0.331011 0.010336
0.378250 0.340168 0.010351
0.386116 0.349129 0.010246
0.394626 0.358426 0.010423
0.403442 0.365844 0.010278
0.410520 0.374207 0.009820
0.418924 0.384034 0.010477
0.426920 0.392388 0.010386
0.436646 0.401204 0.010509
0.442878 0.407822 0.010139
0.451615 0.417916 0.010315
0.459515 0.424765 0.010384
0.470553 0.436974 0.010524
0.476935 0.444158 0.010437
0.484339 0.451815 0.010503
0.492007 0.463447 0.010241
0.191111 0.061975 0.010495
0.196321 0.074165 0.010648
0.203902 0.084706 0.010417
0.217685 0.106680 0.010527
0.221046 0.116823 0.010232
0.227236 0.126743 0.010342
0.233133 0.135919 0.010281
0.239553 0.148040 0.010312
0.246428 0.157624 0.010499
0.253806 0.167286 0.010497
0.259978 0.176753 0.010188
0.266231 0.186352 0.010142
0.272129 0.196288 0.010519
0.281004 0.204830 0.010385
0.284932 0.215558 0.010518
0.294616 0.225328 0.010198
0.301184 0.233948 0.010749
0.307420 0.244921 0.010498
0.316267 0.252205 0.010409
0.323669 0.262847 0.010272
0.330628 0.271212 0.010426
0.339710 0.280691 0.009989
0.347958 0.289103 0.010281
0.355668 0.299145 0.010061
0.361728 0.307788 0.010484
0.370755 0.315187 0.010584
0.379209 0.323533 0.010254
0.388599 0.334595 0.010209
0.396023 0.342303 0.010265
0.404494 0.352148 0.010416
0.411805 0.359492 0.010323
0.422065 0.368811 0.010492
0.426791 0.376815 0.010326
0.437144 0.385577 0.010014
0.446572 0.393682 0.010548
0.454467 0.401870 0.010086
0.471106 0.419467 0.010647
0.478680 0.427994 0.010370
0.487433 0.436264 0.010158
0.497071 0.445125 0.010547
0.503455 0.454907 0.010260
0.509943 0.463977 0.010663
0.202822 0.058209 0.010476
0.211050 0.068767 0.010158
0.213986 0.079488 0.010264
0.220196 0.088105 0.010090
0.226740 0.098272 0.010463
0.234007 0.108650 0.010006
0.241127 0.118534 0.010072
0.244566 0.129709 0.010332
0.252207 0.140762 0.010458
0.257970 0.150415 0.010132
0.262922 0.159330 0.010337
0.270272 0.171146 0.010414
0.277341 0.179059 0.010445
0.283539 0.190518 0.010387
0.287491 0.199574 0.010183
0.296165 0.209478 0.010384
0.304067 0.218836 0.010449
0.311205 0.229385 0.010301
0.317996 0.238988 0.010168
0.324275 0.247825 0.010257
0.333901 0.256306 0.010151
0.339879 0.267067 0.010297
0.348042 0.276029 0.010021
0.356572 0.285407 0.010422
0.363435 0.295083 0.010384
0.372941 0.303487 0.010303
0.380040 0.312023 0.010124
0.387759 0.319535 0.010232
0.396272 0.327283 0.010222
0.406049 0.338635 0.010763
0.413778 0.345508 0.010018
0.421960 0.353704 0.010537
0.430505 0.360503 0.010535
0.440271 0.370386 0.010377
0.449606 0.378971 0.010350
0.456157 0.386506 0.010375
0.466786 0.394993 0.010387
0.476140 0.402464 0.010201
0.483892 0.412639 0.010163
0.492546 0.419405 0.010385
0.500603 0.428739 0.010113
0.509086 0.439313 0.010464
0.517180 0.447497 0.010329
0.216089 0.048938 0.010167
0.221645 0.058994 0.010495
0.227713 0.070343 0.010332
0.234315 0.080882 0.010149
0.239602 0.089481 0.010324
0.245593 0.100708 0.010286
0.251137 0.112898 0.010337
0.258696 0.120548 0.010376
0.263540 0.132722 0.009995
0.270945 0.142538 0.010260
0.276085 0.152538 0.009943
0.282737 0.161832 0.010223
0.289679 0.172659 0.010031
0.295357 0.183600 0.010282
0.303616 0.192622 0.010289
0.309964 0.203603 0.010194
0.316250 0.211895 0.010553
0.323114 0.223766 0.010248
0.331748 0.233182 0.010560
0.334600 0.241286 0.010404
0.345012 0.251503 0.010355
0.351975 0.258861 0.010128
0.359384 0.268160 0.010567
0.368460 0.277709 0.010044
0.376253 0.286761 0.010144
0.385988 0.293396 0.010152
0.393725 0.304610 0.010217
0.401273 0.312467 0.010554
0.407405 0.321417 0.010337
0.420306 0.329876 0.010021
0.428384 0.336856 0.010286
0.436008 0.345462 0.010393
0.446648 0.352754 0.010460
0.455004 0.362177 0.010592
0.460904 0.368483 0.010283
0.472318 0.376892 0.010682
0.478091 0.386277 0.010270
0.486357 0.394038 0.010297
0.497338 0.403421 0.010310
0.506377 0.412023 0.010308
0.406844 0.305218 0.004795
0.415745 0.313816 0.004740
0.425523 0.322740 0.004757
0.434768 0.331746 0.004566
0.444761 0.341571 0.004715
0.453999 0.350390 0.004720
0.227795 0.042490 0.010500
0.234664 0.051722 0.010280
0.238893 0.063593 0.010340
0.241549 0.034333 0.010376
0.246826 0.045961 0.010313
0.250561 0.053619 0.010418
0.257249 0.064446 0.010405
0.263233 0.075758 0.010312
0.269619 0.084346 0.010414
0.275335 0.095450 0.010595
0.283124 0.107001 0.010086
0.295672 0.127239 0.010117
0.303171 0.134921 0.010186
0.309224 0.146216 0.010470
0.313871 0.155971 0.010203
0.322679 0.166062 0.010429
0.330202 0.175350 0.010616
0.335388 0.184764 0.010357
0.343489 0.192333 0.010309
0.350644 0.205076 0.010936
0.357608 0.212142 0.010108
0.366146 0.222015 0.010325
0.373058 0.229429 0.010249
0.380531 0.239151 0.009934
0.388775 0.249627 0.010524
0.397227 0.257309 0.010355
0.404658 0.266134 0.010202
0.412081 0.276322 0.010114
0.420422 0.283127 0.010308
0.429530 0.291877 0.010163
0.439039 0.300913 0.010554
0.446714 0.309300 0.010036
0.455147 0.318926 0.010117
0.463486 0.328043 0.010232
0.472698 0.333697 0.010368
0.478691 0.342444 0.010194
0.490307 0.352392 0.010651
0.496257 0.359806 0.010420
0.504306 0.370880 0.010220
0.512438 0.377643 0.010141
0.522080 0.388373 0.010082
0.529223 0.395251 0.010043
0.538309 0.404191 0.010419
0.544106 0.413909 0.010300
0.554305 0.423740 0.010692
0.250338 0.023743 0.010194
0.257240 0.033650 0.010087
0.263421 0.043866 0.010133
0.269767 0.057378 0.010207
0.275064 0.066964 0.010387
0.283174 0.077328 0.010080
0.288020 0.086724 0.010456
0.293593 0.096632 0.010189
0.300370 0.108536 0.010257
0.305421 0.116111 0.010497
0.313138 0.126723 0.010143
0.320124 0.136266 0.010078
0.326300 0.145893 0.010526
0.334228 0.156054 0.010368
0.339312 0.166519 0.010476
0.345701 0.176249 0.010390
0.355733 0.185932 0.010467
0.363319 0.194772 0.010591
0.368455 0.205569 0.010182
0.376940 0.213074 0.010067
0.385225 0.220892 0.010304
0.393146 0.230302 0.010377
0.399344 0.238694 0.009971
0.409324 0.248583 0.010430
0.417766 0.257988 0.010562
0.425475 0.267487 0.010482
0.432452 0.275824 0.010255
0.441499 0.283589 0.010224
0.448966 0.290869 0.010193
0.458004 0.301161 0.010441
0.467258 0.309008 0.010315
0.474392 0.319118 0.010121
0.483421 0.326403 0.010372
0.493441 0.336250 0.010384
0.498965 0.342227 0.009815
0.508012 0.351906 0.010055
0.516618 0.363360 0.010281
0.524906 0.369323 0.010557
0.531017 0.379127 0.010233
0.542125 0.387887 0.010343
0.549938 0.396941 0.010329
0.556339 0.405080 0.010283
0.404636 0.166034 0.006159
0.415320 0.167538 0.005243
0.425095 0.168989 0.005253
0.433287 0.168627 0.005960
0.443329 0.169535 0.005018
0.453111 0.172045 0.005214
0.462291 0.172207 0.005430
0.472224 0.172906 0.005693
0.481302 0.174642 0.006132
0.491501 0.174961 0.006576
0.501733 0.177239 0.006021
0.508390 0.176295 0.006270
0.519117 0.178900 0.005631
0.528970 0.179867 0.005706
0.538370 0.179394 0.006569
0.547523 0.182089 0.005533
0.557274 0.182509 0.005770
0.566923 0.182790 0.006285
0.577324 0.185122 0.005915
0.585893 0.186219 0.005948
0.595181 0.185414 0.006239
0.605258 0.188729 0.005657
0.614102 0.189114 0.006048
0.624234 0.189600 0.004647
0.632986 0.190968 0.005081
0.642769 0.190368 0.005221
0.652816 0.193905 0.005320
0.661450 0.194736 0.006813
0.671447 0.195971 0.005728
0.681263 0.195536 0.005986
0.689735 0.196428 0.005356
0.699074 0.198166 0.005397
0.710014 0.198948 0.005048
0.718692 0.201233 0.006335
0.728149 0.200935 0.006610
0.737896 0.202499 0.006217
0.747242 0.204043 0.005719
0.757341 0.204006 0.005028
0.765919 0.205397 0.006930
0.775116 0.206756 0.005724
0.785546 0.207124 0.005184
0.794705 0.208371 0.006659
0.804493 0.209848 0.005752
0.813013 0.211186 0.005512
0.821271 0.211841 0.005668
0.833424 0.211528 0.006175
0.842366 0.212799 0.005483
0.853325 0.215288 0.005923
0.860298 0.215557 0.005575
0.402261 0.154514 0.005705
0.412404 0.156567 0.005235
0.422064 0.156397 0.005931
0.430815 0.158331 0.006271
0.439412 0.158755 0.006048
0.451084 0.160691 0.005867
0.460196 0.161231 0.006102
0.468819 0.162516 0.006672
0.478783 0.163150 0.005568
0.488296 0.163667 0.006334
0.498251 0.165200 0.005618
0.507797 0.166163 0.006412
0.517311 0.167953 0.005368
0.526431 0.167944 0.005844
0.535950 0.169330 0.005881
0.545929 0.169930 0.005729
0.555597 0.171851 0.005905
0.564963 0.173147 0.005636
0.575479 0.174059 0.005391
0.583680 0.174729 0.005463
0.593554 0.177056 0.005648
0.602205 0.176469 0.005093
0.611806 0.178506 0.005850
0.621799 0.178556 0.005952
0.631216 0.180788 0.005930
0.640728 0.180967 0.005648
0.651389 0.181855 0.006310
0.658833 0.183759 0.005892
0.669068 0.185143 0.005576
0.678564 0.185354 0.006340
0.688476 0.186945 0.006176
0.697850 0.187363 0.005455
0.715779 0.188674 0.005604
0.726289 0.191094 0.005334
0.735164 0.189904 0.005267
0.745968 0.191597 0.006119
0.755433 0.193593 0.004903
0.764851 0.193551 0.006048
0.773759 0.194400 0.005475
0.783330 0.195768 0.005732
0.792231 0.197973 0.005905
0.802403 0.198498 0.005468
0.811446 0.200277 0.006357
0.820085 0.201241 0.005415
0.830805 0.201857 0.006157
0.840310 0.202107 0.005343
0.849107 0.203384 0.005693
0.858759 0.204374 0.005386
0.869262 0.205771 0.006013
0.877991 0.205527 0.005690
0.399728 0.144525 0.005398
0.409933 0.144000 0.005922
0.419766 0.145487 0.005485
0.429297 0.145924 0.005461
0.438717 0.148654 0.005613
0.448229 0.150134 0.005906
0.458991 0.150440 0.004503
0.466713 0.151650 0.005841
0.476396 0.152369 0.006646
0.485788 0.153763 0.005755
0.496915 0.154945 0.005923
0.504577 0.156351 0.006536
0.515016 0.157571 0.005330
0.525316 0.158201 0.005377
0.534132 0.159424 0.005943
0.542784 0.159443 0.005566
0.552445 0.161319 0.005949
0.562051 0.163320 0.006085
0.570594 0.163868 0.005132
0.581510 0.163938 0.005321
0.590368 0.166014 0.005421
0.600455 0.165785 0.005156
0.611397 0.168373 0.005135
0.619677 0.168826 0.005552
0.628811 0.169862 0.005180
0.638476 0.170399 0.005499
0.647873 0.171384 0.005190
0.657420 0.172380 0.005338
0.666980 0.173037 0.006301
0.675946 0.174279 0.005949
0.685553 0.175272 0.005275
0.695617 0.176875 0.006142
0.704516 0.177905 0.005778
0.715301 0.178581 0.006716
0.723731 0.180720 0.006006
0.734161 0.181601 0.005823
0.744164 0.181486 0.006107
0.751916 0.181781 0.005329
0.762738 0.184102 0.005944
0.772097 0.183587 0.006294
0.780305 0.185583 0.004940
0.791179 0.186560 0.006028
0.801500 0.187083 0.006015
0.810748 0.188858 0.006164
0.819903 0.189633 0.005081
0.827895 0.190305 0.005141
0.838291 0.191335 0.006484
0.848000 0.194383 0.005987
0.856624 0.193948 0.005975
0.398797 0.132911 0.005671
0.407131 0.133509 0.005653
0.418351 0.135749 0.005756
0.426994 0.136795 0.005162
0.436267 0.137880 0.005726
0.445772 0.138999 0.005283
0.454904 0.140092 0.005385
0.464645 0.140085 0.006211
0.474998 0.141819 0.005859
0.484082 0.143613 0.005796
0.494305 0.143646 0.005817
0.504657 0.145542 0.005723
0.512364 0.146956 0.006015
0.519799 0.146745 0.006532
0.530590 0.148509 0.005868
0.541004 0.150031 0.005975
0.551173 0.151226 0.005805
0.560258 0.152118 0.005379
0.396173 0.122165 0.005571
0.406831 0.123647 0.006144
0.415900 0.125121 0.005438
0.425055 0.126390 0.006448
0.434947 0.127105 0.006074
0.443416 0.128322 0.005419
0.453447 0.129557 0.005374
0.462848 0.131963 0.005310
0.474057 0.131545 0.006313
0.482287 0.133761 0.005914
0.492473 0.133987 0.005525
0.501325 0.135150 0.006583
0.510650 0.136991 0.005819
0.518534 0.136846 0.006733
0.530497 0.140109 0.005260
0.539479 0.140618 0.005241
0.549728 0.142030 0.005123
0.557846 0.143548 0.006320
0.567547 0.143659 0.005993
0.577553 0.145551 0.005332
0.587499 0.147674 0.005165
0.595701 0.147895 0.004960
0.606301 0.148657 0.006007
0.615974 0.149007 0.006120
0.625004 0.150282 0.005717
0.634452 0.152099 0.005521
0.643406 0.152442 0.005006
0.653132 0.154282 0.006521
0.662775 0.154305 0.005711
0.671925 0.156269 0.005615
0.681638 0.156883 0.005929
0.690332 0.156482 0.005917
0.700895 0.157241 0.005538
0.709854 0.158850 0.005380
0.719782 0.159529 0.005721
0.729183 0.160561 0.005864
0.738819 0.161015 0.005851
0.747404 0.161079 0.005761
0.757233 0.162989 0.005958
0.766833 0.163635 0.005238
0.776722 0.164419 0.005021
0.787219 0.165026 0.005645
0.794660 0.166005 0.005880
0.804889 0.167011 0.005312
0.814035 0.167193 0.005527
0.823689 0.169715 0.005195
0.833984 0.169574 0.005636
0.842314 0.169932 0.005586
0.853129 0.170737 0.005829
0.862009 0.171520 0.005558
0.434121 0.131263 0.003023
0.443855 0.132802 0.002930
0.453624 0.134177 0.002651
0.463062 0.135223 0.002876
0.471515 0.136020 0.002911
0.481868 0.137352 0.002788
0.509394 0.141045 0.002723
0.518455 0.142048 0.002685
0.528110 0.143157 0.002886
0.537403 0.144033 0.002543
0.547487 0.145490 0.002594
0.556908 0.147298 0.002711
0.565163 0.147525 0.002820
0.575708 0.149020 0.002570
0.602790 0.151903 0.002816
0.612209 0.153019 0.002471
0.621689 0.153950 0.002736
0.632038 0.155773 0.002878
0.640907 0.156137 0.002194
0.650358 0.157093 0.002567
0.659775 0.157961 0.002551
0.655292 0.150691 0.000565
0.668442 0.152125 0.000527
0.681523 0.153256 0.000605
0.694623 0.154410 0.000550
0.707747 0.155499 0.000602
0.733922 0.157661 0.000600
0.747063 0.158726 0.000618
0.760168 0.159913 0.000600
0.773463 0.160987 0.000548
0.393756 0.111283 0.005779
0.405568 0.112447 0.005452
0.413345 0.114045 0.006194
0.422481 0.115197 0.004965
0.433923 0.115959 0.005656
0.441278 0.117198 0.005809
0.451002 0.118062 0.005717
0.461329 0.119557 0.005378
0.471336 0.121173 0.005170
0.481397 0.123472 0.006675
0.489792 0.122824 0.005007
0.497441 0.124751 0.005599
0.508845 0.127426 0.006041
0.529642 0.129133 0.005612
0.536501 0.131537 0.006179
0.546414 0.131822 0.005882
0.555989 0.133763 0.006292
0.565789 0.135739 0.005872
0.574678 0.135723 0.005902
0.584342 0.136922 0.005272
0.594151 0.138120 0.005018
0.604243 0.140073 0.005760
0.613817 0.140852 0.005528
0.621329 0.140694 0.005524
0.631544 0.143290 0.006316
0.641891 0.144461 0.005305
0.650089 0.143828 0.005952
0.661113 0.146177 0.005644
0.670114 0.146448 0.006261
0.679929 0.146702 0.005147
0.688701 0.148487 0.005258
0.698031 0.149081 0.005378
0.709203 0.150971 0.005513
0.716939 0.150092 0.006168
0.727073 0.150488 0.006466
0.736523 0.151528 0.005859
0.746898 0.152710 0.005969
0.755799 0.153599 0.005676
0.764673 0.154573 0.005575
0.774531 0.154384 0.005886
0.785079 0.155253 0.005733
0.794272 0.155602 0.005947
0.802829 0.156655 0.005139
0.811475 0.158031 0.005999
0.822257 0.157816 0.005307
0.832890 0.159952 0.006137
0.840458 0.160071 0.005870
0.851290 0.160696 0.005865
0.861512 0.162359 0.005673
0.870177 0.163881 0.005769
0.392468 0.100383 0.006210
0.401240 0.101368 0.005863
0.411204 0.101430 0.005874
0.420279 0.103431 0.004809
0.429521 0.104610 0.005422
0.438319 0.106647 0.006853
0.449569 0.108561 0.005196
0.459850 0.108243 0.006366
0.468512 0.110410 0.006234
0.479296 0.111844 0.005742
0.488267 0.114193 0.005897
0.496411 0.116099 0.005502
0.505766 0.116944 0.006892
0.515901 0.118914 0.005873
0.524713 0.119391 0.005590
0.535602 0.120670 0.006054
0.544406 0.122649 0.006607
0.553232 0.122770 0.005830
0.562528 0.124069 0.006452
0.573480 0.127034 0.005416
0.581275 0.127117 0.005508
0.590933 0.128658 0.006068
0.600430 0.130511 0.006215
0.610017 0.131041 0.005620
0.619744 0.132553 0.005901
0.390972 0.091134 0.005202
0.399025 0.090715 0.005988
0.408808 0.091704 0.005444
0.419194 0.092913 0.005691
0.428456 0.094305 0.004899
0.438129 0.095582 0.005485
0.447427 0.097131 0.004711
0.457535 0.097615 0.006845
0.466948 0.099394 0.005544
0.476465 0.102453 0.006167
0.486897 0.104099 0.005419
0.495580 0.103366 0.006030
0.504083 0.106157 0.005192
0.513420 0.108125 0.006131
0.523864 0.110789 0.006113
0.532864 0.110713 0.005611
0.541665 0.111362 0.005483
0.552281 0.113534 0.005976
0.562283 0.116263 0.005985
0.570744 0.115827 0.005796
0.580443 0.116283 0.005149
0.590614 0.118716 0.006195
0.599682 0.120965 0.005778
0.609422 0.122548 0.005495
0.617330 0.123673 0.006527
0.627186 0.123360 0.005658
0.636656 0.124464 0.005297
0.647957 0.126730 0.005918
0.655056 0.126428 0.005935
0.665465 0.127626 0.004944
0.674472 0.127417 0.005785
0.685552 0.129678 0.005836
0.694153 0.129510 0.006901
0.703059 0.132779 0.005609
0.713460 0.131463 0.006055
0.722898 0.133472 0.005170
0.732191 0.134828 0.005599
0.741856 0.133007 0.004848
0.750554 0.133753 0.005763
0.761877 0.135823 0.006129
0.769542 0.134725 0.005086
0.779795 0.136201 0.004802
0.789555 0.136024 0.005315
0.799796 0.137305 0.005367
0.808717 0.136914 0.005663
0.818385 0.139662 0.006138
0.827851 0.137819 0.006108
0.838152 0.139533 0.005193
0.845810 0.139462 0.005160
0.387971 0.078169 0.004844
0.398348 0.079368 0.005524
0.408689 0.080865 0.006104
0.417613 0.082354 0.006432
0.426415 0.083458 0.006014
0.436070 0.083988 0.005897
0.445814 0.085823 0.006178
0.453615 0.085452 0.006019
0.463431 0.087821 0.005315
0.474728 0.089842 0.005810
0.483747 0.092392 0.005794
0.491530 0.091349 0.005713
0.502089 0.093600 0.005140
0.510947 0.095221 0.005996
0.522641 0.097793 0.006787
0.530637 0.097235 0.005195
0.541024 0.099831 0.005836
0.550908 0.102513 0.005236
0.559078 0.103263 0.006513
0.568149 0.105435 0.005755
0.576861 0.104743 0.005079
0.586952 0.105717 0.005122
0.597064 0.109859 0.006015
0.605913 0.110227 0.005618
0.614506 0.110833 0.005676
0.625946 0.114353 0.006149
0.635581 0.114902 0.005511
0.644436 0.114456 0.006094
0.653492 0.117239 0.006327
0.662613 0.117592 0.005952
0.673598 0.118590 0.005126
0.682582 0.118397 0.005952
0.690931 0.118905 0.005055
0.700830 0.120459 0.005145
0.713073 0.122199 0.005433
0.720925 0.121131 0.005726
0.731378 0.122303 0.005822
0.739253 0.122739 0.005880
0.747827 0.123327 0.006190
0.759118 0.124466 0.005959
0.769380 0.124647 0.004829
0.777688 0.125205 0.005900
0.788743 0.125469 0.005883
0.796898 0.125802 0.005748
0.807624 0.127757 0.005714
0.815699 0.128009 0.006096
0.826082 0.127234 0.005938
0.834404 0.128188 0.005178
0.844451 0.129491 0.006070
0.854306 0.130297 0.005938
0.864554 0.130304 0.004920
0.386106 0.067093 0.005472
0.395302 0.068428 0.004929
0.405712 0.069319 0.006637
0.414409 0.070148 0.005717
0.423901 0.072393 0.006029
0.432742 0.072532 0.006503
0.444638 0.073744 0.006361
0.452217 0.073507 0.005298
0.461988 0.075849 0.005913
0.471508 0.077449 0.005428
0.481998 0.079738 0.006307
0.490016 0.081355 0.005710
0.500400 0.081420 0.005354
0.509261 0.083051 0.006117
0.520080 0.084839 0.005533
0.528481 0.086925 0.005460
0.537509 0.086400 0.005651
0.547376 0.087725 0.004936
0.556740 0.090638 0.005957
0.565807 0.091753 0.005566
0.577552 0.095150 0.006310
0.586012 0.094752 0.005861
0.595461 0.096124 0.006466
0.603728 0.096600 0.005953
0.614149 0.099320 0.006004
0.622143 0.100611 0.005999
0.631943 0.101534 0.006003
0.642158 0.102572 0.005489
0.652065 0.104697 0.006185
0.661792 0.105164 0.004598
0.671480 0.105729 0.005997
0.680825 0.107456 0.005558
0.690998 0.108561 0.005613
0.700327 0.107997 0.005858
0.709105 0.109061 0.005611
0.717832 0.111008 0.005621
0.727962 0.111340 0.005174
0.736901 0.110484 0.006182
0.746686 0.112186 0.004856
0.756316 0.113224 0.005870
0.766132 0.111897 0.004773
0.775136 0.113366 0.005140
0.785830 0.114216 0.004820
0.795157 0.115877 0.005832
0.813951 0.115310 0.006176
0.823536 0.117301 0.004820
0.833712 0.117295 0.005474
0.842615 0.119343 0.005308
0.384591 0.056211 0.006302
0.393512 0.056986 0.005785
0.403431 0.058855 0.004663
0.413313 0.058387 0.005920
0.423591 0.060169 0.005729
0.432551 0.062049 0.005950
0.441254 0.062213 0.005387
0.450179 0.063659 0.006028
0.459936 0.064124 0.005646
0.468780 0.066680 0.005999
0.479754 0.066644 0.005857
0.489733 0.069634 0.005591
0.499002 0.071283 0.005698
0.508090 0.069414 0.005480
0.517431 0.072210 0.006955
0.526489 0.074362 0.005919
0.535860 0.075989 0.005393
0.544535 0.075643 0.006030
0.554743 0.076931 0.006164
0.564530 0.079311 0.005658
0.574958 0.080166 0.004587
0.581134 0.082226 0.005530
0.592882 0.084049 0.005882
0.603340 0.085794 0.004933
0.611727 0.086454 0.005348
0.622130 0.087401 0.005000
0.630437 0.088292 0.005221
0.639631 0.088537 0.005707
0.649456 0.088964 0.005502
0.659070 0.090506 0.005822
0.668722 0.092150 0.004822
0.678939 0.093824 0.005794
0.687684 0.095111 0.004689
0.697585 0.097073 0.005488
0.707043 0.096842 0.005837
0.717245 0.099524 0.006189
0.725571 0.096679 0.005588
0.735436 0.097705 0.004718
0.745790 0.099849 0.005380
0.754857 0.100121 0.006091
0.764058 0.100787 0.005025
0.773313 0.101505 0.004922
0.783407 0.103011 0.005120
0.792674 0.102976 0.005954
0.801429 0.103851 0.005726
0.811715 0.103300 0.006462
0.821326 0.105302 0.006229
0.830237 0.104668 0.005705
0.839746 0.106719 0.006444
0.383445 0.045386 0.005737
0.392013 0.047272 0.006239
0.401049 0.046226 0.005693
0.411667 0.047741 0.006076
0.419602 0.049772 0.005371
0.429991 0.050880 0.006013
0.438585 0.051112 0.006374
0.448931 0.053118 0.006075
0.458749 0.053231 0.006624
0.467027 0.054928 0.005884
0.477440 0.055968 0.005609
0.487369 0.056018 0.005538
0.496493 0.056845 0.006649
0.505719 0.059853 0.005264
0.515200 0.059958 0.005219
0.525504 0.061705 0.005763
0.534270 0.062383 0.006523
0.543482 0.063218 0.006300
0.553144 0.065305 0.005472
0.562109 0.066737 0.005051
0.572408 0.067287 0.005644
0.583052 0.069447 0.005907
0.592127 0.071417 0.005870
0.601202 0.069209 0.005974
0.609424 0.073979 0.006190
0.619635 0.072685 0.005908
0.628083 0.074378 0.005436
0.638834 0.076745 0.005637
0.646848 0.077505 0.005333
0.658273 0.076251 0.006372
0.667782 0.079213 0.005599
0.676263 0.082723 0.005743
0.686083 0.080412 0.005310
0.695679 0.081563 0.005432
0.705405 0.082483 0.005633
0.714002 0.083945 0.005757
0.724046 0.085843 0.005875
0.735217 0.086763 0.006012
0.743539 0.087127 0.005647
0.751629 0.087732 0.006456
0.761239 0.087637 0.005444
0.772332 0.090905 0.005491
0.780931 0.089637 0.006595
0.791823 0.090658 0.006169
0.800401 0.092166 0.005781
0.810873 0.093693 0.004468
0.820316 0.094186 0.005326
0.828998 0.094298 0.005475
0.838707 0.095869 0.005663
0.848279 0.097006 0.005651
0.857794 0.097484 0.005302
0.379746 0.033143 0.005551
0.389442 0.035931 0.005230
0.398749 0.033811 0.005630
0.410083 0.036971 0.005680
0.417631 0.037436 0.005378
0.427779 0.037505 0.005508
0.437309 0.038839 0.005805
0.445685 0.040574 0.005852
0.457010 0.041568 0.005516
0.466245 0.042533 0.006182
0.473747 0.042859 0.006057
0.483912 0.045567 0.005903
0.494047 0.045681 0.005124
0.501995 0.047449 0.005907
0.512978 0.048826 0.005474
0.520015 0.048962 0.005672
0.533590 0.051108 0.006600
0.542342 0.051915 0.005733
0.551108 0.053682 0.005058
0.560440 0.053913 0.006477
0.569641 0.055772 0.005288
0.580305 0.057278 0.006142
0.588230 0.057566 0.004986
0.598305 0.059127 0.006172
0.609082 0.061646 0.005122
0.618209 0.060709 0.004808
0.626836 0.062684 0.004994
0.636325 0.062341 0.005489
0.646866 0.065381 0.005124
0.656597 0.067839 0.005893
0.665506 0.066110 0.005381
0.674440 0.066820 0.006056
0.684352 0.067569 0.005592
0.694462 0.071847 0.006293
0.704085 0.070400 0.005924
0.714522 0.073695 0.005641
0.721555 0.074382 0.006198
0.731663 0.074322 0.005599
0.751838 0.075196 0.005674
0.760148 0.077677 0.006045
0.769053 0.076686 0.005944
0.779959 0.078426 0.005538
0.788925 0.079293 0.005876
0.799331 0.080196 0.005781
0.807826 0.081933 0.006179
0.817530 0.080577 0.005218
0.825400 0.080484 0.006576
0.836283 0.083107 0.005294
0.845137 0.085121 0.006538
0.855932 0.083537 0.005359
0.378679 0.021864 0.004985
0.387752 0.022942 0.005681
0.396550 0.024476 0.005418
0.406828 0.027306 0.005813
0.415969 0.027131 0.004983
0.425935 0.027220 0.006500
0.435624 0.028897 0.005576
0.442919 0.028966 0.005589
0.453896 0.030972 0.005924
0.464223 0.033488 0.006697
0.473212 0.031443 0.005712
0.481441 0.033067 0.005406
0.492772 0.034532 0.005023
0.501692 0.036100 0.005178
0.511918 0.036935 0.005494
0.520691 0.038816 0.004968
0.531301 0.039369 0.005954
0.539075 0.040307 0.005011
0.549842 0.040239 0.006077
0.558756 0.041462 0.004978
0.568224 0.043634 0.005521
0.577335 0.044576 0.005624
0.587442 0.045993 0.005520
0.596947 0.046907 0.005159
0.605489 0.048100 0.005738
0.616056 0.049411 0.005101
0.625708 0.049802 0.005181
0.635139 0.051015 0.006244
0.643582 0.053010 0.004973
0.653805 0.052365 0.006703
0.661844 0.053672 0.006240
0.671939 0.054004 0.005369
0.681683 0.056116 0.005487
0.691547 0.058439 0.005335
0.700945 0.058994 0.005230
0.711284 0.061692 0.005670
0.720449 0.060633 0.005565
0.731671 0.062289 0.005870
0.739814 0.063403 0.005153
0.749716 0.063782 0.004908
0.758878 0.065369 0.005498
0.768587 0.065404 0.005415
0.777136 0.065753 0.006128
0.787518 0.067897 0.005313
0.796011 0.068270 0.005685
0.806848 0.069473 0.006281
0.815970 0.071444 0.005376
0.825467 0.070307 0.005906
0.834191 0.072268 0.006180
0.602525 0.416334 0.006856
0.607354 0.416172 0.007041
0.612981 0.415791 0.006608
0.620288 0.416120 0.005724
0.625888 0.416024 0.005912
0.632015 0.417290 0.005148
0.638447 0.416861 0.005221
0.644634 0.415803 0.004833
0.649379 0.415746 0.005510
0.655455 0.416239 0.005110
0.662326 0.416293 0.004997
0.667372 0.415776 0.005265
0.675024 0.415053 0.005198
0.679885 0.416018 0.006009
0.686234 0.416257 0.006789
0.692598 0.416605 0.004852
0.699243 0.416040 0.006629
0.704066 0.416636 0.005758
0.709714 0.417001 0.005292
0.715800 0.413891 0.005925
0.721862 0.415516 0.005515
0.729050 0.416399 0.005324
0.733977 0.416513 0.006048
0.740615 0.416124 0.003707
0.747013 0.417268 0.006092
0.753213 0.414504 0.006617
0.758395 0.415772 0.005456
0.765199 0.416409 0.005327
0.769344 0.416401 0.005491
0.776855 0.415988 0.006430
0.784017 0.414943 0.007130
0.789840 0.415516 0.005037
0.794631 0.416696 0.007287
0.800321 0.415236 0.006929
0.807402 0.416661 0.005343
0.813030 0.415346 0.004906
0.819115 0.416114 0.006211
0.825251 0.416491 0.006112
0.831377 0.416841 0.004868
0.837766 0.417396 0.006404
0.843745 0.417367 0.004878
0.848696 0.415535 0.005861
0.855398 0.417007 0.006835
0.861613 0.415986 0.004712
0.600339 0.406425 0.006993
0.607300 0.406862 0.006702
0.613927 0.407466 0.004445
0.620353 0.407090 0.006243
0.624697 0.406323 0.005216
0.632441 0.405894 0.006701
0.638166 0.405447 0.006193
0.644015 0.406994 0.006199
0.650108 0.406610 0.006188
0.655537 0.407070 0.005817
0.661735 0.407699 0.004905
0.667555 0.407702 0.005822
0.673903 0.407728 0.006846
0.679159 0.406393 0.004558
0.685595 0.406706 0.005784
0.692144 0.406394 0.007701
0.697567 0.405586 0.005251
0.704250 0.406161 0.006306
0.710674 0.407377 0.005557
0.716492 0.407237 0.007009
0.722422 0.407716 0.004117
0.601863 0.397626 0.006264
0.607782 0.396440 0.005831
0.614789 0.398198 0.005551
0.618599 0.396192 0.005362
0.625449 0.397069 0.005255
0.632282 0.397411 0.006655
0.638830 0.397495 0.005048
0.643097 0.397470 0.006007
0.650179 0.397298 0.005441
0.656446 0.397276 0.005941
0.661821 0.397788 0.005133
0.667455 0.397637 0.005486
0.675236 0.397153 0.005323
0.680158 0.397353 0.005085
0.686464 0.396778 0.007220
0.692374 0.396150 0.006105
0.703313 0.397722 0.004939
0.710389 0.397048 0.004974
0.717446 0.397578 0.005350
0.721760 0.398009 0.005027
0.728883 0.397632 0.005080
0.734353 0.396160 0.005810
0.739846 0.398095 0.006911
0.747071 0.397508 0.005035
0.753714 0.397381 0.005477
0.759064 0.397582 0.005194
0.765951 0.397485 0.005456
0.770432 0.398248 0.005281
0.777585 0.396254 0.004593
0.782747 0.396999 0.005839
0.789476 0.396835 0.005795
0.795357 0.397180 0.004933
0.802191 0.396078 0.005158
0.806253 0.395279 0.006864
0.812659 0.398042 0.005528
0.817546 0.397556 0.004828
0.825252 0.398114 0.005878
0.831543 0.397606 0.005474
0.837654 0.397911 0.005190
0.843244 0.397286 0.006203
0.849464 0.398011 0.004138
0.857439 0.396271 0.007728
0.861632 0.397095 0.006125
0.601188 0.388301 0.005549
0.607122 0.387093 0.006271
0.615216 0.387710 0.006425
0.619910 0.388068 0.003944
0.625053 0.388575 0.004968
0.631685 0.387059 0.005666
0.636799 0.387703 0.004737
0.643881 0.386466 0.006824
0.650008 0.388424 0.004713
0.655761 0.387008 0.006559
0.661161 0.387900 0.006100
0.667934 0.387642 0.007292
0.674402 0.387773 0.006816
0.678662 0.387347 0.006347
0.686477 0.388389 0.005955
0.692197 0.386785 0.003594
0.698914 0.387840 0.004303
0.704055 0.388276 0.004857
0.708659 0.386554 0.005026
0.717392 0.386982 0.005433
0.723509 0.387878 0.005851
0.728455 0.388581 0.005888
0.735369 0.388073 0.006298
0.740398 0.387390 0.005289
0.747350 0.388781 0.005254
0.752569 0.388822 0.005775
0.757944 0.387882 0.004719
0.765492 0.387573 0.005969
0.770629 0.388377 0.004758
0.776241 0.387070 0.006041
0.783178 0.388189 0.004200
0.788337 0.387744 0.007125
0.795592 0.387865 0.004316
0.801706 0.387510 0.005694
0.807026 0.388259 0.005939
0.813896 0.388310 0.006152
0.820549 0.387877 0.004688
0.824901 0.389058 0.005196
0.831128 0.388485 0.006235
0.837574 0.388165 0.005694
0.844482 0.387420 0.004753
0.850570 0.388779 0.006443
0.855429 0.388774 0.006567
0.862232 0.387666 0.006680
0.601888 0.378127 0.005278
0.607947 0.378436 0.006197
0.613314 0.379026 0.006257
0.619960 0.377100 0.005831
0.626197 0.377858 0.006723
0.631698 0.378884 0.005660
0.637691 0.378852 0.004713
0.643815 0.377432 0.006726
0.649648 0.378128 0.006391
0.655457 0.378431 0.005158
0.661130 0.378854 0.007031
0.668697 0.379282 0.004532
0.673795 0.377949 0.005407
0.680373 0.377004 0.005051
0.686512 0.377221 0.005256
0.600159 0.368384 0.005458
0.608512 0.368267 0.005556
0.614499 0.369130 0.004812
0.619300 0.368946 0.004602
0.625939 0.369779 0.004540
0.632617 0.369016 0.005852
0.638609 0.368367 0.006487
0.642743 0.368167 0.006251
0.651120 0.369714 0.006573
0.656912 0.368759 0.004968
0.662940 0.368207 0.006645
0.668855 0.368467 0.006797
0.674372 0.370200 0.005395
0.679904 0.368542 0.006668
0.685155 0.371188 0.005963
0.693227 0.368078 0.004723
0.697971 0.369294 0.006124
0.704817 0.370084 0.005022
0.710783 0.368583 0.004977
0.716942 0.369710 0.006042
0.721971 0.369372 0.003082
0.727830 0.368410 0.005883
0.734415 0.368806 0.005164
0.740169 0.370215 0.006129
0.747549 0.369946 0.004745
0.752555 0.369417 0.005095
0.758240 0.369554 0.004648
0.766579 0.369913 0.008019
0.771113 0.369600 0.006244
0.777257 0.368783 0.006111
0.783519 0.368635 0.005123
0.789398 0.368931 0.004119
0.794922 0.369062 0.005044
0.801363 0.369176 0.003990
0.807120 0.368851 0.006100
0.814106 0.369374 0.007447
0.818789 0.368892 0.004834
0.825281 0.368954 0.007104
0.831920 0.369208 0.006606
0.837221 0.369565 0.006491
0.843467 0.370870 0.005615
0.850701 0.368187 0.007999
0.855735 0.369612 0.004605
0.861078 0.369799 0.006585
0.867424 0.368754 0.005753
0.874600 0.368375 0.004996
0.879759 0.369150 0.005494
0.601075 0.360436 0.006651
0.607904 0.359351 0.006325
0.614486 0.359272 0.004939
0.620364 0.358938 0.006534
0.626614 0.359203 0.005898
0.632067 0.359406 0.004776
0.637792 0.359766 0.005957
0.643842 0.359856 0.006448
0.650573 0.360699 0.005700
0.656300 0.359239 0.005723
0.663431 0.360775 0.007456
0.668464 0.359229 0.004593
0.673897 0.360457 0.003899
0.679716 0.359416 0.005456
0.688115 0.359896 0.006291
0.692443 0.359524 0.004017
0.698252 0.361167 0.004875
0.703825 0.359734 0.007469
0.711155 0.360361 0.005170
0.716380 0.360599 0.006359
0.722377 0.359919 0.004737
0.728358 0.360090 0.004577
0.735841 0.360723 0.004877
0.740232 0.358947 0.005529
0.746844 0.359404 0.005169
0.752371 0.359794 0.005209
0.759066 0.359465 0.003435
0.763806 0.358779 0.007152
0.769552 0.360163 0.006077
0.776487 0.360689 0.004990
0.782722 0.360435 0.005266
0.795158 0.359748 0.005500
0.801353 0.361439 0.005217
0.806672 0.360284 0.005957
0.812914 0.360351 0.004916
0.819865 0.359402 0.006772
0.826382 0.359602 0.005495
0.831001 0.359391 0.005358
0.836923 0.359043 0.006147
0.843029 0.359855 0.004892
0.850069 0.359369 0.004834
0.856624 0.360297 0.005893
0.862202 0.359674 0.006441
0.867002 0.359200 0.004279
0.873614 0.360098 0.004825
0.880027 0.359180 0.004647
0.600430 0.350683 0.005219
0.607313 0.349442 0.005629
0.614477 0.349054 0.003600
0.619957 0.350091 0.004427
0.625028 0.350961 0.006548
0.631969 0.349958 0.005919
0.638118 0.351206 0.006133
0.643742 0.350190 0.005835
0.649384 0.349794 0.005883
0.655584 0.351037 0.005366
0.662256 0.350640 0.005183
0.667977 0.350729 0.004997
0.673691 0.350366 0.006508
0.680751 0.350847 0.005074
0.686170 0.350399 0.004368
0.691735 0.350497 0.005952
0.699009 0.351132 0.006368
0.704924 0.350190 0.005643
0.710812 0.350678 0.004452
0.717701 0.350749 0.006156
0.722816 0.350085 0.004582
0.729739 0.349936 0.005811
0.735259 0.351026 0.006603
0.741199 0.350642 0.004318
0.747336 0.350352 0.005837
0.752897 0.349874 0.004424
0.758278 0.349680 0.004468
0.764246 0.350095 0.005042
0.771558 0.349968 0.005551
0.776466 0.349982 0.005487
0.783235 0.349610 0.006807
0.787955 0.349871 0.005801
0.796604 0.351277 0.005757
0.800966 0.350112 0.005815
0.806917 0.351363 0.005979
0.812445 0.349454 0.005289
0.819396 0.349609 0.006646
0.825889 0.350066 0.004749
0.831261 0.350331 0.004207
0.836974 0.350427 0.005477
0.845127 0.349266 0.005271
0.849383 0.351180 0.004514
0.855860 0.351949 0.005863
0.601826 0.340357 0.004734
0.608327 0.340808 0.005541
0.613412 0.340620 0.005542
0.619713 0.340590 0.005079
0.626349 0.340551 0.005445
0.632854 0.340755 0.005597
0.637596 0.340876 0.006255
0.642786 0.340301 0.005638
0.649989 0.339503 0.007205
0.656030 0.341176 0.003716
0.662990 0.340848 0.006869
0.667655 0.340646 0.005844
0.673881 0.340634 0.005021
0.680743 0.341849 0.006306
0.684061 0.340959 0.006230
0.692453 0.340862 0.006598
0.697517 0.340554 0.004991
0.702707 0.340467 0.005446
0.710654 0.341337 0.005244
0.716532 0.339629 0.006555
0.723292 0.341627 0.005297
0.729898 0.340654 0.006069
0.735768 0.341432 0.006954
0.740906 0.340449 0.006083
0.747140 0.341120 0.005262
0.752913 0.340212 0.004837
0.758893 0.341625 0.005780
0.766015 0.340990 0.006460
0.771108 0.340683 0.004756
0.777993 0.340868 0.006061
0.782103 0.341667 0.006145
0.789411 0.340759 0.006488
0.794987 0.339116 0.006952
0.800233 0.340966 0.005386
0.806299 0.341045 0.007310
0.813359 0.340681 0.005371
0.820423 0.340536 0.005402
0.825679 0.342321 0.006407
0.831130 0.340445 0.006397
0.837111 0.339657 0.006531
0.842121 0.341825 0.005350
0.850633 0.341342 0.004242
0.856024 0.341009 0.005148
0.862464 0.340810 0.005601
0.601036 0.330890 0.005567
0.607261 0.330273 0.005733
0.613296 0.330855 0.006015
0.619831 0.330843 0.006996
0.625647 0.331016 0.005555
0.631144 0.331125 0.007227
0.636736 0.332537 0.005965
0.644945 0.331542 0.004526
0.650761 0.332249 0.005655
0.656683 0.331406 0.006006
0.662457 0.333201 0.006900
0.669683 0.330178 0.006277
0.674024 0.331208 0.004917
0.680326 0.331868 0.004680
0.685473 0.331622 0.006302
0.691685 0.330972 0.005405
0.698903 0.330974 0.005142
0.704418 0.330945 0.005973
0.711118 0.331980 0.005427
0.716539 0.330513 0.006999
0.722659 0.330569 0.004974
0.731053 0.330963 0.006037
0.734584 0.331848 0.005838
0.740531 0.331450 0.005148
0.746105 0.331634 0.005736
0.753173 0.330222 0.006797
0.759702 0.331470 0.005970
0.764813 0.330100 0.006676
0.769508 0.332423 0.006689
0.778202 0.331552 0.005726
0.782301 0.331111 0.004758
0.789885 0.332531 0.006474
0.795652 0.331867 0.005165
0.800585 0.331901 0.005195
0.807862 0.331321 0.004670
0.814040 0.329857 0.008036
0.819263 0.331771 0.005556
0.825313 0.331939 0.004377
0.831913 0.331732 0.005232
0.838602 0.331573 0.005447
0.844046 0.330255 0.004911
0.850104 0.331655 0.006202
0.601555 0.322124 0.005158
0.608109 0.322502 0.006950
0.612497 0.322289 0.006351
0.619181 0.321130 0.006562
0.632504 0.321264 0.005312
0.639266 0.322662 0.006178
0.643421 0.321223 0.005737
0.650744 0.321634 0.005294
0.655660 0.320608 0.005668
0.661222 0.321984 0.005673
0.667666 0.321547 0.007122
0.674673 0.322175 0.006496
0.681364 0.323077 0.006277
0.686768 0.321632 0.004938
0.692430 0.322634 0.004062
0.698751 0.322158 0.004486
0.705429 0.322494 0.006242
0.711547 0.323188 0.005893
0.717982 0.323898 0.006495
0.722083 0.323096 0.006139
0.726934 0.321818 0.006398
0.735772 0.322896 0.007236
0.741614 0.322143 0.006529
0.746576 0.323074 0.005681
0.752275 0.322649 0.003954
0.759140 0.322331 0.005981
0.764611 0.321866 0.006630
0.771362 0.322230 0.005650
0.776371 0.322083 0.005334
0.783896 0.322733 0.006052
0.788901 0.321843 0.004879
0.795577 0.322850 0.005832
0.801422 0.322522 0.005747
0.807716 0.321985 0.006464
0.812837 0.322223 0.005926
0.818988 0.321535 0.005547
0.825068 0.322214 0.007531
0.831515 0.321964 0.005714
0.836762 0.322226 0.004348
0.844282 0.322407 0.005716
0.849324 0.322868 0.005337
0.600710 0.312707 0.006367
0.607967 0.312860 0.005258
0.613593 0.313122 0.004681
0.619296 0.312569 0.005214
0.624857 0.312753 0.005059
0.633148 0.312664 0.006832
0.638871 0.313185 0.006153
0.644691 0.311457 0.005802
0.649486 0.312560 0.006848
0.656012 0.312652 0.005480
0.661220 0.312768 0.004765
0.668123 0.312529 0.005436
0.674223 0.314005 0.006297
0.681210 0.313011 0.006572
0.687125 0.311548 0.005881
0.693662 0.312344 0.005536
0.698304 0.312410 0.004357
0.704097 0.313511 0.004446
0.710204 0.312854 0.005384
0.716035 0.312418 0.004963
0.728889 0.312952 0.005354
0.736175 0.313600 0.006293
0.740107 0.313437 0.005055
0.745964 0.313496 0.004611
0.752585 0.313804 0.005726
0.758281 0.313623 0.005236
0.765281 0.312806 0.005484
0.771460 0.313274 0.004280
0.776987 0.313366 0.005236
0.783594 0.313616 0.004114
0.795475 0.315200 0.006241
0.799770 0.314119 0.005652
0.806488 0.313222 0.004120
0.812995 0.313878 0.005217
0.819473 0.314398 0.005689
0.825425 0.314542 0.005018
0.831685 0.313113 0.004821
0.837201 0.314021 0.006253
0.842569 0.313986 0.006743
0.849974 0.314830 0.007175
0.601390 0.302745 0.006235
0.608288 0.302074 0.006111
0.613734 0.301439 0.007284
0.619253 0.303219 0.005880
0.624270 0.303423 0.005971
0.632678 0.303154 0.006015
0.638543 0.304232 0.005178
0.645443 0.303343 0.006924
0.651924 0.303938 0.005595
0.655676 0.303275 0.006420
0.662352 0.303793 0.003828
0.668989 0.303904 0.005711
0.674750 0.304468 0.005555
0.679685 0.304010 0.005942
0.685482 0.304316 0.005609
0.690514 0.304494 0.006063
0.697765 0.303012 0.006155
0.704391 0.304890 0.005324
0.710644 0.304424 0.005201
0.715645 0.304579 0.004755
0.722409 0.305291 0.005195
0.728413 0.305055 0.005114
0.734086 0.305048 0.005470
0.741677 0.304904 0.007104
0.746501 0.305066 0.004495
0.753648 0.304315 0.007127
0.758690 0.305809 0.005552
0.764130 0.305089 0.005967
0.771264 0.304989 0.006050
0.777586 0.305843 0.005441
0.782084 0.305337 0.005484
0.788917 0.305342 0.005163
0.794569 0.305982 0.005357
0.801278 0.306713 0.006275
0.807008 0.305419 0.004709
0.813266 0.305258 0.005591
0.819550 0.305047 0.004637
0.824723 0.305569 0.006859
0.832508 0.304968 0.006616
0.838750 0.305713 0.006731
0.843646 0.305106 0.006949
0.849640 0.303896 0.006309
0.855122 0.305515 0.005039
0.861371 0.304790 0.004010
0.602363 0.293360 0.006222
0.607941 0.294583 0.004966
0.613609 0.294517 0.006551
0.618672 0.292981 0.006303
0.625495 0.294578 0.005915
0.631106 0.293618 0.006814
0.637802 0.294327 0.003367
0.645024 0.294401 0.004876
0.648832 0.294260 0.006025
0.655553 0.294103 0.004156
0.662644 0.295829 0.005195
0.666567 0.295161 0.006127
0.673610 0.295085 0.005899
0.680613 0.296376 0.004719
0.685570 0.295359 0.004830
0.692640 0.294460 0.004734
0.699264 0.296029 0.006590
0.705079 0.296314 0.006370
0.711472 0.295424 0.006682
0.716730 0.296694 0.005214
0.722513 0.296731 0.003915
0.728784 0.296125 0.006378
0.734479 0.298527 0.006993
0.741854 0.297364 0.005193
0.747161 0.296770 0.004296
0.752419 0.298540 0.005933
0.759046 0.298015 0.007111
0.764860 0.298251 0.005312
0.771857 0.297454 0.007436
0.776563 0.298388 0.006577
0.783503 0.298576 0.006214
0.789632 0.298490 0.007198
0.602692 0.285521 0.006966
0.608068 0.284812 0.005294
0.612749 0.284971 0.006119
0.620243 0.285981 0.006770
0.625382 0.284657 0.006003
0.632464 0.283978 0.007551
0.637140 0.284921 0.005157
0.644533 0.285699 0.005350
0.651867 0.285558 0.006634
0.654604 0.285354 0.005582
0.660408 0.285500 0.007900
0.668005 0.287353 0.006862
0.674131 0.286348 0.006167
0.679800 0.287138 0.007168
0.686831 0.286155 0.005797
0.692505 0.288172 0.005811
0.698572 0.287466 0.005929
0.703843 0.287328 0.005036
0.710015 0.288528 0.006472
0.717438 0.289120 0.005419
0.722350 0.289309 0.005358
0.727939 0.288939 0.004155
0.734467 0.288892 0.007665
0.741220 0.289622 0.004320
0.746722 0.289095 0.005563
0.752015 0.290359 0.006035
0.758333 0.291008 0.006222
0.764283 0.289826 0.006433
0.771398 0.290448 0.005898
0.775220 0.290910 0.007456
0.784762 0.290869 0.007566
0.789554 0.291496 0.006376
0.795446 0.290273 0.005020
0.801202 0.288629 0.007008
0.808016 0.289672 0.005512
0.812862 0.290080 0.005267
0.819191 0.289252 0.006623
0.824997 0.289367 0.005189
0.831357 0.289347 0.005702
0.838105 0.289059 0.004984
0.843787 0.288674 0.006222
0.601512 0.275300 0.005403
0.606946 0.275908 0.005629
0.612791 0.275301 0.005517
0.620153 0.275305 0.005200
0.625987 0.276155 0.006027
0.631806 0.275581 0.005837
0.637696 0.275681 0.004362
0.644102 0.275702 0.005338
0.648310 0.276452 0.006722
0.655862 0.276124 0.005955
0.662002 0.276133 0.004490
0.668131 0.277163 0.008381
0.674468 0.277254 0.005347
0.680545 0.277079 0.005150
0.686111 0.277305 0.006232
0.692397 0.277795 0.006884
0.698270 0.278418 0.004325
0.705540 0.277746 0.007010
0.711312 0.277500 0.005673
0.716718 0.277811 0.006601
0.722475 0.277775 0.006201
0.728334 0.277559 0.006226
0.733821 0.279867 0.005327
0.740775 0.280392 0.007314
0.746145 0.280507 0.004500
0.752584 0.280218 0.005831
0.757894 0.279490 0.006760
0.765821 0.280284 0.006641
0.771177 0.280660 0.006227
0.776179 0.281122 0.006147
0.782824 0.281283 0.006019
0.788605 0.281222 0.004506
0.794287 0.281183 0.005262
0.801615 0.282089 0.005457
0.806809 0.280945 0.005082
0.811860 0.281073 0.005490
0.819184 0.280306 0.004763
0.824881 0.279922 0.006551
0.831335 0.279440 0.005462
0.837877 0.279019 0.004004
0.842799 0.279157 0.005732
0.850032 0.277997 0.005380
0.855305 0.279436 0.005790
0.601241 0.265513 0.006906
0.607146 0.265355 0.006031
0.613481 0.266798 0.005764
0.619388 0.265943 0.005134
0.625369 0.266480 0.005312
0.632867 0.265591 0.005217
0.637460 0.265469 0.003627
0.643271 0.265605 0.005145
0.650065 0.266325 0.005637
0.655666 0.266114 0.005631
0.661276 0.266685 0.004756
0.667465 0.266434 0.007692
0.675424 0.267021 0.008253
0.679974 0.267169 0.006750
0.686598 0.267419 0.005849
0.692549 0.267567 0.006333
0.698923 0.269031 0.006291
0.704884 0.266964 0.006409
0.710465 0.267337 0.006597
0.716336 0.267819 0.005402
0.723015 0.267797 0.004607
0.729163 0.268776 0.005332
0.734708 0.269686 0.005604
0.742150 0.268954 0.006538
0.747160 0.268746 0.005881
0.752531 0.268982 0.005807
0.758887 0.268937 0.006149
0.764875 0.268783 0.005005
0.771439 0.269558 0.005937
0.777637 0.270002 0.006278
0.789460 0.269334 0.005814
0.794730 0.270499 0.006415
0.800371 0.270584 0.005847
0.808106 0.270409 0.004730
0.813037 0.269879 0.006114
0.818762 0.269278 0.006121
0.825510 0.269563 0.007502
0.831770 0.269187 0.005897
0.837021 0.267889 0.005169
0.843715 0.267400 0.007472
0.850784 0.267421 0.005685
0.855943 0.267042 0.005978
0.861123 0.267895 0.005547
0.868005 0.267050 0.005812
0.874678 0.268393 0.005242
0.602560 0.256036 0.006168
0.606841 0.255424 0.006222
0.613885 0.256400 0.005326
0.620651 0.255919 0.004236
0.625075 0.257833 0.005846
0.631850 0.257677 0.006343
0.638842 0.255928 0.006090
0.644979 0.257406 0.004412
0.650214 0.256914 0.006346
0.656906 0.257506 0.005944
0.662203 0.257648 0.004898
0.668684 0.256896 0.004763
0.675582 0.257599 0.005733
0.680743 0.257908 0.004275
0.686521 0.257348 0.005203
0.692797 0.255447 0.005496
0.698469 0.257255 0.004522
0.704457 0.257251 0.004655
0.711676 0.258135 0.005032
0.715047 0.257703 0.004569
0.721161 0.255817 0.006933
0.728750 0.257534 0.005156
0.735108 0.256931 0.006355
0.741402 0.259369 0.004427
0.746936 0.258742 0.005587
0.752968 0.257396 0.005888
0.759860 0.258213 0.006141
0.765388 0.256928 0.006378
0.770140 0.256678 0.005154
0.776556 0.258521 0.005608
0.783132 0.258589 0.005913
0.789030 0.258358 0.006168
0.795198 0.258380 0.006550
0.801616 0.258842 0.006681
0.806921 0.258930 0.004689
0.814233 0.257922 0.006246
0.819865 0.258473 0.007241
0.825208 0.257804 0.004661
0.831492 0.257274 0.004814
0.837296 0.257933 0.007297
0.843592 0.257727 0.007258
0.602562 0.246099 0.004921
0.607551 0.246595 0.003403
0.613078 0.246152 0.005205
0.619996 0.247320 0.005322
0.624793 0.246836 0.003561
0.632264 0.245911 0.005881
0.637942 0.246642 0.003825
0.643307 0.246267 0.005150
0.649064 0.248662 0.006747
0.656819 0.246633 0.003913
0.662750 0.245538 0.004937
0.667741 0.246388 0.005444
0.673623 0.246954 0.005863
0.680413 0.248391 0.006158
0.686834 0.247506 0.004370
0.692913 0.245870 0.005980
0.699489 0.246294 0.005647
0.704210 0.247678 0.006804
0.710926 0.247825 0.005492
0.716317 0.247721 0.005420
0.722195 0.247213 0.006260
0.729971 0.247450 0.007418
0.734729 0.247657 0.006233
0.740712 0.246804 0.006259
0.746440 0.246233 0.005975
0.753475 0.247750 0.006286
0.765219 0.247346 0.006382
0.771326 0.247579 0.005941
0.777951 0.246680 0.007169
0.782682 0.246105 0.005896
0.789438 0.249256 0.007561
0.795402 0.247121 0.005835
0.801050 0.246124 0.005792
0.809325 0.248675 0.005569
0.813130 0.247815 0.005450
0.820939 0.246523 0.006166
0.825926 0.246519 0.006171
0.831246 0.247704 0.005498
0.837100 0.247474 0.005272
0.843328 0.247812 0.005227
0.849048 0.247060 0.006056
0.602246 0.237950 0.006092
0.606909 0.237406 0.005498
0.613448 0.238891 0.005748
0.620114 0.235606 0.007276
0.624150 0.235584 0.006045
0.631533 0.237758 0.006102
0.602252 0.227820 0.005244
0.606975 0.228408 0.006017
0.614124 0.226707 0.005932
0.619908 0.228333 0.005331
0.626159 0.228578 0.007053
0.633197 0.227065 0.007027
0.637733 0.226591 0.005528
0.643278 0.227742 0.006330
0.649272 0.227578 0.004629
0.655038 0.227686 0.005376
0.661754 0.227388 0.005058
0.668513 0.228262 0.004813
0.674033 0.227038 0.005997
0.680007 0.228819 0.006067
0.685782 0.227467 0.005744
0.691856 0.226806 0.006433
0.698879 0.227273 0.005163
0.705293 0.228355 0.006326
0.711238 0.227556 0.004657
0.716549 0.228233 0.003696
0.722539 0.225959 0.006679
0.726738 0.228595 0.006501
0.734111 0.228036 0.005134
0.740470 0.228810 0.005004
0.748321 0.227574 0.005747
0.753282 0.227211 0.003978
0.757777 0.227882 0.005813
0.764804 0.227874 0.005473
0.771785 0.228344 0.004422
0.776503 0.226847 0.006019
0.782524 0.227431 0.005801
0.788158 0.227618 0.005981
0.795669 0.227294 0.007670
0.801416 0.226893 0.004224
0.807631 0.227964 0.004250
0.813056 0.227742 0.007586
0.818868 0.227403 0.005697
0.824887 0.228662 0.005295
0.831575 0.228214 0.005836
0.837859 0.227808 0.005544
0.844250 0.227565 0.006335
0.850387 0.227614 0.005205
0.856705 0.227620 0.006405
0.859450 0.228958 0.007375
0.867077 0.228358 0.006042
0.601580 0.218105 0.005493
0.607788 0.217796 0.005793
0.614246 0.217955 0.005238
0.619827 0.217693 0.005194
0.626619 0.217956 0.006387
0.631822 0.217534 0.005861
0.638321 0.217624 0.005617
0.644720 0.217848 0.006037
0.649085 0.218185 0.005503
0.656472 0.217958 0.004611
0.661877 0.218453 0.005744
0.669316 0.218333 0.006964
0.674127 0.217923 0.005695
0.678819 0.218598 0.006634
0.685582 0.217493 0.006352
0.692541 0.217563 0.003898
0.698926 0.218521 0.005915
0.705473 0.217453 0.005417
0.710431 0.218385 0.005903
0.715536 0.218906 0.007081
0.722341 0.218420 0.005821
0.728944 0.218419 0.006375
0.735496 0.217574 0.005234
0.740765 0.219021 0.004290
0.746605 0.218264 0.005455
0.753585 0.216600 0.006573
0.759011 0.218579 0.004464
0.765752 0.218303 0.005443
0.770387 0.218626 0.005715
0.777719 0.218919 0.005832
0.782286 0.217075 0.005958
0.790382 0.218424 0.006061
0.794409 0.218744 0.006571
0.801319 0.218368 0.006594
0.806670 0.217696 0.005643
0.812607 0.216881 0.005827
0.820234 0.218221 0.005825
0.826727 0.218818 0.005768
0.831469 0.218969 0.005980
0.839433 0.218175 0.006278
0.843793 0.218560 0.006211
0.848674 0.218630 0.006295
0.856045 0.217912 0.006578
0.195379 0.013292 0.002548
0.200248 0.013054 0.002611
0.206113 0.011145 0.002732
0.211514 0.010963 0.002545
0.217259 0.010196 0.002765
0.221354 0.009384 0.002655
0.226602 0.007172 0.002896
0.231950 0.006659 0.002709
0.201393 0.401428 0.001527
0.204376 0.401300 0.001497
0.206705 0.401914 0.001601
0.209694 0.401146 0.001579
0.217821 0.401278 0.001529
0.220184 0.401344 0.001570
0.223663 0.401614 0.001429
