490.39 660.21 36
511.88 648.49 36
551.01 659.42 36
588.06 656.43 37
618.34 653.95 35
649.46 659.17 38
694.57 657.19 38
715.02 656.90 36
754.97 655.03 35
770.16 659.20 36
805.90 657.64 35
844.17 653.50 37
875.76 653.16 35
899.83 647.76 36
928.83 656.01 37
955.08 656.72 36
994.66 661.58 37
1037.63 658.79 37
1060.89 655.68 38
1094.94 656.68 36
1133.10 656.07 39
1166.29 657.86 37
1184.40 658.86 37
1216.26 644.58 37
1250.49 652.93 37
1286.38 643.65 36
1315.00 655.41 37
1348.48 659.97 36
1375.65 655.05 38
1409.45 654.97 36
1446.03 660.90 37
1476.32 660.31 36
1508.63 658.22 35
1547.40 656.67 35
1570.45 650.74 37
1597.24 646.23 37
1635.81 658.88 36
1677.11 649.61 36
1700.40 649.53 36
1731.02 652.48 37
1762.57 647.25 37
1785.25 639.32 37
1826.41 651.99 37
1855.48 657.14 37
481.43 624.22 35
517.39 617.66 37
552.89 620.08 36
570.74 622.32 37
617.23 614.36 35
641.17 624.95 37
679.46 616.14 36
717.69 613.62 37
742.08 620.48 36
771.34 609.78 38
815.03 613.90 37
844.31 617.80 36
882.96 613.69 39
895.76 617.49 38
937.36 618.35 36
967.83 622.36 37
1010.86 619.21 37
1026.28 610.51 35
1058.61 611.25 37
1098.17 621.81 37
1130.46 616.55 36
1158.83 624.96 36
1194.12 612.33 37
1211.56 618.91 36
1256.14 618.13 37
1287.13 609.97 37
1322.93 617.67 35
1342.28 617.65 34
1379.24 606.45 36
1419.60 614.75 37
1442.85 623.42 37
1476.13 611.68 35
1501.61 623.59 37
1543.70 618.58 37
1565.83 614.68 37
1597.67 614.93 37
1629.58 619.38 37
1666.29 614.17 37
1687.54 607.00 37
1729.03 607.92 37
1761.77 591.11 37
1797.45 619.47 38
1824.70 617.59 35
1860.82 617.13 35
1884.80 621.15 37
1915.02 610.02 38
1950.99 613.97 37
1992.50 613.82 37
2021.31 617.49 36
485.52 578.89 36
522.76 583.53 36
547.55 579.59 36
629.30 585.28 36
643.94 578.46 37
684.36 581.46 37
701.01 579.62 37
748.59 584.31 36
771.60 579.65 36
794.79 574.52 34
836.08 581.19 36
874.27 578.67 37
904.77 579.42 35
940.69 584.53 37
966.68 578.93 38
999.36 577.59 35
1033.07 585.06 36
1061.52 579.28 35
1099.26 580.34 36
1125.00 579.85 37
1154.85 577.16 36
1182.70 585.53 36
1218.40 575.39 36
1241.15 575.19 36
1278.98 574.85 38
1318.08 590.25 37
1343.31 585.16 38
1382.79 576.58 37
1422.84 575.78 37
1441.61 577.77 37
1479.58 577.65 36
1506.05 581.81 36
1536.25 583.81 37
1561.99 577.21 34
1611.57 567.39 36
1628.26 587.15 35
1672.14 574.14 35
1703.45 580.08 35
1719.83 571.07 37
1765.37 572.42 36
1793.88 580.28 38
1821.39 576.76 35
1859.97 572.59 36
481.52 543.07 37
521.62 549.07 36
547.67 545.19 36
585.38 540.42 39
607.29 549.15 35
645.74 549.34 37
678.40 550.55 36
711.20 533.42 36
737.92 545.59 37
779.35 539.20 37
802.33 542.38 36
834.24 538.19 38
871.60 544.19 37
897.68 540.27 36
933.89 546.19 37
971.42 553.59 37
990.72 542.42 36
1031.60 538.20 37
1066.09 544.09 38
1092.99 549.76 37
1121.94 547.00 34
1151.96 543.99 38
1190.01 538.33 37
1209.83 535.78 36
1253.11 548.50 36
1291.26 534.46 36
1313.65 547.39 37
1343.99 537.02 36
1373.66 546.16 37
1412.70 541.03 37
1438.06 545.55 35
1475.10 554.24 37
1498.59 544.69 35
1554.08 531.26 36
1567.01 541.69 36
1592.71 541.63 36
1636.52 548.14 36
1666.53 548.39 36
1695.74 535.52 38
1739.23 549.92 37
491.97 508.21 36
516.07 504.43 36
549.04 499.56 37
580.01 502.15 36
611.14 512.89 35
643.51 518.77 38
683.04 510.76 38
707.64 504.66 37
737.40 508.34 37
771.80 504.82 37
812.17 512.93 36
855.26 502.39 37
878.27 507.75 36
905.79 500.64 37
937.00 508.44 37
966.66 497.79 38
997.88 516.05 36
1035.15 506.60 35
1065.39 503.27 37
1092.26 502.62 36
1125.83 501.21 38
1152.88 507.78 36
1195.54 514.54 36
1215.86 502.50 35
1256.05 501.70 36
1289.86 503.19 37
1316.60 504.62 37
1356.05 505.69 34
1382.02 502.06 36
1441.91 507.45 35
1472.79 506.68 36
1510.78 506.10 35
1534.51 497.89 37
1571.13 501.11 35
1592.32 508.91 37
1638.13 512.58 38
1677.54 515.01 37
1699.57 499.14 37
1724.46 515.11 38
1763.43 503.25 37
1798.36 508.18 38
1833.66 495.27 36
1864.16 501.67 36
1884.56 498.83 38
1913.69 500.53 37
1955.16 496.31 36
484.09 468.41 35
519.09 469.63 38
552.49 467.78 38
580.99 467.68 35
616.23 478.62 36
654.90 464.44 37
681.59 481.07 36
709.39 464.23 36
738.43 470.42 35
766.96 452.25 36
806.17 464.42 36
843.01 463.52 35
880.09 470.80 36
908.51 477.27 35
942.26 461.43 36
963.62 459.87 37
990.46 464.94 34
1040.63 464.34 38
1061.23 464.74 37
1093.94 469.20 37
1130.28 477.13 38
1153.51 468.05 35
1194.44 467.91 36
1223.77 463.31 35
1254.89 469.35 35
1285.89 467.79 35
1316.59 466.22 35
1345.93 474.45 37
1378.36 467.64 37
1403.01 477.99 38
1442.47 470.14 36
1480.93 465.54 36
1510.94 472.63 37
1550.17 470.77 36
1575.26 462.40 37
1594.43 463.19 38
1640.89 461.12 35
1670.63 456.58 36
1705.23 472.58 37
1734.43 471.54 36
1763.47 464.65 36
487.08 425.68 37
527.04 427.10 36
560.82 427.30 36
586.26 431.93 35
616.69 424.64 36
651.12 427.04 36
677.00 432.94 36
726.67 421.97 38
744.28 430.11 36
770.33 437.36 35
802.49 443.43 37
839.29 439.89 36
863.13 424.92 38
903.91 436.62 36
922.19 426.11 37
968.77 423.90 36
995.25 429.89 38
1025.27 432.60 35
1055.16 432.10 38
1087.61 429.56 36
1123.04 423.76 37
1158.12 441.51 34
1199.66 432.86 36
1220.47 437.99 37
1254.97 428.09 34
1279.96 429.04 36
1313.68 434.64 35
1342.36 434.82 37
1381.01 443.93 37
1408.50 434.39 35
1447.42 427.05 37
1463.04 442.97 37
1511.56 437.48 38
1537.08 426.35 38
1570.45 427.37 38
1613.48 442.06 36
1643.48 436.73 37
1672.15 431.21 34
1697.34 435.64 36
1730.84 435.63 36
1745.52 436.58 38
1795.15 425.56 38
488.66 402.71 5
495.22 402.44 5
500.46 402.14 5
506.25 402.73 5
516.08 403.39 5
521.15 403.77 5
529.27 402.64 5
536.89 404.49 5
542.07 403.21 5
549.02 402.82 5
555.00 402.09 5
561.23 402.89 5
568.99 403.42 5
575.58 402.96 5
581.19 401.94 5
587.82 403.07 5
597.22 401.56 5
622.52 416.77 5
608.92 401.63 5
616.38 402.73 5
623.67 401.96 5
631.02 402.51 5
636.29 401.60 5
643.22 402.50 5
650.12 403.50 5
655.47 402.93 5
662.63 402.74 5
671.20 402.20 5
676.29 402.07 5
684.19 402.57 5
691.45 401.27 5
697.79 402.32 5
704.62 402.17 5
710.53 403.34 5
717.05 401.66 5
723.64 402.50 5
730.51 403.56 5
737.77 402.66 5
744.28 402.84 5
750.26 403.33 5
758.22 402.78 5
487.63 396.05 37
517.14 392.86 34
551.82 395.34 38
584.54 391.64 37
626.57 396.27 37
647.14 399.52 37
667.76 401.08 37
714.10 391.04 36
739.03 393.87 36
780.69 390.88 37
805.94 390.48 37
846.50 402.77 38
872.05 394.86 37
897.57 395.55 38
932.12 388.20 36
969.86 400.52 35
993.40 393.14 38
1032.58 397.78 36
1058.13 396.47 37
1099.34 398.78 37
1121.65 400.88 37
1159.85 389.32 37
1196.81 384.66 38
1219.62 398.42 37
1250.91 393.20 35
1283.70 387.20 36
1327.15 393.75 37
1350.21 394.77 36
1384.11 395.68 37
1409.09 394.83 36
1450.15 394.78 37
1478.70 388.37 37
1502.96 395.12 36
1544.02 393.15 36
1573.73 387.05 37
1617.82 392.30 36
1630.61 409.14 37
1670.66 397.44 36
1706.22 395.33 37
1737.03 397.95 39
1764.07 397.47 36
1795.34 395.03 36
1820.97 389.24 37
1852.16 401.70 36
1883.46 394.63 36
1925.88 402.02 38
1954.30 392.90 37
485.95 372.67 17
510.98 372.48 17
532.55 373.30 17
557.39 375.33 17
579.99 378.49 17
598.46 375.57 17
623.97 376.66 17
645.70 377.87 17
666.02 374.15 17
692.45 375.73 16
718.12 375.61 16
738.11 373.62 16
765.21 376.25 17
785.15 375.97 17
805.18 375.51 17
828.97 375.91 16
845.73 374.95 17
874.90 378.31 16
895.70 374.82 17
920.54 379.59 17
942.05 375.02 17
968.48 373.48 16
990.30 376.66 17
1014.37 376.88 17
1038.25 374.94 18
1054.60 372.95 16
1078.69 375.86 17
1100.07 376.90 16
1127.66 373.53 17
1143.74 370.61 16
1173.26 376.94 16
1194.36 376.31 17
1214.42 374.97 16
1240.57 377.36 17
1263.13 375.87 17
1287.50 372.79 17
1306.92 372.37 16
1330.47 380.18 17
1355.43 374.65 16
1373.51 374.75 17
1402.59 374.86 17
1416.90 375.81 16
1446.77 372.94 16
1469.72 373.00 18
1490.27 372.61 16
1517.07 369.87 18
1538.01 370.55 17
1552.23 370.79 16
1576.83 371.29 16
1603.86 376.70 16
487.39 359.72 38
527.02 366.78 37
539.69 348.53 38
580.95 359.91 38
605.52 367.69 37
653.57 352.79 38
686.62 357.45 37
710.92 354.01 37
740.71 362.92 35
780.70 347.74 38
809.92 361.86 36
836.21 356.38 38
870.09 352.54 36
899.25 354.53 37
931.22 349.63 37
954.99 351.85 36
995.21 361.55 36
1026.06 350.13 36
1066.08 370.02 37
1102.25 353.90 37
1131.53 358.95 36
1160.23 353.76 37
1179.75 360.00 38
1224.58 356.02 37
1254.28 365.78 36
1283.10 362.18 36
1318.01 359.17 35
1361.27 358.60 35
1378.56 359.69 37
1417.62 346.95 38
1448.42 352.50 37
1469.68 363.10 37
1513.60 363.78 38
1537.07 360.38 38
1563.63 355.20 37
1603.06 359.22 38
1636.32 356.02 35
1660.17 366.97 37
1695.86 360.05 37
1730.02 353.19 37
1765.46 357.82 38
1790.38 368.13 37
1837.08 361.60 36
1860.84 349.84 36
1890.84 357.20 36
1924.86 359.97 38
1952.86 353.27 37
491.94 322.43 37
510.93 315.38 36
546.47 322.11 36
583.80 324.49 37
620.55 320.87 37
648.85 324.50 36
677.48 321.04 36
705.22 312.72 37
749.87 319.32 34
775.45 318.69 36
808.10 314.26 38
841.71 325.44 37
867.61 319.96 36
904.05 320.75 35
929.23 320.60 36
966.06 323.35 36
1027.54 319.49 35
1059.43 318.19 38
1094.54 319.02 36
1126.81 314.62 36
1153.53 324.21 37
1190.77 323.19 35
1233.35 325.49 36
1251.73 322.31 38
1289.03 319.07 34
1319.73 321.75 36
1371.89 319.93 36
1412.64 313.11 37
1442.63 321.31 37
1481.33 310.67 37
1511.71 320.08 37
1543.38 322.29 36
1570.33 320.93 38
1601.51 316.84 37
1642.34 327.16 36
1669.94 316.73 36
1694.74 317.79 36
1726.62 323.13 35
1761.12 325.76 38
1798.32 317.39 37
1831.51 325.10 36
1862.02 321.42 37
1919.02 326.94 35
1951.02 318.00 36
1984.61 320.36 37
480.83 285.73 37
517.58 287.49 38
558.93 282.74 35
587.45 289.64 36
613.90 296.94 36
641.24 276.41 36
679.49 288.48 35
716.55 288.03 36
745.97 274.11 37
783.38 277.64 38
807.20 283.71 36
840.15 290.16 36
874.45 288.49 35
903.00 285.99 37
932.09 278.05 37
955.92 281.30 39
1001.38 282.75 37
1029.22 290.86 37
1056.43 281.44 38
1093.70 287.43 37
1117.75 280.69 36
1162.76 294.65 35
1199.21 283.27 38
1218.60 290.29 36
1253.95 280.03 36
1295.21 271.74 37
1331.17 288.78 36
1351.01 287.79 36
1383.13 276.11 38
1415.03 280.44 37
1431.09 280.34 39
1483.63 285.99 36
1507.99 281.84 36
1580.16 290.24 37
1608.47 277.14 36
1631.09 277.04 37
1666.07 286.68 37
1695.19 285.17 36
1723.86 289.48 36
1764.87 285.27 37
1790.54 290.47 38
1817.41 285.14 35
1863.72 290.60 35
1879.35 272.17 37
1908.65 280.11 37
1961.61 281.45 37
488.50 242.49 37
518.86 242.83 36
548.36 263.84 36
591.98 239.78 37
610.94 247.32 38
649.23 242.34 38
676.86 252.98 38
717.26 237.88 35
745.75 247.40 38
775.49 256.71 36
808.11 238.92 36
867.31 269.94 36
866.87 252.39 38
903.87 249.57 37
932.16 247.79 35
964.73 244.11 37
1009.09 248.10 37
1022.38 249.10 36
1055.19 243.26 36
1096.87 244.76 40
1117.66 248.00 37
1158.29 252.53 37
1190.23 247.52 38
1226.56 244.75 37
1253.42 244.98 39
1301.37 242.83 37
1309.16 247.40 36
1370.19 237.16 35
1373.20 242.29 37
1413.87 242.78 38
1440.11 249.93 35
1472.12 246.02 36
1503.86 253.04 34
1538.48 247.43 35
1568.65 253.93 37
1604.18 247.76 36
1643.38 245.05 39
1654.04 251.47 36
1691.76 246.20 38
1732.47 237.67 36
487.58 230.64 7
495.17 230.08 7
502.14 230.68 7
512.25 229.59 7
518.17 230.30 8
526.98 230.90 7
535.14 230.42 7
542.02 230.94 7
549.34 229.59 7
559.64 231.37 7
565.04 228.23 7
572.70 231.89 7
580.12 230.48 7
588.44 230.02 7
596.20 230.41 7
603.38 231.90 7
610.39 229.12 7
620.62 229.64 7
626.71 229.31 7
636.58 229.23 7
643.82 231.90 7
650.99 231.53 7
657.46 232.20 7
665.92 229.55 7
671.71 231.96 7
681.06 229.60 7
688.26 231.54 7
697.03 231.53 7
705.07 231.42 7
711.36 226.60 7
719.62 229.72 7
727.09 230.49 7
735.48 229.21 7
742.01 231.30 7
750.74 230.37 7
760.36 230.57 7
767.86 229.32 7
774.77 232.02 8
781.28 230.80 7
787.73 229.43 7
798.18 230.43 7
393.11 1334.01 43
425.57 1331.46 39
457.34 1334.80 35
486.96 1334.02 39
549.51 1334.04 45
590.51 1336.79 39
618.49 1335.74 42
648.22 1333.92 33
680.85 1332.63 34
711.52 1330.66 41
746.55 1334.74 37
776.71 1335.32 29
804.83 1333.43 39
842.82 1331.93 39
869.75 1330.35 45
908.42 1332.25 42
938.62 1338.34 45
964.60 1332.13 44
1000.26 1335.61 51
1030.42 1335.37 40
1060.27 1343.20 49
1095.53 1333.19 34
1129.94 1336.85 38
1161.88 1323.78 49
1190.75 1330.63 36
1222.40 1332.88 32
1256.06 1334.32 39
1286.11 1332.15 40
1321.14 1328.69 48
1354.33 1335.40 46
1386.26 1333.78 43
1416.26 1334.48 43
1448.01 1335.09 40
1480.83 1336.83 37
1511.60 1328.92 37
1547.84 1333.86 45
1579.51 1334.64 33
1606.34 1331.56 36
1642.57 1337.27 38
1674.75 1334.75 33
1705.43 1328.34 42
1738.98 1333.67 46
1769.72 1331.94 33
1798.77 1332.50 34
1828.95 1336.45 43
1868.46 1329.59 43
391.75 1294.37 40
425.57 1289.37 35
455.93 1293.99 47
485.37 1290.24 33
514.85 1288.81 39
558.70 1290.90 36
582.44 1288.75 33
616.69 1285.78 47
647.79 1289.80 32
681.89 1288.36 35
712.71 1290.19 39
743.67 1292.20 45
776.30 1289.48 49
806.86 1294.23 43
837.98 1292.41 38
871.19 1285.66 27
906.07 1291.27 37
934.93 1291.39 35
969.29 1289.38 36
1000.74 1292.55 39
1020.74 1270.59 28
1063.55 1284.19 41
1095.69 1289.42 41
1126.98 1287.24 37
1159.66 1290.24 33
1194.06 1287.74 36
1227.73 1290.44 38
1249.84 1290.89 42
1284.38 1294.01 34
1315.79 1286.67 44
1355.89 1291.67 41
1382.31 1287.95 41
1417.72 1289.26 23
1447.30 1290.10 29
1479.03 1290.60 40
1512.74 1288.57 33
1548.57 1289.21 44
1577.93 1291.72 38
1608.89 1286.70 38
1641.52 1289.36 44
1672.59 1288.19 50
1704.97 1294.98 40
1734.35 1287.55 38
1768.16 1289.76 37
1799.85 1288.89 30
1837.17 1287.59 43
1868.98 1290.11 38
1894.98 1285.71 41
391.76 1244.39 41
423.35 1246.62 27
452.30 1246.39 49
485.93 1245.72 44
519.55 1244.24 40
553.97 1249.80 41
586.36 1247.93 35
613.70 1243.60 38
649.04 1247.48 30
679.07 1245.04 36
715.70 1245.65 48
743.57 1246.93 41
778.00 1246.97 34
807.34 1251.33 52
841.31 1245.57 45
870.80 1242.01 39
899.33 1246.78 42
940.74 1249.23 41
972.22 1244.73 39
1002.85 1245.38 44
1029.07 1248.19 40
1064.94 1247.42 32
1101.11 1246.21 44
1126.94 1249.86 34
1158.33 1244.30 39
1193.07 1242.07 34
1222.77 1247.21 35
1256.02 1245.31 36
1290.47 1244.76 25
1314.58 1245.41 51
1350.43 1249.53 33
1386.07 1245.09 41
1415.01 1246.03 26
1447.66 1245.43 45
1482.56 1245.13 40
1513.01 1245.49 27
1544.57 1245.76 40
1573.67 1243.15 38
1608.65 1247.34 38
1639.25 1252.83 40
1678.22 1238.83 44
392.80 1227.27 10
404.74 1225.90 10
417.58 1226.68 14
430.16 1227.47 13
441.99 1227.75 11
455.79 1226.59 11
467.47 1227.40 12
479.35 1226.49 11
491.65 1226.76 14
504.16 1226.18 8
515.45 1226.39 12
528.26 1227.91 14
540.72 1226.56 11
552.86 1225.68 14
566.18 1226.17 13
577.84 1225.75 11
591.23 1225.86 13
603.22 1226.14 10
615.15 1226.09 12
628.56 1228.28 14
640.85 1227.11 15
652.86 1226.77 12
664.47 1225.85 13
678.44 1227.49 13
691.58 1227.19 9
702.92 1226.50 11
713.91 1228.07 14
728.67 1228.72 12
740.24 1226.65 10
753.36 1228.55 12
764.86 1227.74 14
777.98 1225.86 11
790.29 1226.41 9
802.28 1225.83 12
815.61 1226.48 12
826.33 1225.51 12
840.39 1228.45 13
853.51 1225.94 14
863.99 1226.78 13
876.61 1226.50 11
889.29 1226.05 15
901.62 1226.75 11
914.18 1227.85 15
927.76 1226.53 11
939.27 1228.25 13
952.16 1226.34 13
963.59 1227.19 10
976.02 1225.23 11
392.26 1201.08 36
420.92 1199.67 41
455.30 1204.07 31
485.40 1201.80 40
516.71 1199.49 37
555.80 1200.61 35
584.46 1200.75 27
614.20 1199.98 41
650.03 1200.74 36
681.17 1200.81 26
711.93 1200.64 23
747.62 1201.98 36
779.26 1205.24 42
811.84 1205.56 34
845.51 1200.78 46
871.77 1202.11 34
902.35 1204.15 34
934.78 1201.94 43
964.73 1202.10 43
999.74 1202.26 40
1033.54 1203.26 40
1063.69 1199.85 42
1122.28 1207.11 41
1161.45 1203.61 32
1190.99 1201.14 28
1222.96 1203.00 44
1255.78 1197.21 39
1290.71 1200.22 41
1319.95 1199.07 34
1350.56 1201.68 36
1385.51 1202.51 31
1416.32 1207.00 36
1451.05 1200.42 37
1477.73 1201.14 29
1516.34 1208.31 51
1546.18 1198.80 32
1581.86 1203.11 36
1610.92 1200.10 41
1638.67 1198.61 39
1674.13 1196.74 49
1700.27 1198.76 50
1737.79 1200.28 46
1769.33 1204.33 37
1799.74 1202.19 32
1835.25 1199.84 41
1862.85 1202.83 29
1896.26 1197.54 31
1925.98 1204.03 38
1959.82 1200.50 33
390.55 1156.19 36
424.21 1156.81 39
455.28 1157.51 36
490.27 1161.26 26
522.26 1156.38 37
553.29 1156.70 38
586.16 1158.14 28
615.93 1163.23 41
648.99 1155.74 31
680.30 1155.05 41
713.17 1160.04 27
743.32 1159.11 23
777.85 1161.20 39
810.23 1159.68 33
875.58 1157.84 46
900.98 1160.18 36
936.11 1160.14 36
969.32 1156.24 43
1004.27 1156.09 37
1035.76 1157.73 42
1063.98 1156.81 38
1096.16 1157.26 35
1126.26 1158.75 40
1164.43 1158.61 38
1193.42 1158.22 32
1226.52 1157.49 41
1253.32 1159.37 36
1289.95 1157.76 38
1319.70 1156.59 53
1353.67 1157.35 32
1384.61 1155.50 25
1415.37 1158.22 39
1447.96 1156.86 36
1483.04 1160.98 51
1513.58 1156.97 37
1546.54 1154.68 42
1576.90 1157.59 23
1606.03 1153.85 38
1638.89 1161.25 37
392.22 1111.88 29
428.78 1112.45 36
456.40 1112.63 27
484.04 1109.36 38
520.17 1112.14 48
550.52 1114.18 37
587.85 1114.48 41
621.84 1109.29 44
648.87 1113.04 39
681.43 1117.91 31
713.71 1114.73 36
745.85 1115.57 24
778.15 1115.07 27
808.90 1113.88 40
842.09 1111.52 25
870.94 1116.57 27
905.48 1109.68 42
935.53 1114.34 35
971.37 1113.89 31
999.07 1111.67 28
1032.05 1115.50 39
1063.39 1114.13 26
1098.64 1109.85 36
1130.28 1113.78 34
1159.85 1117.98 38
1193.83 1110.55 22
1223.82 1114.95 37
1256.96 1111.13 30
1285.08 1116.38 42
1321.65 1115.94 27
1350.93 1112.43 26
1387.26 1116.78 38
1409.34 1112.88 40
1444.74 1110.39 40
1483.41 1119.81 47
1545.13 1111.87 31
1582.07 1116.13 41
1608.95 1109.08 50
1642.48 1109.58 32
1669.68 1112.89 48
1704.48 1109.79 27
1734.80 1112.05 33
1766.89 1112.87 32
1797.27 1115.91 49
1836.17 1114.88 36
1864.19 1110.01 45
1899.86 1108.20 46
393.31 1068.99 26
423.25 1071.72 34
452.11 1070.48 39
493.98 1070.19 40
518.53 1070.33 46
555.46 1066.57 38
583.06 1071.89 32
618.14 1071.23 27
651.96 1072.16 42
682.37 1069.30 41
716.89 1067.87 38
743.52 1072.97 42
777.02 1068.68 41
807.44 1070.77 40
839.58 1068.87 42
872.08 1064.80 40
905.67 1072.80 33
934.41 1070.32 30
968.24 1078.30 40
1003.54 1068.24 45
1033.34 1069.06 35
1064.26 1074.27 34
1094.01 1072.86 37
1125.93 1068.48 43
1161.38 1070.95 41
1187.67 1069.92 49
1223.39 1071.30 34
1255.30 1070.73 37
1291.59 1068.82 37
1320.90 1070.70 39
1352.06 1066.41 39
1388.36 1069.96 31
1415.27 1072.55 45
1449.01 1071.30 50
1477.85 1068.00 33
1514.42 1072.95 33
1543.16 1070.19 32
1572.27 1064.68 47
1607.94 1070.99 32
1639.95 1069.04 37
1673.00 1069.77 42
1703.18 1068.81 31
1736.95 1071.70 33
1768.59 1070.18 41
1800.98 1070.20 50
1831.02 1073.69 46
1864.08 1070.69 39
1898.55 1074.39 41
1921.58 1074.29 37
1961.23 1068.75 36
389.40 1024.67 40
425.31 1024.02 38
452.73 1018.80 40
488.15 1024.97 31
520.54 1028.51 33
549.30 1028.73 44
591.40 1025.90 55
617.73 1028.89 40
648.62 1026.19 48
683.63 1024.58 41
710.39 1025.26 49
743.00 1022.60 34
770.17 1025.63 53
807.06 1027.70 33
841.51 1025.03 35
870.91 1023.44 39
908.01 1021.81 36
931.26 1028.54 38
968.55 1023.98 30
999.56 1022.81 20
1032.79 1022.30 41
1063.53 1027.27 42
1094.06 1023.18 49
1129.30 1029.69 45
1158.18 1023.10 39
1193.86 1023.49 34
1228.25 1034.66 58
1255.07 1029.43 38
1288.73 1024.93 30
1322.31 1025.25 44
1349.91 1025.31 44
1386.69 1028.39 51
1426.39 1002.79 35
1446.94 1020.32 31
1482.92 1025.47 38
1509.65 1029.17 42
1547.02 1023.65 37
1575.28 1024.30 35
1612.43 1023.20 33
1641.76 1024.55 45
1674.74 1027.77 41
1703.05 1024.64 34
1736.17 1028.33 40
1769.79 1025.87 34
1805.03 1026.69 41
1832.10 1024.77 34
1863.37 1023.04 37
1893.92 1030.20 43
1925.08 1024.02 28
392.80 982.74 38
427.99 982.85 35
456.56 981.19 35
486.21 982.48 39
520.72 977.65 26
553.05 979.84 33
586.61 981.91 33
615.95 984.18 41
650.48 979.07 41
680.59 987.89 36
713.44 978.49 34
746.41 980.51 42
775.88 980.30 36
809.39 981.83 39
838.15 980.94 41
873.03 983.56 36
903.78 979.54 37
933.94 982.59 44
970.59 979.45 30
1008.20 979.43 52
1031.28 986.59 41
1064.79 979.10 41
1095.51 978.67 28
1129.07 983.48 37
1163.21 979.24 43
1192.00 978.08 36
1224.43 980.67 50
1254.29 987.40 47
1283.31 982.32 41
1318.90 974.35 44
1354.32 981.75 37
1382.09 981.77 31
1418.06 983.43 43
1449.40 982.11 31
1478.19 980.96 38
1512.43 983.60 30
1541.37 980.63 49
1576.91 984.60 30
1610.44 984.59 39
1641.50 980.03 34
1673.74 978.58 37
1709.47 982.10 37
1736.98 977.91 43
1767.83 984.61 35
1799.73 981.59 38
1835.82 982.98 55
1867.10 984.42 34
1893.79 978.13 51
1928.70 978.84 46
1959.04 980.60 32
391.88 939.90 37
425.19 935.29 34
456.99 933.29 37
487.65 937.17 35
524.11 931.43 42
554.27 933.85 37
580.01 940.82 39
618.13 938.49 37
651.88 940.30 49
685.78 936.09 44
709.47 930.49 49
745.54 944.71 34
774.67 940.46 40
808.23 932.56 37
842.98 937.56 44
871.31 935.58 29
902.42 938.02 34
935.83 937.82 44
972.18 936.92 47
997.93 935.93 20
1031.58 938.52 45
1061.46 933.21 42
1097.04 937.75 47
1127.78 938.44 38
1157.84 938.60 44
1193.47 934.30 48
1228.42 934.20 47
1261.60 936.80 44
1288.50 931.19 39
1317.47 938.00 39
1348.88 933.72 46
1378.31 940.43 43
1419.09 941.03 32
1447.87 937.09 38
1486.16 931.54 40
1511.68 935.72 33
1547.27 933.45 42
1577.41 930.51 47
1603.54 938.20 42
1643.25 944.61 42
1672.94 937.72 38
1704.71 936.57 42
1738.14 940.34 43
1770.03 939.12 47
1800.08 936.46 43
1837.99 942.26 42
1864.04 937.14 40
1900.95 932.13 41
391.77 911.74 16
402.04 911.03 9
411.33 911.49 17
423.15 912.11 10
432.07 911.49 13
441.23 911.74 11
453.67 913.51 19
460.95 911.38 14
469.74 911.97 14
480.41 910.10 16
488.44 911.42 15
500.70 911.42 12
508.94 910.32 15
519.92 910.23 14
537.48 912.04 16
548.15 911.00 12
558.77 909.91 12
567.38 910.90 11
577.67 912.63 18
587.23 911.01 15
597.23 909.81 12
608.27 909.53 15
618.80 907.82 15
626.17 911.64 11
636.12 911.53 15
646.08 911.79 19
655.36 910.88 13
665.92 909.55 13
676.56 911.92 14
685.21 911.75 12
694.49 912.60 15
704.69 910.29 15
715.89 909.60 14
724.94 910.91 14
734.32 911.83 13
743.35 911.68 12
753.97 911.40 10
763.20 911.54 12
772.86 910.68 11
784.06 911.70 12
792.34 911.15 15
800.52 910.24 15
813.32 910.66 13
820.44 912.08 17
390.05 889.80 34
428.57 895.59 43
453.52 893.64 40
488.34 896.36 43
523.16 888.83 36
550.75 890.48 38
584.29 888.84 43
618.81 889.23 44
651.94 892.01 44
682.81 890.20 39
713.90 898.11 32
743.77 893.48 35
778.05 892.73 37
808.32 890.97 34
839.27 891.62 44
870.98 891.44 35
908.04 893.09 47
935.51 895.61 42
973.21 891.85 39
998.86 894.43 31
1033.32 893.25 48
1064.90 888.83 38
1096.44 892.81 30
1134.85 890.99 45
1160.54 892.75 39
1190.63 891.67 33
1218.58 894.14 54
1253.57 894.00 35
1289.47 894.49 40
1317.70 894.45 33
1352.49 895.62 37
1384.49 895.25 33
1415.03 893.03 30
1451.56 889.31 46
1480.10 895.40 47
1512.81 891.72 53
1543.46 895.88 43
1575.45 894.81 33
1609.46 891.86 38
1639.20 893.85 20
1674.18 892.91 28
1702.12 893.04 47
396.03 852.31 38
422.33 848.26 33
454.13 849.73 43
486.70 848.05 39
523.50 847.01 31
550.00 848.16 37
588.21 846.84 47
619.80 853.04 33
647.94 846.81 38
677.05 849.57 45
714.68 849.68 37
745.16 848.15 31
775.30 846.51 40
808.98 845.94 49
838.43 851.57 38
875.93 848.71 37
907.77 851.17 36
937.14 843.70 54
966.01 851.98 40
1000.26 849.01 33
1033.33 846.70 44
1065.41 845.71 43
1097.47 847.46 42
1129.83 844.36 36
1163.52 849.56 40
1189.92 843.60 40
1223.28 844.64 33
1258.52 849.03 33
1286.70 848.10 35
1322.14 852.68 43
1356.38 851.49 37
1383.50 847.48 38
1417.03 847.33 31
1449.82 851.06 39
1484.51 848.97 41
1515.67 847.94 37
1541.45 854.06 45
1576.61 846.89 36
1608.19 854.40 38
1639.75 844.12 42
1676.33 848.54 32
1701.99 850.26 33
1738.00 851.86 43
1769.97 845.83 38
1798.88 848.02 42
1835.07 847.40 37
397.86 803.97 39
425.14 800.88 46
453.52 807.30 44
489.28 804.49 40
521.41 802.77 42
552.42 804.29 44
585.68 802.34 47
611.10 803.49 34
652.16 802.19 40
678.79 805.82 33
714.52 802.30 46
744.73 801.50 30
778.95 805.57 35
812.07 803.82 40
841.39 805.98 43
870.51 800.96 43
902.61 806.31 32
935.15 800.52 39
966.60 807.82 32
995.26 805.37 37
1029.03 802.16 41
1068.57 805.69 37
1095.82 802.64 34
1122.39 803.25 41
1155.80 814.57 34
1190.38 800.24 45
1227.85 804.95 42
1259.34 801.66 45
1288.38 802.42 35
1317.39 807.74 43
1352.73 806.82 24
1385.59 806.58 38
1422.75 808.46 41
1445.24 809.00 36
1488.20 807.32 41
1509.64 806.13 40
1542.47 801.96 35
1577.01 804.43 41
1611.11 804.76 20
1641.41 805.63 39
1671.43 804.63 38
1706.44 804.24 33
2400.41 1273.73 8
2396.06 1267.25 4
2394.17 1256.83 4
2389.86 1249.92 5
2385.77 1239.83 8
2383.27 1231.41 6
2379.76 1224.19 6
2376.34 1214.32 4
2372.92 1206.02 8
2368.73 1196.86 6
2367.00 1187.86 6
2362.76 1179.24 5
2359.04 1172.65 6
2354.55 1164.34 8
2352.00 1154.42 5
2349.53 1145.48 4
2344.82 1136.89 5
2342.36 1128.83 4
2337.97 1120.38 3
2335.11 1111.34 4
2331.94 1103.96 6
2328.09 1094.74 1
2325.24 1084.15 7
2321.69 1076.00 7
2318.50 1070.70 5
2315.27 1059.85 6
2310.61 1052.68 5
2308.22 1043.74 7
2303.00 1036.28 5
2299.70 1028.16 4
2297.78 1019.85 6
2294.38 1010.15 5
2290.38 1002.50 6
2287.60 991.54 7
2282.83 984.21 5
2280.27 976.42 5
2278.17 966.66 8
2273.94 958.45 5
2269.03 948.53 5
2264.28 941.23 7
2263.19 932.87 7
2258.97 923.66 5
2256.46 914.41 5
2252.81 906.81 4
2248.69 898.63 4
2244.42 891.18 8
2234.83 868.38 7
2233.22 857.19 6
2229.12 848.84 4
2224.07 842.42 6
2220.91 831.22 7
2218.83 824.06 6
2215.81 814.41 6
2212.03 806.29 5
2208.32 796.75 4
2205.17 790.41 7
2201.01 781.53 7
2198.26 771.87 6
2194.24 765.12 6
2192.22 755.33 8
2189.43 744.97 8
2185.70 738.04 5
2180.81 730.82 6
2178.25 720.46 5
2174.19 712.96 3
2171.34 704.21 5
2166.44 694.74 6
2164.43 687.64 6
2160.50 678.42 5
2155.57 670.59 7
2153.65 662.54 5
2149.98 653.01 8
2146.22 644.86 5
2142.84 635.37 5
2139.88 626.09 6
2135.95 618.69 6
2133.01 610.22 4
2129.69 600.68 6
2125.97 592.51 6
2122.09 584.68 6
2119.08 577.67 6
2114.94 569.00 6
2112.24 558.81 4
2109.33 550.36 4
2105.90 541.15 7
2102.13 533.52 5
2098.39 524.91 5
2095.39 515.53 5
2091.83 506.43 7
2088.18 500.83 6
2085.23 490.62 4
2080.97 481.82 6
2079.13 473.08 4
2068.31 447.13 7
2065.60 440.46 7
2061.21 430.79 5
2058.36 424.99 5
2054.61 415.88 5
2052.24 408.77 7
2048.20 397.50 3
2044.11 390.43 4
2041.20 382.02 5
2037.23 372.56 6
2033.31 365.73 5
2030.75 357.16 5
2027.03 347.48 6
2024.39 338.43 6
2020.42 329.43 4
2016.69 320.97 6
2013.91 312.70 4
2011.29 304.23 7
2006.39 296.83 5
2003.39 287.81 6
2001.64 277.00 7
1996.32 269.90 6
1993.59 260.01 7
1989.57 253.13 4
1986.55 242.25 8
1981.58 235.67 6
1979.07 227.77 4
1974.56 219.33 6
1972.60 209.38 5
1968.58 203.37 9
1965.72 194.23 7
1962.09 185.44 4
1958.43 175.70 7
1954.08 168.60 7
1951.60 159.83 4
1948.73 150.28 6
1945.39 140.70 5
1941.29 134.35 7
1937.91 124.77 4
1933.97 117.19 5
1931.12 108.09 4
132.10 1207.59 18
130.56 1183.06 17
129.49 1161.31 18
130.09 1136.73 15
130.19 1119.38 15
132.30 1094.91 15
132.95 1074.25 14
137.87 1049.17 17
137.77 1024.70 13
141.19 1007.90 17
145.87 981.61 15
150.59 960.56 17
154.57 940.00 16
158.77 917.07 15
168.50 898.31 15
170.49 871.81 15
184.27 853.79 16
194.59 826.11 16
196.70 808.17 14
201.59 787.87 15
213.73 764.16 16
217.38 743.25 16
229.68 719.89 14
233.60 700.56 14
244.45 678.87 13
254.46 654.20 16
258.54 633.43 15
267.43 610.13 14
277.33 587.25 16
280.12 565.09 15
283.31 543.99 16
286.30 518.56 17
290.54 503.53 16
295.49 479.39 14
296.01 455.22 18
299.59 433.10 17
300.27 409.21 16
304.22 388.84 18
301.05 366.26 16
300.30 341.83 15
304.74 320.89 15
303.30 298.35 15
302.18 275.26 16
303.64 253.16 14
299.32 226.51 14
295.97 205.91 16
301.28 185.37 17
296.94 161.12 17
94.58 1202.71 15
93.94 1183.56 16
88.44 1154.21 14
91.40 1133.97 15
93.79 1088.79 15
93.80 1068.69 16
98.42 1048.44 16
97.88 1018.29 15
105.91 1001.22 17
110.85 975.92 16
113.53 958.80 14
114.86 933.94 16
122.73 908.80 14
128.36 888.25 16
136.04 867.30 17
140.42 842.28 15
148.66 824.89 13
155.34 802.82 16
172.20 779.20 17
171.75 759.38 16
180.86 737.16 15
192.04 712.05 17
199.65 691.96 15
205.98 667.10 15
211.20 649.67 15
219.36 628.92 14
223.48 604.81 15
231.26 584.49 15
239.38 561.79 18
242.84 540.79 15
250.04 519.16 14
256.52 496.81 16
255.44 469.74 14
257.78 450.65 15
260.20 431.31 14
264.46 405.65 15
263.47 384.96 16
267.70 358.33 15
266.44 338.69 16
262.09 315.96 17
263.21 293.30 14
263.66 268.44 17
260.80 243.83 15
258.48 222.11 17
260.99 198.94 15
257.40 176.58 14
53.16 1201.15 17
52.55 1178.65 15
54.60 1156.20 17
50.37 1128.24 17
55.06 1104.89 16
52.61 1085.65 15
54.94 1062.69 15
55.95 1038.54 16
59.95 1017.86 16
67.11 995.38 17
63.82 975.73 16
71.82 953.68 16
81.27 927.41 17
84.16 909.30 15
91.67 883.43 15
97.46 861.53 15
104.58 842.56 17
108.53 820.58 14
114.23 799.23 16
119.17 774.32 18
134.41 756.54 14
144.66 731.99 17
149.51 710.16 16
158.98 689.93 17
166.06 669.59 14
180.15 641.85 17
182.15 624.57 14
190.44 604.18 18
195.80 581.34 15
194.83 557.52 14
201.76 538.63 14
213.89 514.11 18
209.34 489.45 16
218.69 464.58 16
222.58 445.02 16
222.82 421.41 15
220.27 400.98 13
223.76 373.83 16
222.38 357.45 14
222.53 337.90 15
221.42 311.50 16
227.18 288.59 15
14.23 1197.13 14
14.34 1175.16 16
13.69 1150.16 17
16.41 1131.36 17
11.60 1105.71 17
15.91 1081.57 15
16.73 1056.38 16
15.40 1039.02 16
20.52 1015.08 15
24.78 993.91 15
26.16 972.24 16
33.40 944.95 15
37.46 927.06 16
40.63 905.93 14
51.19 880.52 17
55.38 860.26 14
64.97 837.26 16
73.03 811.69 15
81.82 791.90 15
85.76 775.87 16
94.86 749.72 17
103.32 729.25 17
106.98 710.81 16
119.96 685.07 14
129.28 664.23 16
133.68 643.36 12
142.15 623.86 17
148.06 599.44 15
155.50 575.48 16
155.46 552.38 14
167.51 531.88 15
171.91 509.04 18
169.17 486.50 15
176.19 469.04 15
178.23 445.96 17
183.92 418.56 16
183.35 400.13 16
183.65 375.61 16
186.59 354.97 18
184.59 331.09 16
184.61 310.65 17
179.82 285.92 17
182.43 262.78 17
181.52 242.64 16
179.24 214.88 16
