1383.53 345.08 4
1397.74 347.28 4
1409.33 348.00 3
1422.42 349.76 4
1434.95 350.99 4
1448.17 353.71 4
1460.21 354.36 3
1727.79 195.19 14
1731.09 229.03 17
1729.31 260.49 15
1728.59 295.73 15
1730.31 326.38 16
1728.68 361.65 17
1728.99 394.24 16
1728.61 425.73 17
1729.98 460.78 16
1728.23 493.40 16
1778.92 195.78 16
1778.59 226.45 15
1775.55 262.90 15
1775.75 294.04 15
1774.80 328.10 14
1773.97 361.54 15
1773.87 393.88 13
1772.70 427.98 17
1776.02 459.37 16
1777.90 492.17 16
1825.83 195.35 16
1823.47 227.73 14
1818.53 260.53 14
1814.00 294.02 16
1812.14 326.86 16
1810.00 360.41 15
1808.01 394.19 17
1812.38 426.23 17
1818.33 460.64 15
1822.25 493.69 15
1866.27 195.96 16
1870.97 228.73 14
1866.34 261.90 17
1862.36 294.27 17
1856.85 327.06 14
1853.85 359.47 15
1855.07 393.53 15
1860.32 425.40 15
1865.72 459.50 15
1873.19 494.20 17
1929.94 196.31 16
1927.23 227.20 16
1922.84 294.79 15
1920.52 326.87 16
1919.47 360.37 18
1919.81 393.76 14
1922.01 427.50 15
1927.64 493.89 14
1980.29 197.27 17
1981.48 228.03 17
1979.70 262.64 12
1979.90 294.38 17
1979.34 328.12 14
1978.64 360.22 15
1978.81 393.51 17
1979.29 426.95 16
1978.93 460.86 16
1979.64 493.66 15
2032.52 196.45 14
2031.26 227.59 17
2033.06 261.19 17
2031.08 294.37 18
2030.52 328.19 14
2031.53 360.93 16
2032.18 393.77 16
2029.69 426.20 14
2030.88 460.39 15
2032.18 494.27 15
5.34 389.04 31
37.62 393.93 31
70.88 388.28 29
99.27 380.25 29
130.64 387.34 29
175.28 387.33 31
199.47 395.76 30
235.93 395.46 28
4.22 332.69 29
38.17 333.25 28
70.85 334.30 30
102.42 335.09 29
135.27 337.81 30
175.75 343.29 29
202.30 344.25 26
236.63 347.26 31
8.17 278.55 29
41.23 280.30 26
70.11 280.80 30
96.73 283.71 32
135.00 275.44 31
174.13 288.58 30
204.55 289.69 30
235.27 290.12 29
8.41 228.63 28
44.63 234.06 33
76.40 232.07 31
102.75 232.22 30
135.65 231.06 29
171.90 237.09 27
236.00 234.31 29
16.27 183.23 30
49.02 188.94 33
81.27 178.94 30
113.15 184.28 28
152.76 180.04 30
182.82 189.19 30
213.79 184.94 30
246.23 184.69 29
16.86 127.06 29
50.54 129.03 29
82.82 139.02 29
122.04 137.06 31
155.38 123.64 31
184.54 130.92 32
222.00 131.70 31
252.77 135.45 29
28.77 85.06 29
58.23 75.22 29
99.55 78.97 25
129.31 76.58 27
158.81 79.59 29
195.82 79.12 28
226.86 84.68 27
260.21 85.61 27
38.51 22.28 30
53.11 24.25 32
104.71 28.31 28
137.22 30.26 30
167.35 26.18 29
203.33 26.63 28
235.65 30.07 31
268.11 29.68 29
314.36 477.76 30
412.81 486.08 30
516.80 489.69 30
626.28 499.18 29
713.83 508.94 30
965.89 534.06 30
1079.90 537.84 29
1179.01 548.50 30
1282.05 551.79 29
1383.19 564.92 30
344.83 96.24 18
357.67 126.61 25
358.90 161.06 24
492.12 312.26 18
513.11 312.73 25
537.77 309.44 22
556.68 312.08 22
580.44 311.90 24
606.16 308.74 23
626.69 316.67 23
649.82 308.74 24
676.11 308.49 22
699.12 309.68 23
723.92 309.79 22
748.59 309.84 23
771.22 307.06 24
789.46 307.50 23
821.27 311.73 23
840.20 308.67 20
862.28 306.19 24
910.25 312.28 19
930.25 308.17 24
954.76 307.17 24
983.60 313.46 25
1000.71 314.48 25
1024.32 311.24 25
1046.44 312.96 19
1078.18 314.41 25
1094.84 310.82 20
1124.13 310.40 21
1143.68 309.60 23
1166.75 310.41 22
1190.63 307.63 23
487.94 271.91 28
514.05 270.50 22
535.27 270.54 22
563.16 276.71 24
583.46 274.27 22
606.92 274.77 27
630.61 274.97 19
654.82 277.95 25
676.86 272.95 18
700.48 273.26 24
723.17 270.96 27
745.60 276.44 23
770.82 273.69 24
795.09 274.90 19
814.64 277.72 24
838.79 274.12 24
863.22 275.46 21
889.76 274.17 19
913.38 270.45 27
933.27 273.18 23
953.58 274.42 22
977.88 274.40 25
1003.92 276.49 27
1019.75 272.87 23
1047.47 274.60 21
1072.17 277.64 22
1096.35 270.23 24
1120.92 270.33 23
1146.92 270.63 23
1168.03 273.97 25
1192.37 276.09 18
490.69 245.63 26
512.81 241.90 23
534.69 243.71 24
560.68 238.22 23
582.37 240.07 21
606.15 242.41 20
626.98 242.95 20
653.75 240.39 23
673.15 238.86 20
699.26 238.36 24
722.14 239.91 15
745.38 238.59 19
772.53 244.44 25
795.04 244.16 21
820.79 234.75 26
834.74 239.87 27
862.32 242.06 24
888.19 236.52 25
904.73 242.47 25
931.53 238.04 23
954.16 237.76 26
979.65 244.03 27
1001.05 239.96 22
1021.22 241.28 25
1053.74 243.31 23
1072.85 241.36 28
1097.79 234.00 24
1120.36 241.56 21
1141.88 239.68 20
1166.19 238.73 20
1192.61 239.54 24
491.44 200.91 24
509.97 198.44 20
536.66 205.25 23
559.93 205.56 23
585.81 200.20 23
604.82 206.25 19
631.95 204.47 22
650.98 204.21 18
675.82 209.40 21
704.30 207.60 25
726.22 203.72 21
746.12 207.37 19
771.76 210.01 25
792.57 210.04 20
818.34 207.69 24
842.00 209.13 21
860.40 210.29 25
882.55 204.80 21
911.48 203.80 24
932.24 206.37 20
956.22 206.42 23
981.83 208.66 25
1005.52 209.65 27
1030.50 206.23 21
1047.21 204.08 22
1073.35 205.09 21
1097.45 210.78 20
1120.23 203.08 23
1147.83 207.02 23
1171.11 203.25 27
1191.57 206.84 22
492.13 178.90 23
515.20 174.84 22
536.00 178.77 21
559.47 178.71 22
583.94 180.37 22
605.69 183.45 23
627.45 184.70 23
651.15 182.43 20
676.20 184.41 19
695.79 188.70 23
720.37 188.80 21
749.20 188.78 17
773.35 189.02 21
793.88 191.24 24
814.03 189.72 24
839.48 184.98 23
861.89 187.74 26
887.11 184.65 23
907.66 178.86 28
933.86 183.08 18
959.66 179.71 21
979.26 179.84 21
1000.69 175.33 22
1025.56 175.62 29
1054.12 180.84 24
1078.83 172.26 25
1094.33 173.93 24
1123.04 172.83 21
1141.16 172.22 25
1168.11 171.27 23
1188.70 170.32 22
493.09 137.50 27
511.21 142.15 25
535.62 134.72 19
557.71 137.32 22
582.97 143.01 22
601.78 140.42 24
628.53 132.70 21
657.36 137.20 23
674.32 144.57 21
701.66 139.34 18
721.27 139.42 25
744.59 136.06 26
771.87 138.69 23
792.58 137.22 22
815.37 138.78 25
843.23 140.07 23
864.26 139.26 21
884.55 139.96 24
911.13 137.78 24
932.77 136.71 21
952.34 135.74 21
981.76 135.13 23
998.40 134.73 22
1024.63 135.05 18
1049.86 133.39 24
1072.82 132.75 22
1096.33 135.75 21
1119.12 133.59 26
1143.22 135.97 25
1170.28 129.02 26
1187.72 139.66 20
489.46 93.74 25
516.36 99.83 21
538.71 99.99 19
557.42 99.76 17
581.97 101.73 24
606.21 101.43 22
653.63 101.81 27
677.86 96.28 22
701.95 98.37 26
724.48 100.92 21
741.63 103.87 23
770.99 99.99 26
792.17 104.73 24
819.20 98.79 24
839.15 101.75 23
864.63 103.46 25
890.83 95.18 25
908.65 99.63 31
934.27 95.34 21
957.62 102.81 27
980.45 103.59 23
997.10 103.34 25
1024.67 105.14 22
1047.40 102.01 21
1072.50 102.28 23
1096.09 98.08 21
1121.62 102.97 28
1144.03 98.96 19
1166.08 99.47 22
1192.28 104.38 22
488.18 64.00 22
516.39 63.92 24
538.70 64.46 24
556.89 62.52 24
580.21 62.86 23
606.46 58.73 18
631.44 68.49 23
652.82 62.56 21
673.86 58.48 23
697.53 67.84 26
723.35 60.94 21
748.02 62.98 20
769.03 66.39 19
790.80 62.62 23
817.01 64.69 16
843.39 67.21 24
862.53 62.34 25
885.35 60.14 22
932.14 66.76 26
956.71 64.73 20
978.05 60.48 25
1001.73 64.78 23
1027.77 61.40 22
1045.25 63.70 20
1073.83 63.57 18
1093.19 56.29 25
1117.57 63.29 19
1141.51 65.54 24
1162.27 69.29 20
1189.58 58.13 24
1589.04 153.74 4
1599.48 168.48 4
1610.37 183.46 5
1621.62 197.22 4
1632.86 211.89 5
1643.38 226.75 5
1654.24 241.38 4
1664.96 256.78 4
1607.91 138.38 4
1617.72 153.79 5
1627.99 168.68 4
1637.77 183.94 5
1648.11 199.19 4
1658.87 213.74 4
1670.95 228.03 4
1682.06 241.66 4
1626.48 122.42 5
1637.09 137.90 5
1648.44 151.97 5
1658.53 166.82 5
1669.47 182.38 5
1680.33 196.30 5
1691.53 211.57 4
1702.08 225.93 5
1243.85 267.93 19
1274.41 268.64 18
1298.18 269.47 18
1325.87 264.73 19
1356.71 263.29 19
1380.12 257.84 18
1405.77 253.80 18
1436.71 248.98 18
1459.29 242.98 18
1239.26 209.67 18
1269.59 207.21 19
1294.36 208.05 19
1323.82 208.59 18
1348.55 205.85 19
1376.32 199.63 19
1404.50 198.78 19
1434.57 192.14 19
1460.93 186.80 18
1233.95 155.26 19
1265.16 150.43 19
1291.17 151.18 18
1319.47 149.91 18
1346.88 149.19 18
1375.72 143.81 19
1401.65 139.16 19
1430.79 134.40 19
1453.42 130.30 19
1238.21 93.24 18
1268.74 91.49 18
1294.32 94.70 18
1320.29 101.41 19
1346.66 97.68 18
1378.89 97.42 19
1402.63 81.35 18
1432.75 76.70 19
1460.60 64.73 18
1242.32 37.44 19
1269.28 28.73 18
1300.37 34.05 18
1327.58 33.01 19
1354.02 29.81 18
1379.98 25.87 18
1409.03 20.78 19
1437.50 12.45 18
1465.78 6.46 18
