0.539951 0.027235 0.007509
0.563279 0.026326 0.007902
0.587286 0.026696 0.007731
0.609678 0.026688 0.007732
0.633917 0.025941 0.008116
0.698630 0.026810 0.006869
0.722805 0.027364 0.008394
0.748171 0.025709 0.007824
0.769956 0.026603 0.007853
0.794683 0.026141 0.007784
0.639903 0.341275 0.013987
0.662526 0.340891 0.013966
0.688185 0.334062 0.016692
0.715446 0.330074 0.013459
0.740329 0.325708 0.014133
0.761545 0.325436 0.013812
0.793828 0.315000 0.013106
0.815495 0.317741 0.013837
0.840697 0.313856 0.013626
0.870870 0.306076 0.014144
0.895219 0.301838 0.014388
0.920727 0.300159 0.012274
0.943240 0.292074 0.011708
0.654162 0.289133 0.014324
0.676961 0.284567 0.013039
0.701825 0.281300 0.010808
0.725997 0.276376 0.013104
0.749099 0.275850 0.014610
0.780252 0.271874 0.014756
0.807285 0.262641 0.014278
0.835578 0.261994 0.015919
0.857165 0.254732 0.014271
0.885355 0.253073 0.017000
0.906654 0.248994 0.010936
0.933202 0.245416 0.013071
0.960954 0.238560 0.012879
0.665947 0.233921 0.013839
0.692360 0.226418 0.017428
0.715785 0.224465 0.014517
0.742339 0.222682 0.015120
0.767326 0.216374 0.014598
0.796812 0.211691 0.013088
0.814500 0.210785 0.015412
0.843837 0.205247 0.013907
0.865769 0.202421 0.013309
0.893344 0.196257 0.016293
0.915220 0.194116 0.015481
0.941009 0.185941 0.011678
0.966121 0.188338 0.013822
0.672519 0.179341 0.013576
0.704140 0.174463 0.014966
0.721310 0.173913 0.013150
0.749625 0.169331 0.014263
0.775625 0.162743 0.013116
0.801050 0.159549 0.011122
0.827444 0.159145 0.015132
0.854759 0.149103 0.016158
0.879887 0.145032 0.014027
0.904816 0.139129 0.013672
0.924029 0.143032 0.015403
0.955663 0.132222 0.014373
0.978502 0.133941 0.013165
0.421343 0.174504 0.002964
0.425241 0.174592 0.002762
0.428953 0.174645 0.002990
0.433314 0.174797 0.002356
0.437030 0.174571 0.003476
0.441315 0.174690 0.002327
0.445321 0.174491 0.002903
0.448826 0.174463 0.002922
0.453376 0.175117 0.002890
0.421269 0.164047 0.003072
0.425692 0.163336 0.003045
0.428731 0.163868 0.003113
0.433288 0.163731 0.003031
0.437274 0.163903 0.002478
0.441327 0.163595 0.002713
0.445526 0.163939 0.002942
0.449502 0.163944 0.003215
0.454005 0.163968 0.002831
0.421502 0.153606 0.003260
0.425227 0.153513 0.002708
0.429101 0.153294 0.002985
0.432885 0.153212 0.003131
0.437556 0.153166 0.002380
0.441535 0.153317 0.002809
0.445539 0.153264 0.002335
0.449328 0.153159 0.003091
0.452762 0.152744 0.003218
0.420811 0.143002 0.003171
0.425411 0.142670 0.003423
0.429298 0.142384 0.003104
0.433017 0.142586 0.003128
0.437277 0.142600 0.002693
0.441384 0.142569 0.003150
0.445327 0.142744 0.002792
0.449558 0.143237 0.002862
0.453226 0.142570 0.003397
0.421078 0.132071 0.002833
0.425046 0.131727 0.002828
0.429415 0.132073 0.002881
0.433202 0.131894 0.002690
0.437450 0.131701 0.002714
0.441231 0.132351 0.002129
0.445590 0.132039 0.003305
0.449455 0.132193 0.002668
0.453485 0.132102 0.002267
0.420974 0.121693 0.003192
0.425471 0.121559 0.002486
0.429059 0.121676 0.002706
0.433615 0.121402 0.003118
0.437537 0.121271 0.002686
0.441362 0.121427 0.002915
0.445307 0.121828 0.003142
0.449744 0.121258 0.002677
0.453447 0.121290 0.002416
0.836144 0.110843 0.005720
0.835403 0.100695 0.006488
0.835549 0.093203 0.006492
0.837070 0.083762 0.007601
0.834855 0.075157 0.005569
0.833728 0.050649 0.003762
0.833240 0.041278 0.005510
0.832137 0.032015 0.005331
0.831222 0.023338 0.005313
0.832333 0.014507 0.004411
0.488180 0.327637 0.001525
0.490877 0.327779 0.001450
0.494172 0.328264 0.001512
0.497052 0.328632 0.001643
0.500153 0.328745 0.001548
0.071638 0.077406 0.002826
0.081925 0.081072 0.002894
0.091725 0.082364 0.002851
0.101122 0.083984 0.002700
0.110743 0.083454 0.002876
0.119664 0.081303 0.002778
0.129728 0.079929 0.002855
0.139401 0.077272 0.002854
0.148152 0.075583 0.002929
0.158617 0.071921 0.002843
0.167912 0.070420 0.002877
0.177838 0.070303 0.002851
0.187195 0.069433 0.002696
0.196644 0.070849 0.003051
0.206817 0.073449 0.002918
0.216214 0.075865 0.002788
0.226081 0.079011 0.002824
0.235009 0.080940 0.002884
0.244615 0.082763 0.003008
0.070830 0.051102 0.002992
0.080494 0.054460 0.002978
0.089857 0.056182 0.002983
0.099249 0.057775 0.002866
0.109088 0.057228 0.002922
0.118551 0.056136 0.002936
0.137994 0.051032 0.002982
0.146914 0.049120 0.002830
0.157055 0.046225 0.002883
0.166474 0.043951 0.002894
0.175498 0.043509 0.002842
0.185330 0.043359 0.002796
0.195102 0.044714 0.002694
0.204803 0.046891 0.002759
0.214398 0.049675 0.002849
0.223994 0.052600 0.002908
0.233392 0.055033 0.002858
0.242737 0.056328 0.002952
0.071572 0.025822 0.002817
0.081536 0.028832 0.002781
0.091234 0.030636 0.002972
0.100215 0.030664 0.003024
0.109473 0.031082 0.002873
0.119299 0.029528 0.002779
0.129427 0.027306 0.002958
0.138840 0.025087 0.002825
0.148529 0.021960 0.002869
0.157572 0.019201 0.002868
0.167491 0.018052 0.002914
0.177085 0.016982 0.002782
0.186616 0.017260 0.002963
0.196075 0.018556 0.002910
0.205700 0.020593 0.002782
0.214761 0.023200 0.002972
0.224759 0.026149 0.002873
0.234250 0.028779 0.002863
0.243800 0.030811 0.002843
0.399593 0.227173 0.006300
0.395350 0.213550 0.006200
0.389443 0.200686 0.006324
0.381124 0.188875 0.005980
0.371905 0.178463 0.006338
0.363049 0.167622 0.006244
0.355802 0.154814 0.006380
0.350615 0.141616 0.006290
0.346666 0.127756 0.006403
0.385167 0.232538 0.006407
0.380387 0.219227 0.006242
0.374399 0.205769 0.006184
0.367007 0.195058 0.006245
0.357043 0.183145 0.006062
0.348530 0.171910 0.006294
0.342152 0.160549 0.006046
0.336447 0.147543 0.006440
0.331766 0.133627 0.006083
0.372398 0.237398 0.006169
0.367207 0.223604 0.006433
0.360478 0.210408 0.006337
0.352679 0.199117 0.006243
0.343396 0.187408 0.006258
0.335185 0.176477 0.006133
0.327595 0.165229 0.005967
0.321869 0.152139 0.006250
0.316520 0.138601 0.006133
0.361336 0.239039 0.006402
0.356696 0.225631 0.006051
0.350508 0.213164 0.005941
0.342108 0.200957 0.006398
0.333323 0.190574 0.006348
0.324300 0.179202 0.005976
0.315820 0.167907 0.006390
0.309866 0.155731 0.006340
0.304109 0.143341 0.006020
0.351638 0.243581 0.006213
0.347524 0.229438 0.006312
0.342179 0.216700 0.006086
0.334035 0.204579 0.006445
0.324464 0.194353 0.006422
0.314086 0.183607 0.006245
0.305221 0.172858 0.006298
0.298178 0.160579 0.006401
0.291810 0.148549 0.005903
0.336132 0.253750 0.006394
0.333541 0.239501 0.006432
0.328479 0.225127 0.006415
0.320074 0.214184 0.005723
0.309063 0.204536 0.006326
0.298801 0.193857 0.006320
0.290679 0.181803 0.006126
0.284628 0.170483 0.006088
0.279148 0.156773 0.006037
0.317868 0.266820 0.006174
0.314582 0.253111 0.006263
0.309856 0.239038 0.006313
0.301658 0.227866 0.006296
0.290967 0.217657 0.006430
0.281467 0.207341 0.005968
0.274120 0.194844 0.006377
0.269058 0.182192 0.006393
0.264113 0.167887 0.005939
0.303793 0.278473 0.006451
0.299618 0.263855 0.006470
0.293444 0.252213 0.006413
0.285335 0.240801 0.006275
