1110.36 1175.13 20
1135.47 1169.30 21
1161.58 1171.14 20
1191.88 1171.26 20
1218.38 1167.44 20
1242.52 1165.57 20
1272.87 1161.69 21
1297.70 1160.44 20
1325.69 1164.34 20
1354.73 1158.01 20
1381.04 1156.36 21
1407.95 1154.34 21
1435.67 1157.49 21
1462.52 1152.04 20
1488.63 1151.34 21
1515.19 1149.39 21
1544.81 1148.86 22
1569.00 1147.55 20
1594.18 1143.10 21
1624.26 1142.58 20
1650.62 1144.07 20
1676.30 1139.37 21
1705.67 1140.41 20
1731.39 1137.36 20
1759.53 1136.37 21
1785.98 1135.37 21
1813.38 1133.61 20
1839.41 1133.24 20
1866.64 1127.56 20
1896.50 1129.14 20
1921.01 1125.16 22
1950.20 1124.86 21
1974.66 1121.52 21
2003.00 1122.74 21
2029.85 1121.69 20
2059.05 1118.88 19
2084.66 1116.38 20
2114.65 1115.79 20
2138.60 1116.16 20
2164.77 1113.06 21
2192.21 1112.01 20
2221.51 1108.08 20
2245.58 1108.37 19
2273.59 1107.83 19
2304.19 1107.64 20
2330.75 1106.40 21
1101.80 1146.15 3
1109.99 1145.17 3
1118.39 1145.06 3
1126.56 1144.24 4
1134.72 1143.78 4
1143.60 1143.40 3
1159.10 1142.81 3
1167.22 1142.15 3
1175.86 1141.36 3
1184.04 1141.28 3
1192.32 1140.45 3
1200.44 1140.03 4
1209.12 1139.69 3
1217.20 1139.26 3
1233.48 1138.37 3
1241.58 1138.14 3
1249.62 1137.38 3
1258.07 1137.62 3
1266.25 1136.59 3
1274.78 1136.26 3
1282.77 1135.95 3
1291.39 1135.29 3
1299.64 1134.48 3
1095.76 1121.93 21
1122.00 1121.63 20
1150.60 1119.47 21
1174.36 1117.03 21
1202.57 1116.94 20
1232.31 1118.46 21
1256.56 1117.29 20
1283.64 1111.68 20
1312.65 1112.37 20
1338.52 1108.46 20
1366.24 1107.18 20
1391.31 1105.78 20
1419.93 1105.83 20
1447.81 1103.64 21
1474.84 1100.52 21
1500.54 1099.48 21
1527.81 1096.50 20
1554.73 1096.32 21
1583.48 1093.01 20
1609.13 1093.28 20
1638.55 1092.04 21
1662.79 1088.91 21
1689.80 1090.87 20
1715.80 1089.18 21
1744.82 1086.14 21
1772.08 1084.44 20
1801.34 1081.07 19
1826.35 1081.25 20
1850.23 1078.72 21
1881.14 1076.83 20
1907.56 1078.74 20
1932.60 1074.84 20
1961.90 1072.93 21
1988.91 1071.19 21
2016.27 1070.09 19
2041.75 1067.81 20
2070.38 1066.72 20
2096.69 1066.51 21
2123.90 1065.70 22
2152.36 1061.26 21
2178.14 1063.67 20
2205.36 1060.44 21
2232.19 1060.00 19
2261.34 1058.89 20
2286.66 1055.79 20
2313.58 1055.54 20
1080.41 1073.70 20
1110.13 1070.73 21
1134.07 1070.06 22
1162.78 1070.04 20
1188.58 1065.84 19
1212.46 1062.83 21
1243.32 1064.48 20
1268.40 1062.13 20
1297.75 1061.80 21
1324.95 1059.66 20
1349.89 1056.84 20
1379.35 1056.71 20
1406.47 1055.02 20
1432.30 1051.77 21
1458.01 1051.65 22
1488.16 1051.95 21
1515.64 1049.55 22
1542.34 1049.51 21
1565.24 1043.45 21
1594.73 1044.69 21
1623.36 1042.50 20
1646.58 1039.05 21
1676.52 1040.11 20
1700.64 1038.09 20
1731.67 1036.66 21
1756.07 1034.54 20
1784.91 1033.75 22
1811.74 1030.86 20
1835.36 1027.96 20
1865.76 1029.53 21
1894.19 1028.71 21
1920.45 1026.27 20
1949.12 1023.51 21
1971.51 1021.22 20
2002.31 1024.41 20
2028.79 1021.34 19
2054.69 1019.94 20
2080.27 1015.80 21
2110.13 1014.37 22
2134.54 1012.76 20
2162.99 1012.73 20
2189.45 1011.83 20
2220.29 1008.46 20
2244.15 1003.16 21
2271.56 1006.70 21
2298.13 1005.47 21
1065.77 1023.62 21
1092.18 1021.53 22
1121.59 1019.15 20
1146.30 1019.92 22
1176.92 1017.92 21
1198.80 1015.21 19
1224.83 1011.68 20
1253.17 1011.22 21
1282.87 1011.93 21
1308.53 1009.50 21
1335.85 1008.38 21
1368.15 1004.96 22
1390.75 1004.32 19
1418.12 1002.69 20
1447.19 1001.64 20
1470.23 1000.35 22
1500.07 1001.09 21
1527.55 998.28 20
1553.95 995.46 20
1580.02 993.50 21
1604.69 991.26 20
1635.08 991.89 21
1660.73 988.20 21
1687.94 989.96 20
1717.08 987.45 21
1744.49 983.83 20
1768.45 982.68 20
1796.79 981.25 21
1823.93 979.37 20
1846.87 978.45 21
1881.11 977.82 20
1906.09 975.06 19
1932.43 973.82 20
1959.11 970.50 21
1987.07 970.65 20
2013.11 967.60 21
2038.40 968.19 21
2067.55 966.65 20
2094.65 965.10 21
2120.78 963.73 20
2151.68 961.87 21
2175.34 960.44 20
2205.38 959.90 20
2230.87 957.42 21
2258.76 958.19 21
2285.21 955.59 21
1053.44 972.25 21
1076.71 971.23 20
1104.99 968.56 20
1132.50 969.71 21
1158.97 970.01 20
1187.98 966.16 20
1213.27 965.50 20
1243.61 964.74 21
1269.20 959.88 20
1291.49 959.04 19
1320.59 960.81 20
1347.65 957.11 21
1377.33 954.87 21
1401.48 953.40 21
1430.96 952.89 22
1456.76 950.63 20
1483.04 948.24 21
1511.03 946.89 21
1536.37 946.60 20
1565.79 944.92 20
1591.04 943.38 21
1616.56 941.56 21
1646.62 942.27 21
1674.54 937.94 21
1702.14 935.77 20
1728.68 936.01 22
1755.62 935.78 21
1783.09 931.80 20
1809.94 930.27 22
1836.28 928.52 21
1865.90 926.92 21
1893.20 925.29 20
1919.09 924.55 21
1942.08 922.23 21
1968.99 920.12 21
1999.88 916.06 20
2023.74 918.42 21
2055.29 918.40 20
2079.12 915.48 20
2104.60 915.61 21
2134.37 911.70 20
2161.44 911.11 21
2184.69 908.63 21
2218.16 906.38 20
2243.39 904.90 22
2268.26 903.02 21
1037.41 923.87 20
1062.76 922.45 20
1091.61 922.37 20
1115.12 916.81 19
1142.81 917.10 20
1172.76 916.03 21
1198.60 913.76 19
1223.43 910.66 20
1251.18 912.10 20
1279.21 909.30 20
1307.80 908.86 20
1333.33 904.60 21
1361.45 903.51 21
1390.44 903.57 21
1413.52 902.50 20
1443.69 902.25 20
1469.16 900.57 20
1497.40 899.66 20
1525.00 897.42 21
1547.00 895.48 20
1576.04 893.41 21
1603.80 892.34 20
1630.96 891.27 20
1660.18 888.41 20
1686.95 886.96 21
1713.34 886.82 21
1740.51 883.34 21
1767.19 879.63 20
1793.87 883.75 20
1821.43 877.27 22
1847.08 876.06 20
1876.66 877.19 20
1900.94 873.43 21
1928.95 873.86 20
1955.15 871.96 20
1984.03 870.11 20
2009.75 870.38 22
2037.75 867.36 20
2068.82 868.05 21
2095.02 862.99 21
2121.85 862.89 21
2148.30 861.90 20
2176.63 861.26 20
2199.39 857.76 21
2230.12 856.90 21
2252.87 852.57 20
1021.29 873.34 21
1047.50 874.62 21
1075.85 869.35 20
1103.09 869.35 21
1131.28 867.57 20
1156.55 864.48 21
1186.32 864.75 21
1212.83 862.35 21
1237.75 860.50 20
1264.89 860.79 20
1291.84 858.13 20
1319.98 857.43 21
1345.84 854.71 19
1374.64 855.04 20
1402.36 854.71 19
1426.76 851.34 21
1454.49 849.22 20
1483.03 846.35 20
1510.47 847.63 21
1536.40 845.66 20
1563.16 844.56 22
1590.16 844.07 20
1618.69 840.26 20
1644.27 838.72 21
1672.21 837.24 21
1695.51 833.78 20
1724.18 835.23 20
1752.73 833.68 20
1778.97 831.63 21
1806.63 828.81 20
1834.78 826.49 20
1859.65 827.38 21
1888.08 825.07 20
1914.99 822.49 20
1942.20 821.88 20
1969.21 823.56 20
1995.35 818.57 21
2023.65 818.16 21
2051.13 817.08 21
2075.94 814.49 20
2104.91 812.40 21
2132.75 811.65 21
2158.74 809.48 20
2185.39 808.98 20
2211.51 807.27 22
2243.61 805.19 21
1015.20 853.32 8
1044.21 850.77 8
1086.88 848.67 8
1115.94 847.00 8
1144.22 845.10 8
1173.37 843.66 8
1008.19 823.20 21
1036.64 822.54 20
1059.64 821.77 20
1087.46 819.28 20
1114.32 818.82 21
1141.67 815.51 21
1169.87 813.66 21
1196.19 814.23 20
1224.33 812.06 20
1251.46 810.66 20
1277.77 808.94 21
1305.25 807.91 20
1331.94 804.75 21
1360.05 806.22 22
1385.46 802.52 20
1412.42 799.92 20
1439.87 802.38 21
1466.54 799.41 22
1495.60 798.75 20
1521.36 792.84 20
1545.98 792.86 20
1574.13 792.40 20
1600.41 789.76 20
1629.94 789.52 20
1657.94 787.77 21
1683.12 786.00 21
993.37 773.32 20
1017.91 773.78 21
1046.65 769.45 20
1076.18 768.98 21
1101.43 764.68 20
1127.11 764.00 20
1154.85 766.39 20
1181.67 763.88 20
1208.87 759.38 21
1238.71 758.29 20
1264.11 758.85 21
1290.68 757.71 21
1316.89 754.26 21
1344.88 750.55 21
1370.55 752.15 22
1397.64 751.78 20
1422.72 748.28 20
1453.23 747.33 20
1478.70 746.93 20
1506.44 743.60 21
1534.21 742.51 21
1563.06 743.64 20
1587.97 739.11 20
1614.70 741.24 21
1640.23 737.14 20
1668.47 734.37 21
1695.67 734.54 20
1721.84 733.65 21
1750.99 728.33 20
1775.80 729.58 20
1804.88 729.70 21
1830.32 727.13 20
1858.34 723.59 21
1887.14 722.47 20
1913.00 722.08 21
1938.60 721.28 22
1968.22 717.38 21
1994.58 718.63 19
2019.84 716.29 20
2047.42 713.60 19
2076.40 712.41 20
2104.11 711.12 20
2132.08 711.57 20
2157.83 707.56 20
2182.75 704.55 19
2210.99 707.44 21
976.09 724.44 21
1006.77 721.52 22
1029.55 722.70 21
1057.79 718.71 20
1085.53 717.74 20
1092.09 704.07 21
1141.74 714.67 20
1166.42 711.62 20
1193.87 714.05 20
1220.77 707.75 20
1247.35 708.19 20
1275.50 707.00 20
1303.00 704.60 21
1330.46 704.15 21
1355.39 703.17 20
1383.76 699.44 20
1411.80 699.94 21
1437.27 701.67 20
1465.98 696.53 20
1492.92 694.39 21
1520.24 693.58 21
1544.75 694.48 20
1574.11 690.22 19
1600.62 687.36 20
1627.32 685.34 21
1654.03 687.02 21
1683.01 684.35 20
1708.75 681.36 21
1736.00 682.21 20
1763.19 678.13 21
1790.54 679.81 21
1817.47 675.54 20
1843.80 675.86 20
1868.72 672.54 21
1898.61 670.80 21
1923.66 671.39 19
1953.66 670.99 21
1979.17 668.39 20
2008.12 665.53 20
2035.04 663.77 21
2060.95 662.32 20
2088.13 660.75 21
2115.29 660.87 20
2140.89 656.56 21
2168.30 656.77 20
2193.69 655.11 20
962.83 674.07 20
989.52 673.13 20
1015.67 670.54 20
1043.62 667.79 22
1071.33 667.75 21
1095.55 668.09 20
1127.13 667.76 21
1151.66 663.82 21
1178.41 664.51 21
1205.88 660.34 20
1231.49 659.68 20
1262.18 657.24 21
1287.92 655.38 21
1314.84 655.74 21
1341.08 651.12 21
1368.41 652.57 20
1396.88 650.30 21
1421.18 648.05 21
1449.67 644.66 20
1477.91 644.75 21
1504.04 643.11 20
1528.58 640.42 19
1559.35 639.84 21
1583.41 638.75 20
1610.11 636.85 20
1640.54 634.56 21
1665.95 633.57 20
1695.57 636.16 22
1721.01 630.79 21
1751.52 631.72 20
1775.10 626.64 20
1802.98 628.80 20
1828.31 625.08 21
1855.25 627.09 20
1882.87 621.34 20
1909.85 621.17 21
1937.87 620.15 21
1965.38 616.43 20
1991.57 616.59 21
2019.21 614.67 21
2045.01 611.57 21
2070.69 609.80 21
2101.12 611.36 21
2126.08 607.25 20
2154.52 606.42 21
2181.46 606.28 20
804.27 387.22 7
803.38 405.64 7
803.71 423.13 7
800.49 441.69 7
802.17 458.62 6
800.45 477.49 7
801.27 496.04 6
801.44 513.08 7
834.59 389.65 7
835.68 408.66 6
834.99 425.20 7
834.12 441.84 7
832.01 460.33 6
832.98 479.39 7
832.86 497.90 7
832.60 515.04 6
866.85 394.08 6
865.75 410.48 7
865.83 430.42 7
865.46 447.65 6
863.51 464.00 7
862.59 482.45 6
863.66 500.33 6
865.42 519.47 7
900.59 394.73 7
899.07 412.06 7
897.76 430.13 6
896.39 447.89 7
894.84 465.88 7
894.13 484.73 7
896.13 502.03 6
894.91 520.46 6
929.20 392.15 6
929.52 409.54 6
930.41 426.95 7
929.13 446.93 7
927.24 465.52 6
925.93 482.66 7
925.89 501.26 7
928.73 517.92 7
961.75 387.35 6
961.23 406.47 6
960.05 422.98 7
960.55 443.02 7
958.15 460.53 7
957.87 478.57 7
956.98 495.74 7
957.68 515.10 6
994.75 387.04 7
992.32 404.95 7
993.45 423.61 6
990.72 440.00 6
989.77 461.48 6
989.01 478.11 7
990.79 495.53 7
989.82 514.04 6
1024.24 388.13 6
1024.08 409.18 7
1023.21 424.87 6
1023.00 443.66 7
1022.08 460.62 7
1021.97 479.98 7
1020.41 499.43 6
1020.12 515.83 6
181.45 869.17 15
201.28 865.56 18
221.34 868.96 18
237.75 868.40 18
254.92 864.58 18
276.91 869.28 17
299.38 869.27 18
318.77 878.29 17
333.53 877.97 18
352.22 876.92 17
374.46 882.47 19
392.36 881.96 17
413.75 883.32 18
433.54 884.45 18
454.14 885.34 17
468.63 883.70 19
486.94 877.73 17
508.83 871.25 17
523.74 868.23 17
543.19 859.76 17
561.72 858.19 17
587.04 852.04 17
601.89 849.54 18
621.51 846.43 19
641.68 839.63 19
661.28 836.66 17
680.44 830.35 19
697.40 830.12 16
716.62 829.26 19
738.43 831.42 18
747.11 824.48 19
771.23 835.00 17
165.61 833.48 17
185.67 835.06 19
203.40 829.99 19
227.20 836.03 17
239.71 833.53 19
258.52 834.50 17
281.39 837.73 16
299.69 836.20 17
320.31 846.73 17
336.83 845.44 20
358.18 850.49 18
375.86 847.95 18
394.31 850.36 17
417.80 852.60 17
435.53 851.18 16
453.02 847.12 17
472.40 845.50 18
495.82 842.75 16
511.70 833.09 18
531.11 831.95 16
548.59 823.69 18
569.11 819.13 16
587.54 819.35 17
606.19 808.31 18
630.81 807.84 17
647.26 799.39 16
670.37 800.95 18
684.79 800.53 19
704.28 797.67 16
725.87 796.83 14
738.34 798.78 17
762.35 798.36 15
153.88 802.83 18
167.00 800.22 17
188.85 801.28 19
212.20 796.29 18
228.51 802.80 19
239.59 786.45 17
269.43 805.38 18
282.08 801.05 18
308.90 812.19 18
324.59 813.77 18
347.46 816.27 18
366.59 814.39 16
385.22 814.17 19
402.61 816.46 18
423.30 813.65 18
445.11 822.50 18
456.43 816.05 16
480.59 810.58 16
503.26 808.22 16
519.10 803.04 17
537.05 800.71 16
555.38 791.35 18
575.35 781.43 17
596.11 783.93 18
614.26 772.50 16
629.78 770.90 18
647.89 767.47 19
672.32 765.91 17
689.48 766.87 18
713.59 764.98 19
731.63 765.03 17
750.09 763.65 17
139.46 771.22 16
159.02 771.39 18
172.49 768.71 19
193.55 768.60 17
220.13 767.43 18
238.33 769.16 18
252.35 763.27 19
274.64 773.25 16
296.58 779.58 17
312.39 779.69 17
330.54 780.95 18
352.51 788.71 17
369.04 784.17 16
391.04 787.70 17
408.52 786.66 19
425.89 787.23 18
449.83 782.52 17
465.92 781.52 18
485.37 778.25 17
507.20 768.91 17
525.79 761.94 20
546.83 760.74 18
561.36 757.17 19
579.04 749.68 16
601.18 751.93 19
616.96 738.68 17
639.12 741.86 18
657.63 730.74 17
681.62 734.28 18
696.27 732.24 17
717.95 727.46 17
736.18 729.93 16
132.94 757.35 6
142.57 757.35 6
151.33 756.27 6
160.63 754.96 6
169.70 754.74 6
178.63 752.68 6
188.38 752.51 6
205.27 754.23 5
214.83 753.75 6
224.53 755.07 6
233.03 755.50 6
242.33 755.01 6
128.58 744.07 17
147.13 737.40 17
166.58 732.60 17
184.27 734.82 17
204.26 731.06 18
223.01 736.11 17
246.50 737.84 18
264.03 737.86 18
284.64 746.39 18
296.38 744.45 17
315.87 745.78 18
339.94 748.75 17
361.31 753.47 17
378.57 751.36 15
397.68 747.29 19
418.07 746.70 16
439.66 750.42 17
453.32 746.50 17
470.84 743.36 17
498.62 745.23 18
515.02 735.69 18
532.95 726.59 18
557.09 721.06 17
576.43 724.97 17
587.92 717.86 18
615.88 707.52 18
633.04 707.92 17
650.13 706.80 17
664.90 703.30 17
685.42 700.52 18
708.00 699.88 16
726.70 697.63 18
118.15 710.58 17
131.93 704.36 16
153.13 702.70 17
171.34 702.77 16
192.41 700.18 17
215.58 702.97 17
230.46 702.38 16
253.28 701.04 18
270.59 707.25 18
287.99 706.97 18
308.25 706.54 16
329.29 719.98 17
348.37 717.85 18
365.91 713.51 17
384.51 718.29 18
407.21 715.67 17
427.06 719.19 18
445.47 719.00 18
469.24 713.03 17
486.01 712.31 19
503.26 705.28 18
524.65 697.63 16
543.49 692.71 18
559.51 695.33 19
586.43 688.38 19
596.87 678.58 17
617.52 676.77 18
638.50 673.10 18
658.18 669.78 17
676.48 667.88 17
690.41 664.75 18
716.66 668.84 19
110.58 692.19 3
113.82 691.35 3
117.98 690.44 3
120.87 691.07 3
123.52 690.38 3
128.12 689.45 3
131.66 688.71 3
134.58 688.77 3
138.46 687.29 3
147.26 687.07 3
151.46 685.98 3
154.14 685.65 3
157.85 685.34 3
107.25 680.49 18
126.69 671.51 17
145.75 673.38 17
164.72 670.20 16
178.88 666.20 18
197.47 667.63 18
221.92 667.18 18
244.85 672.27 16
260.46 673.62 17
276.99 673.54 16
303.74 682.94 17
317.22 676.99 17
337.21 683.67 17
364.50 685.95 17
378.34 686.75 17
393.62 686.95 18
420.21 685.52 17
438.86 681.96 18
459.97 683.67 19
478.40 679.62 18
494.23 671.24 17
509.43 667.30 19
537.12 663.67 16
556.12 657.71 17
569.33 653.09 17
587.11 650.05 18
611.10 643.76 18
630.76 638.55 18
652.09 640.43 19
670.90 633.52 20
689.36 630.09 19
709.73 632.95 16
97.22 648.13 17
117.75 644.08 18
137.05 641.32 17
155.48 637.44 17
175.55 633.49 17
191.67 639.21 17
213.00 634.02 18
229.74 634.32 17
250.63 638.31 17
268.86 640.55 17
293.73 647.94 18
307.42 646.28 17
330.99 652.94 19
351.79 650.40 18
370.99 651.98 18
389.46 652.86 18
413.38 653.20 17
425.56 653.39 18
446.68 650.81 19
466.52 645.23 18
487.61 646.13 18
507.92 636.28 18
529.41 630.21 17
544.43 626.47 15
566.28 620.73 17
588.25 618.71 19
602.39 615.54 18
626.50 612.06 17
646.90 608.20 18
667.10 602.84 18
680.87 594.37 18
701.68 596.67 18
90.99 613.84 18
110.32 611.56 17
128.92 607.86 17
148.63 601.98 16
170.74 604.10 17
188.99 603.27 18
207.48 603.80 17
230.01 605.56 17
248.00 604.86 17
263.23 608.57 20
286.62 610.78 18
303.47 613.14 18
323.23 615.24 19
348.41 622.01 17
367.68 620.68 19
380.27 620.66 18
403.12 618.11 18
424.71 618.48 16
439.81 614.56 17
464.14 617.57 16
481.20 611.73 18
495.19 613.28 19
519.93 604.61 17
540.56 597.92 16
557.52 593.53 18
575.86 585.36 18
597.71 580.49 17
621.07 575.62 18
642.44 570.96 19
658.33 573.95 18
679.16 572.76 17
699.06 570.92 19
85.19 579.98 18
103.13 580.18 17
123.52 577.79 17
147.96 579.76 18
165.95 572.40 15
182.54 567.95 17
198.30 569.77 16
214.36 571.83 17
242.08 572.81 18
262.52 568.71 18
278.52 574.48 17
302.77 583.08 16
321.08 586.64 17
342.71 584.81 18
359.05 587.86 17
381.58 589.15 18
398.41 586.59 18
423.19 590.50 19
431.58 585.44 19
459.99 584.31 18
477.59 584.63 19
498.91 572.34 18
516.88 565.88 18
540.99 567.82 18
550.64 567.25 18
571.46 556.18 17
595.62 551.23 17
613.00 544.13 17
635.59 540.79 16
649.08 540.85 19
673.81 534.88 18
694.31 533.75 16
76.73 555.02 16
100.56 552.48 18
119.02 547.04 19
138.03 540.21 17
162.00 542.00 16
176.24 536.88 17
199.80 538.97 17
215.98 542.92 17
238.76 541.61 17
256.74 540.15 19
276.54 543.15 18
300.30 546.91 19
316.97 552.02 17
338.01 549.38 18
356.14 551.03 17
376.15 555.26 18
392.23 554.26 17
412.28 555.29 17
432.43 554.08 18
452.04 555.14 17
475.80 549.83 19
487.88 547.30 17
511.32 536.96 17
533.69 539.43 19
550.92 530.02 18
568.99 526.69 18
593.12 520.92 19
606.73 518.64 17
627.40 512.07 16
651.82 502.41 18
670.80 506.02 18
689.16 504.04 18
78.76 523.18 18
96.00 517.70 17
117.33 514.62 20
135.62 508.46 17
155.50 505.89 18
168.67 527.80 17
198.10 501.77 18
211.45 504.47 17
234.10 505.08 19
253.55 507.32 17
270.28 506.53 17
291.30 511.07 16
310.90 515.44 19
333.14 516.61 17
353.42 522.06 17
371.89 525.18 18
389.30 523.44 16
406.95 517.96 18
430.96 520.34 17
447.68 520.20 17
471.65 516.53 17
488.01 511.74 17
508.78 511.96 17
527.06 507.04 18
543.89 499.94 19
564.07 494.71 19
590.28 490.80 19
608.03 486.08 18
627.79 475.96 17
650.12 480.16 18
666.29 474.16 17
687.94 470.20 18
74.98 507.11 4
84.56 504.49 4
94.06 502.48 3
75.15 493.53 16
94.52 486.94 17
113.27 481.85 17
131.23 484.65 17
154.36 475.32 17
173.52 472.20 17
189.29 475.24 18
213.92 469.10 17
231.78 470.95 19
252.44 473.06 18
271.80 477.43 18
292.90 478.61 17
310.31 479.09 18
329.43 484.14 17
348.85 487.28 16
365.11 486.28 18
385.29 487.64 17
409.45 490.57 18
430.68 488.13 17
442.15 491.90 19
466.58 480.52 20
484.12 482.57 17
508.10 477.84 17
528.65 475.10 17
547.58 470.07 18
566.71 465.64 19
586.30 461.63 18
603.17 455.28 18
621.76 448.95 17
646.68 449.33 17
663.14 444.11 18
681.67 439.84 18
69.86 460.47 18
93.16 459.35 17
109.94 453.66 18
132.69 449.35 18
145.67 444.16 18
170.56 442.94 18
191.15 432.93 18
210.49 435.66 18
233.42 438.28 20
246.27 444.04 19
272.84 443.27 17
292.48 442.63 18
310.07 447.23 18
334.01 449.28 18
345.52 450.89 17
368.22 451.65 18
390.26 456.21 17
407.17 457.88 17
422.27 458.71 16
443.84 458.87 16
460.96 459.29 19
482.63 455.46 17
505.91 450.43 18
523.79 445.24 18
542.46 438.09 17
561.65 437.87 15
579.12 430.35 20
601.77 430.39 18
629.19 418.24 19
643.85 412.01 18
662.37 406.17 17
688.35 408.43 18
68.66 429.02 18
89.93 423.43 17
104.91 421.12 18
125.36 417.30 17
149.31 415.45 17
166.15 406.44 19
190.90 409.47 18
207.07 406.59 17
228.78 401.61 17
247.35 406.36 18
269.42 408.61 16
282.07 410.48 17
301.05 413.36 17
327.50 414.47 18
345.99 416.27 17
363.57 421.88 19
388.04 418.39 17
401.45 420.68 18
426.26 422.68 18
445.72 427.72 16
465.07 420.85 18
485.27 418.36 18
505.52 419.33 16
519.00 415.14 18
544.82 415.62 18
562.23 406.87 17
582.72 401.87 17
601.22 395.17 17
615.40 388.35 18
637.37 384.25 17
663.91 376.82 17
681.39 375.67 17
66.19 398.95 16
85.50 394.44 17
109.33 389.72 17
127.92 386.24 18
146.59 379.77 18
164.09 378.84 18
188.83 377.20 19
205.44 379.85 17
220.74 380.49 17
245.72 376.14 18
263.44 375.91 20
285.41 377.00 17
308.30 384.19 19
323.46 378.17 17
345.49 387.68 19
367.09 391.32 18
381.48 384.92 18
402.55 388.76 17
417.91 392.52 18
437.90 393.47 17
465.46 391.92 15
485.57 388.56 18
500.48 383.07 18
523.45 378.68 17
539.88 377.98 19
557.96 372.13 17
578.47 374.01 17
599.75 361.63 17
620.96 356.39 18
640.56 359.98 18
658.06 350.29 19
681.31 342.96 18
71.23 370.35 17
81.79 368.83 18
105.26 359.92 19
125.08 356.48 16
143.02 353.13 17
164.59 351.03 19
180.97 343.08 19
204.19 342.69 19
219.81 345.92 16
242.37 338.48 16
264.23 345.35 16
279.14 341.99 17
301.48 347.13 18
312.33 342.67 18
335.77 348.65 18
359.49 351.43 16
380.02 355.85 18
405.49 361.23 17
419.32 362.86 17
439.05 355.76 18
462.74 363.48 17
477.44 355.41 18
499.34 352.45 15
518.14 357.07 18
542.61 345.67 17
557.10 344.78 16
581.35 339.24 18
594.58 337.84 18
615.09 328.10 19
638.33 318.99 18
653.23 319.21 18
673.41 317.47 16
62.58 339.87 17
86.37 335.28 17
102.55 332.51 19
121.47 325.77 17
140.72 319.06 18
162.52 315.80 17
181.23 313.71 17
198.20 308.49 16
219.60 304.97 19
244.33 305.34 18
265.30 311.69 17
277.86 311.67 16
296.57 310.01 18
323.92 314.34 18
338.57 315.42 17
357.31 316.26 17
377.93 320.59 18
394.30 323.95 17
420.50 323.41 18
441.23 327.66 18
455.48 325.03 18
475.48 328.24 18
496.21 323.47 17
516.47 319.85 16
533.80 316.33 19
555.75 314.51 18
576.20 306.88 17
598.20 303.13 19
620.40 294.89 16
634.25 292.30 18
652.86 288.27 17
675.13 280.00 19
60.48 311.04 16
78.86 307.61 18
100.38 300.57 17
124.09 299.01 18
140.77 289.55 19
158.05 286.93 16
178.17 279.33 17
198.06 273.99 18
217.32 274.42 17
232.76 275.75 19
257.79 274.64 17
277.41 273.74 16
300.16 273.38 18
317.93 277.27 18
336.75 285.91 18
357.17 287.54 17
371.63 283.27 17
389.34 287.78 18
410.17 293.42 17
433.39 294.14 15
450.48 294.96 18
475.56 292.49 16
495.42 289.03 17
508.22 288.61 17
532.36 285.73 18
552.85 283.10 18
569.57 275.02 19
593.92 270.05 17
611.83 265.21 18
631.56 258.71 17
651.84 259.48 18
664.59 254.34 18
51.61 282.27 18
76.15 275.26 18
95.49 269.81 18
120.91 260.42 17
134.54 260.31 19
158.95 256.21 18
173.15 250.42 19
194.46 248.67 19
211.83 243.67 17
229.31 243.56 19
251.67 242.22 16
270.88 244.60 16
292.10 244.74 18
308.34 243.88 19
333.11 247.20 17
351.12 246.39 17
367.94 255.72 18
389.94 252.06 19
408.66 254.44 17
433.61 260.74 17
447.27 257.93 17
468.79 258.91 18
486.51 259.83 17
506.50 258.46 18
529.41 253.72 16
546.48 249.61 17
563.13 248.68 17
586.20 238.36 17
604.13 231.58 17
624.24 230.75 18
645.23 230.26 17
664.30 218.74 17
48.09 247.73 18
68.29 244.57 19
93.75 242.48 18
111.09 231.14 19
132.84 229.19 18
147.96 222.73 18
170.94 218.71 16
192.07 214.25 17
210.13 213.02 18
229.02 212.53 18
252.27 211.66 19
262.08 203.87 17
287.32 211.93 16
308.36 212.65 17
326.15 211.72 16
348.04 211.84 16
362.18 215.65 17
384.24 222.82 17
404.73 224.04 16
426.18 225.12 17
442.88 226.42 15
462.61 225.23 16
482.74 226.31 19
505.30 227.96 18
522.39 221.02 18
542.99 218.09 18
566.82 206.97 18
579.58 210.17 18
596.22 206.86 18
618.67 204.06 18
636.98 194.95 19
657.91 189.65 18
47.02 216.06 16
65.74 213.52 18
84.04 212.84 18
104.35 203.47 18
125.31 195.43 17
143.54 189.46 18
164.15 187.09 18
186.74 184.83 16
202.43 182.29 17
223.73 180.48 19
239.54 176.86 17
259.82 176.45 18
277.81 177.13 17
299.84 176.74 19
317.95 177.70 15
341.92 183.01 18
357.90 184.72 17
380.20 194.55 17
41.14 197.22 9
56.47 191.22 8
67.62 190.40 8
82.80 182.77 8
98.40 182.69 8
113.64 176.84 7
127.11 172.57 8
40.28 189.57 19
56.67 181.57 16
77.41 179.14 16
95.33 170.84 17
114.64 167.98 17
133.98 158.56 18
157.93 157.74 18
174.69 154.34 18
192.93 150.69 17
215.99 151.56 17
236.25 144.83 17
255.23 143.91 17
272.73 144.31 17
289.78 142.81 18
311.49 146.53 18
329.36 150.25 18
354.40 151.49 17
365.91 155.81 18
387.42 152.93 18
407.31 154.21 17
433.00 164.11 19
447.57 161.90 16
468.07 164.16 17
491.42 163.36 18
510.23 155.59 18
26.75 158.41 19
47.63 150.03 17
67.91 147.42 16
89.81 141.72 17
108.11 134.66 18
126.91 132.42 17
169.24 122.51 18
188.84 121.43 17
206.20 113.09 17
221.71 112.14 17
245.95 112.37 17
264.87 111.72 18
284.27 108.77 17
307.92 120.25 17
319.66 115.97 18
341.79 115.89 17
359.36 115.55 17
382.99 121.65 18
401.53 125.73 18
416.38 121.36 19
440.84 124.11 17
460.57 129.18 18
477.78 127.76 16
497.06 131.44 19
516.62 123.27 17
534.22 123.29 17
557.03 121.19 18
574.11 116.49 17
596.25 109.74 19
612.99 101.10 18
635.22 99.32 17
27.37 142.03 2
35.19 141.01 2
43.59 139.64 2
51.75 137.59 2
59.53 135.51 2
73.35 132.27 2
81.79 129.80 2
89.93 127.45 2
98.13 125.55 2
106.36 123.02 2
119.72 119.78 2
127.57 117.76 2
136.58 115.06 2
144.35 112.90 2
152.96 110.63 2
20.44 127.59 16
40.47 123.11 18
60.57 116.73 17
82.09 109.71 17
95.93 113.26 19
117.66 98.97 17
139.63 96.93 16
157.93 93.34 15
172.64 85.02 19
195.28 83.80 16
218.17 83.43 18
231.14 77.28 18
254.36 81.57 18
274.79 79.55 17
289.72 74.80 17
313.32 79.78 18
330.76 81.14 18
349.19 87.59 19
373.22 88.55 17
389.62 94.84 19
406.35 93.74 19
424.68 95.20 17
445.27 97.22 17
464.30 95.08 18
484.66 94.33 16
507.83 93.70 16
523.04 91.64 17
544.68 82.41 18
561.98 84.62 17
580.97 77.36 17
603.24 74.48 17
625.68 71.37 18
1428.61 360.91 14
1423.51 341.46 13
1405.66 287.97 13
1399.40 265.56 13
1620.31 578.88 5
1618.98 558.72 5
1617.02 540.46 5
1614.74 519.17 6
1613.08 499.37 6
1608.05 449.45 6
1606.51 430.33 5
1604.77 410.60 6
1602.50 390.93 6
1600.90 371.17 5
2454.68 1221.68 13
2459.48 1193.59 14
2469.16 1163.50 15
