0.298642 0.498548 0.018416
0.310285 0.495647 0.015364
0.321483 0.494028 0.015787
0.335007 0.493697 0.015287
0.345860 0.492024 0.018322
0.360015 0.488518 0.016351
0.373182 0.487501 0.015291
0.385505 0.483652 0.016665
0.398450 0.481304 0.015038
0.411924 0.478973 0.013317
0.424104 0.476486 0.015750
0.435700 0.474977 0.014730
0.450521 0.471689 0.015451
0.461694 0.469278 0.014568
0.476497 0.466532 0.014327
0.487492 0.466170 0.010748
0.501384 0.461626 0.014697
0.515150 0.462364 0.018615
0.524827 0.458319 0.013568
0.538403 0.456364 0.014364
0.551327 0.454204 0.015238
0.563714 0.452540 0.015570
0.575912 0.452162 0.014106
0.587556 0.448889 0.016515
0.602425 0.449123 0.012802
0.613214 0.448602 0.016121
0.628845 0.447743 0.015919
0.641049 0.448540 0.016249
0.653497 0.447238 0.014263
0.666774 0.447789 0.017115
0.677674 0.448652 0.013993
0.690865 0.448124 0.010129
0.702733 0.446574 0.016377
0.715827 0.447923 0.014211
0.728859 0.449608 0.015130
0.738575 0.453784 0.012440
0.755140 0.451809 0.014045
0.766359 0.452363 0.013147
0.779489 0.452917 0.012336
0.793592 0.452247 0.017214
0.805552 0.453277 0.013378
0.820102 0.454820 0.015910
0.829984 0.457629 0.015309
0.844697 0.456098 0.017912
0.856124 0.455406 0.015319
0.868476 0.455774 0.019444
0.881079 0.457683 0.013999
0.895499 0.456250 0.017626
0.290761 0.483279 0.005860
0.294327 0.483879 0.003708
0.298623 0.483289 0.005320
0.584272 0.433108 0.015800
0.594382 0.432545 0.014295
0.608101 0.431217 0.013302
0.583276 0.416622 0.016409
0.595821 0.414557 0.013173
0.608873 0.415005 0.014193
0.586232 0.397294 0.013177
0.598258 0.396749 0.014578
0.609547 0.394978 0.018424
0.587752 0.380290 0.015770
0.601236 0.380933 0.012136
0.612180 0.380739 0.016432
0.591684 0.364460 0.014109
0.604875 0.363398 0.013044
0.618001 0.360594 0.012746
0.596579 0.346884 0.014952
0.609389 0.346275 0.017994
0.623484 0.345715 0.014125
0.603933 0.329207 0.013564
0.617297 0.328789 0.018060
0.629931 0.326593 0.015902
0.609453 0.313048 0.017030
0.625109 0.310414 0.015426
0.636194 0.308563 0.014258
0.630613 0.296659 0.011093
0.629118 0.294329 0.017465
0.643717 0.292375 0.012400
0.622603 0.277204 0.009685
0.638095 0.275618 0.019618
0.647595 0.277467 0.018096
0.625786 0.259011 0.017763
0.641994 0.260595 0.017862
0.653685 0.260545 0.012840
0.630701 0.242092 0.013297
0.643835 0.242141 0.010802
0.657443 0.241033 0.013472
0.632472 0.224952 0.014725
0.646056 0.225256 0.010168
0.658530 0.222783 0.015435
0.339927 0.260580 0.004219
0.344420 0.259483 0.003779
0.349367 0.258641 0.004837
0.634032 0.208644 0.015502
0.645828 0.207515 0.020308
0.659814 0.206759 0.014099
0.634791 0.190169 0.016136
0.647412 0.190146 0.015886
0.660111 0.191399 0.013291
0.341873 0.224010 0.002498
0.344927 0.223777 0.002778
0.640657 0.172190 0.015866
0.653785 0.173197 0.014582
0.103183 0.180529 0.011453
0.122234 0.178264 0.014659
0.137822 0.175238 0.017596
0.156415 0.172128 0.011348
0.174299 0.170027 0.019291
0.191668 0.167855 0.009430
0.210768 0.165381 0.014830
0.227860 0.163451 0.013052
0.245591 0.160867 0.011096
0.263648 0.159521 0.016165
0.280305 0.158445 0.018496
0.298779 0.155635 0.018737
0.317207 0.153251 0.009946
0.334691 0.151918 0.011614
0.352857 0.150038 0.014490
0.370521 0.149584 0.013377
0.388339 0.147910 0.011349
0.407588 0.147260 0.016107
0.423935 0.145725 0.018242
0.443292 0.143931 0.017213
0.460938 0.142042 0.019484
0.479808 0.142530 0.007480
0.498341 0.140207 0.012046
0.516269 0.138329 0.009795
0.533272 0.137885 0.014896
0.552547 0.135419 0.016235
0.569887 0.130815 0.015933
0.589856 0.132907 0.011579
0.607027 0.131106 0.011435
0.625814 0.129970 0.009881
0.644267 0.128028 0.009211
0.663593 0.125345 0.009907
0.681398 0.123725 0.018186
0.699634 0.121486 0.011309
0.718525 0.119774 0.012940
0.737873 0.116555 0.013063
0.754845 0.117158 0.012712
0.774779 0.112006 0.010303
0.793547 0.109237 0.010861
0.811300 0.106875 0.007833
0.830729 0.103350 0.006096
0.849964 0.099268 0.016851
0.868336 0.095577 0.012849
0.107873 0.158926 0.012257
0.124688 0.156424 0.010025
0.141449 0.154352 0.010834
0.161660 0.152933 0.016381
0.178239 0.148081 0.016168
0.195707 0.147087 0.011659
0.212906 0.145385 0.006146
0.231890 0.141447 0.014448
0.249826 0.141234 0.014191
0.266802 0.140404 0.010851
0.285424 0.136829 0.006112
0.303277 0.135908 0.009550
0.321610 0.134151 0.013353
0.339946 0.132819 0.018180
0.357308 0.131045 0.010759
0.376234 0.128856 0.016600
0.392953 0.128579 0.013085
0.412152 0.127229 0.007537
0.429753 0.125783 0.016539
0.449569 0.124425 0.008913
0.467424 0.123054 0.014986
0.486459 0.121305 0.013678
0.503851 0.120478 0.013112
0.521687 0.118098 0.011517
0.542562 0.115386 0.013078
0.560379 0.114922 0.012393
0.578534 0.114266 0.013448
0.598633 0.111512 0.011322
0.615993 0.110076 0.013840
0.636063 0.109587 0.018505
0.654021 0.107189 0.015981
0.672304 0.105841 0.017723
0.690066 0.103718 0.013550
0.727712 0.098827 0.018098
0.746923 0.095810 0.012364
0.764847 0.094300 0.014636
0.785100 0.091096 0.013688
0.801946 0.088220 0.012262
0.820879 0.085177 0.014450
0.839445 0.082587 0.012387
0.859136 0.079086 0.009757
0.878673 0.075044 0.018782
0.109646 0.138947 0.008825
0.127690 0.136487 0.006744
0.144604 0.133699 0.015296
0.163544 0.131099 0.005950
0.179317 0.134652 0.006228
0.199761 0.125896 0.011474
0.217897 0.124051 0.011978
0.234152 0.124908 0.016369
0.253807 0.122034 0.015803
0.273384 0.119730 0.015964
0.291553 0.117382 0.009328
0.308272 0.117386 0.017727
0.328541 0.114276 0.014793
0.344195 0.112600 0.013455
0.365817 0.110310 0.016558
0.382913 0.109686 0.015288
0.401503 0.108242 0.010590
0.420579 0.106246 0.011594
0.437865 0.105671 0.009685
0.456142 0.103866 0.016247
0.475383 0.102506 0.015128
0.494683 0.101142 0.012305
0.514840 0.099004 0.014769
0.531649 0.098171 0.012513
0.550114 0.097100 0.011870
0.568018 0.096073 0.013986
0.586552 0.094146 0.013255
0.607453 0.093020 0.011289
0.626380 0.090095 0.015831
0.643380 0.088695 0.009390
0.662094 0.088139 0.017351
0.681349 0.082724 0.015931
0.698514 0.085253 0.016304
0.717372 0.081514 0.010761
0.737360 0.078278 0.011139
0.755597 0.075666 0.007903
0.774689 0.073268 0.006973
0.792595 0.065914 0.013998
0.811312 0.067767 0.015666
0.848181 0.062114 0.005957
0.866825 0.059106 0.012584
0.885522 0.055999 0.012148
0.115118 0.118524 0.016429
0.133317 0.116541 0.010178
0.150809 0.113856 0.011085
0.169928 0.110724 0.008071
0.188131 0.109150 0.014364
0.205979 0.105778 0.016960
0.223970 0.103516 0.017129
0.243240 0.101075 0.015407
0.261784 0.099700 0.016858
0.280047 0.099538 0.008419
0.298790 0.097184 0.012134
0.315847 0.095645 0.014193
0.335691 0.094371 0.010427
0.354495 0.092219 0.013696
0.374195 0.091006 0.017067
0.390957 0.088924 0.011302
0.408487 0.088728 0.017188
0.427893 0.087111 0.014584
0.447526 0.085338 0.012350
0.466197 0.083880 0.010660
0.484316 0.082961 0.017084
0.502949 0.081812 0.013781
0.522255 0.080703 0.013007
0.540329 0.077961 0.014231
0.558094 0.078433 0.015479
0.577961 0.075802 0.016445
0.596823 0.073758 0.013989
0.615951 0.071228 0.010531
0.634929 0.069916 0.022181
0.653583 0.067840 0.018694
0.670322 0.067161 0.009041
0.690325 0.064754 0.009234
0.707012 0.064005 0.012974
0.726815 0.059370 0.010750
0.744937 0.058612 0.012571
0.764051 0.054058 0.014804
0.782222 0.053061 0.009101
0.800891 0.050435 0.007080
0.819109 0.046833 0.013578
0.838880 0.043045 0.017679
0.856106 0.042618 0.020259
0.873872 0.038659 0.012804
0.891601 0.034368 0.012989
0.117617 0.110181 0.003838
0.122915 0.109793 0.005568
0.128228 0.108794 0.002197
0.146110 0.106230 0.003454
0.151013 0.105814 0.005008
0.121407 0.098095 0.012202
0.139499 0.094947 0.012626
0.158585 0.094717 0.016503
0.129800 0.077527 0.012616
0.147911 0.075250 0.007100
0.166493 0.073575 0.016708
0.139483 0.057491 0.014096
0.157309 0.055691 0.016296
0.175945 0.052103 0.010164
0.146224 0.037826 0.017130
0.167297 0.032862 0.011837
0.183783 0.032121 0.014279
0.157449 0.017986 0.018476
0.174555 0.014574 0.010686
0.193574 0.011073 0.017556
0.198037 0.476807 0.012179
0.245031 0.465418 0.009597
0.293222 0.456166 0.014177
0.811145 0.115877 0.014498
0.820101 0.111686 0.013288
0.836626 0.113944 0.014941
0.068310 0.317008 0.010164
0.066623 0.337720 0.016820
0.068346 0.353763 0.005362
0.068826 0.372607 0.009702
0.068141 0.389981 0.007135
0.068247 0.409255 0.008660
0.069010 0.426731 0.014607
0.068773 0.445863 0.007250
0.089392 0.318100 0.009302
0.089451 0.335874 0.012008
0.090340 0.354040 0.011939
0.089605 0.372232 0.005418
0.090375 0.390410 0.008508
0.089843 0.408989 0.005357
0.089420 0.426732 0.008794
0.090042 0.445507 0.012558
0.111220 0.316234 0.015160
0.110405 0.335453 0.013299
0.110776 0.353587 0.010710
0.110560 0.372499 0.007504
0.110521 0.390688 0.006211
0.110272 0.408950 0.020252
0.110418 0.427210 0.014790
0.110995 0.445023 0.009524
