0.450345 0.366149 0.016329
0.463314 0.367661 0.009857
0.476734 0.367075 0.016380
0.488513 0.367635 0.017627
0.503080 0.367972 0.011596
0.516529 0.369532 0.012512
0.529815 0.368932 0.012988
0.542376 0.368681 0.015028
0.556280 0.368778 0.013252
0.558413 0.361599 0.012882
0.583149 0.367396 0.011342
0.596874 0.368250 0.009231
0.611354 0.368908 0.015009
0.623686 0.368381 0.012262
0.637002 0.367751 0.011755
0.649213 0.366897 0.011756
0.664738 0.368226 0.010942
0.676121 0.367599 0.013820
0.690164 0.366898 0.012296
0.704460 0.367773 0.011123
0.718961 0.369103 0.015970
0.728968 0.366089 0.016061
0.742814 0.366964 0.015687
0.757271 0.368325 0.011966
0.768796 0.368448 0.013887
0.784130 0.366813 0.017281
0.798169 0.368203 0.013789
0.809571 0.366907 0.014298
0.824838 0.369469 0.015603
0.835971 0.368517 0.016569
0.851020 0.367510 0.011238
0.863279 0.367390 0.014868
0.878127 0.368331 0.012733
0.890385 0.369015 0.015487
0.903549 0.367226 0.014463
0.447134 0.344834 0.014141
0.462722 0.345249 0.013147
0.475367 0.345339 0.013526
0.490132 0.344899 0.013759
0.504665 0.346893 0.013965
0.516287 0.345503 0.012484
0.527819 0.345759 0.014524
0.543784 0.346232 0.017286
0.556463 0.347004 0.011633
0.563293 0.336971 0.013387
0.583015 0.345822 0.012040
0.598834 0.345202 0.016210
0.610365 0.343826 0.015053
0.622484 0.343998 0.014601
0.635621 0.345421 0.012575
0.649250 0.345229 0.013917
0.663160 0.344915 0.015031
0.676796 0.344812 0.010715
0.689971 0.346073 0.010572
0.703510 0.345008 0.014837
0.717503 0.345838 0.012758
0.729644 0.345251 0.013994
0.744124 0.345776 0.013172
0.757261 0.345978 0.011882
0.770993 0.345125 0.011235
0.785131 0.345663 0.015516
0.795718 0.344691 0.013870
0.810784 0.344785 0.013756
0.822235 0.345772 0.014898
0.836562 0.343764 0.014842
0.851468 0.344794 0.015293
0.864278 0.345192 0.011733
0.877586 0.346227 0.008952
0.890892 0.344529 0.016201
0.904555 0.346712 0.011455
0.449736 0.322790 0.014573
0.461866 0.323392 0.013432
0.475503 0.322846 0.013860
0.487666 0.321894 0.018790
0.503819 0.323582 0.013592
0.515760 0.322803 0.017361
0.530335 0.323412 0.016253
0.541652 0.323638 0.017462
0.555642 0.322737 0.016671
0.584395 0.326319 0.014185
0.596582 0.323184 0.013533
0.608345 0.323888 0.014920
0.623959 0.322724 0.013560
0.636495 0.322160 0.018470
0.650874 0.323781 0.010821
0.663252 0.322969 0.014055
0.676363 0.324147 0.014979
0.688174 0.323243 0.011641
0.704299 0.322776 0.015283
0.718274 0.322182 0.014865
0.729004 0.323162 0.010925
0.744180 0.322825 0.010251
0.757207 0.322228 0.015285
0.769342 0.324277 0.013728
0.784216 0.323346 0.010967
0.795921 0.322663 0.011009
0.810646 0.322730 0.012160
0.822602 0.324524 0.015785
0.836796 0.323407 0.011603
0.852049 0.322811 0.014438
0.861785 0.323817 0.015471
0.876691 0.323718 0.010743
0.890783 0.322865 0.016620
0.449039 0.310206 0.001919
0.451928 0.310393 0.001576
0.454447 0.310078 0.002415
0.457111 0.310113 0.002487
0.460066 0.310348 0.002200
0.462645 0.310309 0.002136
0.465485 0.310093 0.002355
0.468279 0.310240 0.001454
0.470964 0.310266 0.002128
0.449245 0.300311 0.011728
0.463562 0.299702 0.015984
0.476276 0.300695 0.011135
0.490010 0.300079 0.012623
0.502681 0.300745 0.013939
0.516414 0.300733 0.008992
0.529408 0.301974 0.011727
0.544138 0.300856 0.014213
0.556676 0.300450 0.017923
0.568976 0.300867 0.016394
0.582669 0.299331 0.016439
0.610090 0.301937 0.016057
0.622139 0.299164 0.013897
0.636978 0.300215 0.011432
0.649299 0.300754 0.010423
0.662185 0.300141 0.016501
0.676741 0.300707 0.010563
0.689858 0.301503 0.010801
0.703304 0.300785 0.015041
0.717738 0.299917 0.012472
0.730623 0.301154 0.014759
0.743978 0.301906 0.012178
0.756476 0.299973 0.014256
0.770375 0.299855 0.011535
0.782288 0.302114 0.015064
0.797057 0.302200 0.013216
0.811014 0.302645 0.016500
0.823169 0.300990 0.012933
0.836940 0.301492 0.010717
0.850950 0.299906 0.012003
0.864256 0.302131 0.015721
0.877367 0.301058 0.014165
0.889881 0.299917 0.013698
0.904461 0.300679 0.013867
0.448672 0.278923 0.015203
0.461568 0.279166 0.011721
0.475482 0.279124 0.014466
0.489073 0.277581 0.017473
0.502789 0.277691 0.008828
0.516575 0.278393 0.012495
0.529270 0.278905 0.010986
0.542775 0.277857 0.014132
0.555365 0.279212 0.014381
0.569688 0.277495 0.013410
0.583223 0.277898 0.013552
0.596213 0.278802 0.010745
0.608651 0.277496 0.013440
0.623972 0.278924 0.017598
0.636677 0.278882 0.015307
0.650460 0.279153 0.016460
0.662108 0.278483 0.012628
0.677445 0.278748 0.015439
0.690563 0.277422 0.010103
0.702666 0.280166 0.013533
0.715702 0.278878 0.014211
0.730148 0.278773 0.009875
0.744113 0.278439 0.015651
0.757552 0.278871 0.011373
0.768979 0.277556 0.019098
0.783890 0.279789 0.015145
0.796387 0.278733 0.013040
0.810781 0.279461 0.013131
0.823853 0.278171 0.013866
0.837706 0.278905 0.011598
0.850546 0.279864 0.016532
0.863933 0.278241 0.012035
0.876306 0.278106 0.009910
0.890974 0.278690 0.011627
0.903315 0.278983 0.014232
0.450514 0.256368 0.011402
0.461380 0.256497 0.010264
0.476355 0.255213 0.013145
0.489769 0.255066 0.013958
0.501891 0.255472 0.012459
0.515005 0.256280 0.013830
0.529985 0.255984 0.015505
0.542882 0.257560 0.015304
0.555675 0.255036 0.016188
0.568944 0.256350 0.012413
0.582833 0.257695 0.015979
0.596965 0.258357 0.014015
0.608462 0.255632 0.009591
0.622859 0.255712 0.013669
0.638007 0.250848 0.018086
0.650266 0.254999 0.014700
0.663120 0.256008 0.010338
0.689139 0.256201 0.012999
0.703466 0.256069 0.018357
0.717980 0.256812 0.014064
0.731597 0.256191 0.018152
0.744221 0.255064 0.012774
0.756477 0.255718 0.011883
0.770030 0.256455 0.010815
0.783438 0.256072 0.008574
0.797365 0.254177 0.013189
0.811143 0.255273 0.011521
0.823833 0.255852 0.015136
0.836304 0.255423 0.015510
0.850092 0.256174 0.010946
0.863602 0.254953 0.011316
0.877467 0.256769 0.010952
0.889653 0.255436 0.013402
0.904927 0.256449 0.014040
0.449390 0.246753 0.005218
0.460310 0.246179 0.007716
0.469706 0.246059 0.005048
0.479927 0.246663 0.006755
0.490222 0.246910 0.007259
0.501147 0.246275 0.008213
0.511725 0.245751 0.006365
0.521487 0.247130 0.007826
0.448780 0.234718 0.011672
0.463305 0.234072 0.012470
0.475911 0.234233 0.007062
0.488923 0.233727 0.010034
0.502986 0.231976 0.015124
0.516010 0.234840 0.013140
0.528893 0.233044 0.014735
0.542472 0.234179 0.013545
0.557404 0.234887 0.013970
0.569516 0.233342 0.008097
0.582518 0.234385 0.014495
0.595582 0.234654 0.012596
0.610263 0.233988 0.009205
0.622870 0.233930 0.012582
0.637931 0.233239 0.016677
0.650583 0.233716 0.013603
0.662599 0.233369 0.011545
0.678229 0.232303 0.016626
0.689729 0.234318 0.007642
0.703326 0.233860 0.013482
0.716304 0.233041 0.011080
0.730427 0.233957 0.015045
0.743121 0.233870 0.013522
0.756026 0.234132 0.011373
0.769523 0.234759 0.015907
0.783732 0.233312 0.011665
0.795803 0.233597 0.013590
0.810080 0.233032 0.013790
0.823955 0.233452 0.006829
0.837056 0.235339 0.017363
0.851080 0.234295 0.016200
0.862940 0.234216 0.011059
0.876825 0.235370 0.010190
0.890998 0.234362 0.012991
0.903634 0.234493 0.015328
0.450504 0.212926 0.013208
0.461300 0.211333 0.011058
0.475453 0.210755 0.015527
0.489138 0.211322 0.011407
0.502910 0.210648 0.015654
0.517293 0.210292 0.010771
0.528589 0.210358 0.015133
0.544060 0.210161 0.011903
0.556838 0.212601 0.012214
0.567692 0.211845 0.012484
0.580418 0.212064 0.015456
0.595912 0.211959 0.013964
0.608511 0.210603 0.013094
0.623436 0.211591 0.010551
0.638055 0.211739 0.016826
0.649471 0.212254 0.014530
0.664436 0.210777 0.011588
0.676298 0.212285 0.012269
0.691158 0.212237 0.011616
0.702600 0.211158 0.012982
0.716379 0.211609 0.017430
0.729287 0.210487 0.016154
0.742591 0.212271 0.013157
0.757029 0.212536 0.011031
0.769119 0.212088 0.017785
0.796408 0.210616 0.011933
0.810277 0.212230 0.015065
0.823532 0.209873 0.012375
0.836751 0.210145 0.013394
0.849714 0.211875 0.015489
0.863056 0.210861 0.014505
0.876296 0.210793 0.015456
0.888888 0.210375 0.011211
0.904160 0.211711 0.014261
0.449758 0.190635 0.016370
0.462836 0.187864 0.013681
0.476067 0.189959 0.013723
0.488516 0.189696 0.015308
0.500014 0.187177 0.015934
0.514588 0.188897 0.013408
0.530828 0.188773 0.015064
0.542504 0.188705 0.017338
0.554594 0.187649 0.012863
0.568537 0.189745 0.017845
0.584121 0.188161 0.014639
0.598481 0.188803 0.018500
0.610191 0.188178 0.011863
0.623437 0.187756 0.017924
0.635861 0.188493 0.013053
0.648846 0.189035 0.016283
0.663201 0.188205 0.015094
0.675971 0.190739 0.010764
0.689606 0.190426 0.017299
0.703880 0.190140 0.013349
0.717819 0.190317 0.012826
0.730991 0.189287 0.019024
0.745774 0.189161 0.014348
0.770514 0.188893 0.011385
0.797203 0.189839 0.011840
0.814664 0.188216 0.014008
0.822992 0.188700 0.012451
0.839899 0.189026 0.015577
0.849165 0.189047 0.014300
0.864337 0.189678 0.012527
0.878004 0.190154 0.008965
0.890691 0.188243 0.014084
0.903892 0.188742 0.011991
0.448760 0.176524 0.005892
0.454321 0.177143 0.004952
0.458806 0.176423 0.004876
0.463537 0.176750 0.004968
0.468820 0.176850 0.004609
0.473763 0.176809 0.004770
0.449866 0.165420 0.014393
0.461320 0.165862 0.013379
0.474478 0.165565 0.015831
0.489469 0.165371 0.015653
0.502321 0.166416 0.014291
0.517158 0.166036 0.014524
0.529160 0.167017 0.009185
0.542580 0.166207 0.012713
0.555957 0.166745 0.011574
0.569656 0.167886 0.014800
0.582484 0.165501 0.013769
0.595749 0.166237 0.010449
0.609509 0.166211 0.010566
0.623191 0.167205 0.011041
0.636030 0.168691 0.014867
0.651597 0.167217 0.014390
0.663214 0.166159 0.016118
0.676731 0.166682 0.017479
0.690012 0.166599 0.008903
0.702964 0.165485 0.009694
0.717122 0.166039 0.012267
0.730148 0.166753 0.015720
0.743058 0.167169 0.012181
0.756830 0.167968 0.011145
0.771738 0.165807 0.015394
0.784278 0.166355 0.012706
0.798802 0.166249 0.014908
0.810096 0.166608 0.013854
0.823059 0.165424 0.017198
0.836150 0.166446 0.012488
0.850578 0.165794 0.014943
0.863977 0.166419 0.015081
0.875972 0.166489 0.017012
0.890155 0.166395 0.012607
0.904823 0.166759 0.010574
0.449115 0.144281 0.011093
0.475978 0.143354 0.011774
0.488625 0.144115 0.011682
0.502838 0.144010 0.014204
0.515259 0.145723 0.015272
0.528155 0.145460 0.014198
0.543324 0.143475 0.014487
0.555592 0.143762 0.012002
0.569011 0.144504 0.011585
0.582074 0.143738 0.014059
0.596534 0.144890 0.014497
0.610897 0.145956 0.015560
0.622458 0.144759 0.014732
0.636888 0.143623 0.013263
0.650750 0.143618 0.012259
0.663361 0.145773 0.009342
0.676524 0.143442 0.014962
0.690642 0.145399 0.013902
0.705833 0.142527 0.019653
0.716729 0.144186 0.013594
0.729440 0.144660 0.011849
0.743326 0.145871 0.016901
0.756796 0.146031 0.014860
0.770475 0.144088 0.010384
0.784066 0.142305 0.011597
0.796567 0.145148 0.011780
0.810870 0.144425 0.009983
0.825227 0.146144 0.015372
0.838384 0.142976 0.012350
0.850861 0.144981 0.011263
0.864178 0.144811 0.011448
0.877672 0.145698 0.015047
0.891415 0.144260 0.008064
0.904965 0.144793 0.012214
0.448712 0.132701 0.003893
0.454227 0.132482 0.003057
0.458436 0.133239 0.005504
0.464037 0.132379 0.004376
0.469100 0.132344 0.004035
0.474536 0.132301 0.005715
0.479059 0.132115 0.005634
0.484240 0.132756 0.004034
0.488457 0.133446 0.006198
0.509387 0.132394 0.004866
0.523663 0.132549 0.004499
0.529205 0.132492 0.006363
0.449548 0.121541 0.014296
0.463088 0.122396 0.016711
0.475295 0.122180 0.011664
0.488718 0.122347 0.013921
0.501963 0.123150 0.011782
0.515373 0.122740 0.010880
0.529739 0.121922 0.011152
0.542227 0.121739 0.010543
0.556735 0.122104 0.010054
0.570426 0.121837 0.011677
0.583087 0.122584 0.009162
0.596751 0.121846 0.011561
0.610511 0.123330 0.012886
0.623078 0.122913 0.009870
0.635693 0.122368 0.013584
0.650060 0.121592 0.017635
0.662123 0.120690 0.013302
0.676116 0.121744 0.015393
0.689994 0.123660 0.013623
0.702511 0.122545 0.013384
0.716903 0.121566 0.015090
0.729869 0.121733 0.013276
0.744061 0.121148 0.015383
0.757546 0.121745 0.014500
0.769694 0.123285 0.009957
0.784100 0.121040 0.013885
0.796096 0.124448 0.018894
0.809257 0.122303 0.013054
0.823133 0.121788 0.011606
0.838153 0.121405 0.014790
0.850402 0.121686 0.014016
0.864031 0.120467 0.013289
0.878268 0.122682 0.012070
0.889086 0.120556 0.013082
0.905816 0.122525 0.019259
0.449228 0.100195 0.011855
0.464569 0.100307 0.017736
0.474877 0.098617 0.010858
0.489178 0.099436 0.011607
0.502558 0.098997 0.013734
0.514875 0.100213 0.016374
0.529640 0.100400 0.011520
0.542795 0.099340 0.013748
0.557660 0.100350 0.012121
0.568617 0.099701 0.013259
0.582864 0.100770 0.010827
0.597041 0.100129 0.012786
0.609687 0.099489 0.009980
0.622208 0.097326 0.014959
0.638628 0.097229 0.017884
0.649387 0.098892 0.011507
0.662895 0.100375 0.015420
0.676062 0.098479 0.013019
0.689273 0.100314 0.013468
0.703362 0.098939 0.014912
0.716165 0.099304 0.015608
0.729964 0.099119 0.012814
0.744042 0.099480 0.010868
0.757393 0.100043 0.015736
0.784711 0.100411 0.011871
0.797128 0.101119 0.013759
0.810237 0.099876 0.013296
0.823728 0.098239 0.015321
0.837610 0.100341 0.012077
0.850500 0.100116 0.014533
0.863511 0.099708 0.012838
0.877941 0.099938 0.011360
0.890655 0.099324 0.015669
0.902958 0.098304 0.016154
0.367831 0.513647 0.009816
0.380601 0.516595 0.011032
0.391215 0.514941 0.009814
0.402104 0.516942 0.009220
0.412620 0.517450 0.008784
0.424284 0.515332 0.009121
0.433838 0.516500 0.011182
0.445029 0.517172 0.009491
0.455884 0.514121 0.008720
0.466887 0.513407 0.007646
0.478151 0.511388 0.010608
0.487931 0.511550 0.008716
0.499787 0.511080 0.010232
0.510602 0.512324 0.009696
0.519797 0.511798 0.008411
0.368478 0.502164 0.010474
0.379383 0.501094 0.009114
0.390222 0.504429 0.011104
0.399184 0.502066 0.010504
0.412042 0.502259 0.011462
0.420988 0.505086 0.010963
0.434272 0.503347 0.011053
0.444918 0.502214 0.010139
0.455666 0.499937 0.008836
0.466679 0.502043 0.008808
0.476845 0.501132 0.009567
0.487828 0.501797 0.009813
0.498089 0.500598 0.009302
0.509820 0.499945 0.008508
0.520443 0.497383 0.009469
0.370482 0.488381 0.010650
0.380583 0.488098 0.009393
0.389516 0.488902 0.010785
0.401951 0.490185 0.009793
0.413848 0.489729 0.008578
0.425062 0.487499 0.009309
0.434215 0.487221 0.009233
0.445014 0.487606 0.009581
0.455087 0.488029 0.009506
0.467232 0.487985 0.008894
0.476826 0.488154 0.009252
0.489691 0.486822 0.008150
0.501110 0.485603 0.010133
0.510682 0.485627 0.010179
0.187603 0.170351 0.006505
0.190216 0.178954 0.005577
0.189717 0.185823 0.006945
0.191334 0.196825 0.006652
0.192375 0.204894 0.005085
0.197208 0.228441 0.005181
0.196867 0.236721 0.006276
0.198705 0.245703 0.005282
0.200897 0.255047 0.006362
0.201726 0.263422 0.006233
0.800065 0.410512 0.008286
0.814962 0.408670 0.008835
0.828499 0.408496 0.008668
0.842454 0.407169 0.009052
0.855337 0.406472 0.008355
0.869498 0.404704 0.008655
0.883999 0.404620 0.009221
0.899164 0.403012 0.008433
0.911075 0.401037 0.009329
0.925521 0.401372 0.008017
0.938496 0.399885 0.009609
0.954074 0.398841 0.009154
0.981800 0.396185 0.008973
0.995991 0.395887 0.009511
0.881357 0.381806 0.008931
0.894661 0.378865 0.008391
0.908077 0.378227 0.009192
0.922133 0.377742 0.008248
0.935829 0.376865 0.008814
0.949810 0.375431 0.008808
0.964397 0.376299 0.008444
0.977550 0.374161 0.008204
0.992618 0.372709 0.008849
0.390086 0.468145 0.005176
0.397515 0.466724 0.005871
0.403803 0.467143 0.003144
0.410965 0.467010 0.005621
0.416750 0.468406 0.000425
0.424848 0.469829 0.009135
0.430075 0.470958 0.005919
0.436768 0.470842 0.005435
0.443336 0.471146 0.006711
0.450182 0.472109 0.005458
0.455996 0.470873 0.005788
0.463827 0.470641 0.007969
0.468870 0.469398 0.006793
0.476079 0.468358 0.006970
0.392023 0.455538 0.008539
0.398127 0.455606 0.004460
0.404780 0.454951 0.005752
0.410940 0.455388 0.007205
0.417999 0.457132 0.002071
0.424159 0.458050 0.005485
0.430932 0.459956 0.005761
0.437911 0.460761 0.008143
0.443908 0.460915 0.005965
0.449651 0.460274 0.006444
0.458756 0.460758 0.009118
0.464201 0.459511 0.003379
0.470588 0.458142 0.005132
0.478054 0.456766 0.010912
0.392199 0.444877 0.003849
0.398497 0.444457 0.003243
0.405809 0.444515 0.004691
0.411533 0.445274 0.004712
0.419129 0.445516 0.003922
0.428741 0.449003 0.004127
0.431626 0.447944 0.005010
0.438153 0.448206 0.004433
0.444872 0.449682 0.002929
0.451425 0.449618 0.003933
0.458108 0.448894 0.004704
0.464644 0.448280 0.003760
0.471144 0.446895 0.006107
0.478066 0.446397 0.006708
0.392297 0.434118 0.006453
0.398849 0.433276 0.007156
0.405398 0.432161 0.009075
0.412133 0.434188 0.006873
0.418733 0.434308 0.006126
0.424264 0.435936 0.006136
0.431323 0.436294 0.006870
0.438121 0.437720 0.006482
0.443477 0.438361 0.006367
0.451122 0.438513 0.006615
0.457916 0.438234 0.009383
0.464665 0.436396 0.007181
0.471170 0.436231 0.004462
0.477040 0.434840 0.007997
0.377542 0.396502 0.007792
0.380135 0.385089 0.006316
0.380546 0.377912 0.007504
0.381243 0.368887 0.007384
0.380915 0.361840 0.007798
0.382021 0.350896 0.006786
0.382396 0.342716 0.006807
0.361759 0.396388 0.007301
0.362185 0.386550 0.007482
0.363597 0.377851 0.007443
0.364108 0.369731 0.007359
0.364527 0.360845 0.007662
0.363818 0.353844 0.007597
0.365940 0.342498 0.007689
0.366067 0.335735 0.007525
0.362678 0.325572 0.007388
0.364657 0.316494 0.006926
0.363090 0.307954 0.007657
0.359484 0.297691 0.007533
0.360947 0.289831 0.007282
0.361833 0.282300 0.008142
0.345141 0.397719 0.007369
0.346277 0.387372 0.007930
0.346987 0.379786 0.008690
0.349830 0.370369 0.007437
0.349957 0.360812 0.007339
0.348596 0.351659 0.008414
0.350356 0.346478 0.007429
0.350064 0.334821 0.007573
0.349422 0.326271 0.007312
0.347417 0.318048 0.008189
0.349288 0.308356 0.007665
0.345159 0.301099 0.007795
0.345312 0.291641 0.007927
0.344406 0.283141 0.007712
0.327680 0.398964 0.007410
0.329588 0.389947 0.007818
0.331530 0.380539 0.007110
0.331794 0.372565 0.008249
0.332815 0.364602 0.006764
0.334177 0.355272 0.007401
0.335258 0.347172 0.007293
0.333566 0.337415 0.007285
0.332514 0.329541 0.007763
0.332416 0.319495 0.007822
0.330645 0.310897 0.007660
0.329639 0.301843 0.007590
0.330996 0.293182 0.007345
0.329375 0.285991 0.007602
0.313555 0.400058 0.008325
0.314163 0.390073 0.007638
0.316884 0.381584 0.007837
0.316924 0.372941 0.007247
0.318625 0.364947 0.008013
0.319143 0.354233 0.007684
0.318446 0.345192 0.007680
0.316372 0.337626 0.007765
0.316855 0.329316 0.007988
0.315319 0.319680 0.007823
0.315195 0.311018 0.007978
0.314453 0.303016 0.008270
0.313167 0.294129 0.007232
0.312269 0.285623 0.006945
0.296746 0.398107 0.007861
0.298227 0.388439 0.007227
0.299085 0.381665 0.006833
0.299750 0.370886 0.007455
0.304144 0.363206 0.007586
0.301285 0.354858 0.007494
0.302865 0.345002 0.007604
0.301582 0.337007 0.008471
0.300643 0.328820 0.007272
0.299169 0.318151 0.007603
0.297308 0.310248 0.007483
0.297273 0.301351 0.007022
0.297263 0.292199 0.007823
0.298428 0.283191 0.007774
0.280727 0.396130 0.008592
0.280706 0.386333 0.008003
0.283563 0.378392 0.007373
0.284517 0.371670 0.008419
0.285584 0.361258 0.007395
0.285954 0.352617 0.007699
0.285351 0.342595 0.007129
0.284594 0.335080 0.007102
0.285475 0.324797 0.007863
0.284957 0.315792 0.007568
0.283765 0.308548 0.007809
0.280805 0.297691 0.007571
0.281827 0.288147 0.007938
0.280989 0.281021 0.007481
0.821627 0.540793 0.005915
0.831316 0.539163 0.004689
0.839338 0.537228 0.003009
0.848235 0.535627 0.000452
0.857438 0.533493 0.003588
0.865924 0.531552 0.005811
0.870799 0.527540 0.005270
0.821408 0.529346 0.005020
0.830635 0.527901 0.000518
0.839532 0.526925 0.007227
0.848098 0.523997 0.002468
0.857550 0.522283 0.005534
0.865557 0.519895 0.005389
0.874605 0.518776 0.003552
0.883091 0.516437 0.003515
0.892257 0.514858 0.003163
0.901150 0.512745 0.002908
0.909730 0.511182 0.002220
0.917410 0.509733 0.010537
0.927186 0.507635 0.004862
0.821880 0.518143 0.000425
0.830591 0.516286 0.000425
0.839340 0.514383 0.003039
0.848005 0.512976 0.007453
0.857093 0.510528 0.009169
0.867052 0.508592 0.009559
0.873987 0.507021 0.006789
0.883650 0.505141 0.009469
0.892526 0.502194 0.007879
0.901313 0.501122 0.007914
0.925211 0.500148 0.010918
0.927230 0.495620 0.002228
0.935790 0.493855 0.001610
0.944231 0.490511 0.009401
0.953946 0.489826 0.007700
0.962484 0.488768 0.007573
0.970967 0.486398 0.000425
0.979717 0.484936 0.006062
0.821865 0.506654 0.000425
0.830632 0.505018 0.002657
0.839554 0.502883 0.001647
0.848027 0.501285 0.002824
0.856844 0.498972 0.005251
0.865822 0.497422 0.005468
0.873986 0.495503 0.006074
0.883561 0.493809 0.008484
0.892610 0.496806 0.005032
0.899772 0.490743 0.010753
0.908884 0.487129 0.007619
0.917963 0.486048 0.005106
0.927127 0.484179 0.000915
0.935717 0.482146 0.005063
0.945002 0.480943 0.008469
0.953576 0.478379 0.002349
0.962296 0.476904 0.005711
0.970586 0.474597 0.008843
0.978626 0.473198 0.009979
0.822289 0.495607 0.006401
0.830766 0.493971 0.004240
0.839446 0.491313 0.001173
0.848110 0.489438 0.001936
0.857046 0.488610 0.008726
0.865424 0.485919 0.003482
0.874598 0.483928 0.005094
0.883218 0.482038 0.000425
0.891322 0.479845 0.005163
0.900192 0.477882 0.007911
0.908906 0.476037 0.006929
0.918698 0.474789 0.008550
0.927288 0.472662 0.007191
0.935569 0.471167 0.006244
0.944736 0.469768 0.006081
0.953826 0.467180 0.009357
0.962012 0.465127 0.001879
0.971544 0.463147 0.006088
0.979590 0.461470 0.001172
0.822128 0.483749 0.006077
0.830187 0.482148 0.005187
0.839233 0.480134 0.001974
0.848220 0.478464 0.005002
0.856934 0.475836 0.001952
0.866067 0.473899 0.009847
0.874106 0.472504 0.008277
0.892465 0.467934 0.010599
0.900803 0.467474 0.009348
0.909376 0.464717 0.004630
0.918288 0.462873 0.004141
0.926998 0.461138 0.003936
0.936089 0.458950 0.006169
0.944880 0.457542 0.010069
0.953184 0.455067 0.006227
0.962679 0.453118 0.005811
0.971486 0.451756 0.006064
0.979594 0.450339 0.006892
0.821110 0.472598 0.004383
0.830509 0.469972 0.003332
0.839118 0.468332 0.002285
0.848439 0.466156 0.005434
0.856967 0.464349 0.004460
0.866108 0.462575 0.005605
0.874525 0.460901 0.005003
0.883099 0.459585 0.003943
0.891943 0.457084 0.007860
0.900673 0.455273 0.002663
0.910518 0.454577 0.009565
0.917995 0.450818 0.009531
0.927087 0.449695 0.000714
0.935545 0.447533 0.007085
0.944181 0.445669 0.003714
0.953148 0.444651 0.006704
0.962146 0.441794 0.006538
0.971089 0.440090 0.003446
0.979229 0.438276 0.004729
