1383.51 1168.62 19
1408.71 1174.13 16
1433.68 1176.01 19
1457.06 1177.83 20
1483.93 1178.12 16
1509.33 1178.62 17
1534.48 1174.85 17
1558.68 1170.47 18
1584.68 1165.39 17
1581.03 1149.69 17
1635.47 1150.95 16
1661.46 1145.30 15
1687.92 1138.80 18
1711.98 1132.11 17
1760.76 1119.47 17
1789.42 1116.91 16
1811.67 1113.62 18
1837.90 1111.17 17
1864.67 1112.43 16
1891.04 1115.59 19
1912.11 1114.37 19
1938.00 1119.41 19
1964.78 1126.49 17
1987.52 1131.86 18
2015.38 1137.03 19
2041.69 1145.73 18
2064.32 1150.18 18
2092.10 1160.46 19
2114.60 1164.61 19
2142.11 1169.00 16
2165.83 1172.78 18
2193.18 1177.14 17
2216.93 1179.33 18
2241.92 1177.34 18
1377.74 1113.97 18
1406.05 1118.87 17
1430.35 1121.52 17
1457.53 1122.29 18
1484.50 1124.56 18
1507.39 1121.30 17
1530.24 1119.03 18
1558.85 1114.90 19
1583.49 1111.21 16
1592.06 1085.43 17
1633.71 1097.08 17
1661.98 1088.67 19
1684.96 1080.83 18
1708.63 1074.99 18
1733.61 1070.97 17
1759.31 1065.61 18
1785.32 1061.17 18
1811.01 1058.13 16
1836.09 1058.66 16
1861.53 1057.21 18
1887.79 1059.74 17
1911.33 1061.53 18
1938.19 1066.39 17
1963.22 1071.67 17
1989.04 1076.46 16
2015.13 1083.83 19
2036.73 1088.40 18
2064.34 1095.91 18
2087.17 1103.03 18
2113.60 1106.85 18
2140.94 1113.67 18
2165.63 1118.08 17
2191.00 1122.65 15
2215.93 1121.77 19
2241.88 1124.81 16
1377.78 1060.02 18
1401.47 1064.39 17
1427.09 1066.38 18
1451.01 1066.66 20
1479.91 1068.43 17
1503.22 1066.01 19
1530.05 1063.64 19
1552.88 1060.21 20
1578.82 1054.00 19
1606.72 1049.34 18
1633.10 1049.13 18
1655.80 1035.41 17
1679.04 1030.24 18
1707.20 1021.97 17
1731.28 1016.24 20
1758.35 1013.27 16
1781.95 1008.85 18
1807.01 1007.78 18
1829.82 1005.69 16
1859.00 1005.22 18
1885.05 1006.04 18
1906.72 1009.32 16
1934.88 1012.93 16
1959.44 1016.91 18
1983.29 1024.43 18
2010.69 1029.99 16
2060.72 1042.03 17
2084.35 1050.04 19
2110.51 1054.90 16
2138.31 1059.64 18
2159.00 1064.15 18
2186.08 1067.39 16
2212.38 1067.83 19
2237.90 1068.33 20
1374.27 1028.83 2
1381.77 1030.35 2
1388.70 1031.03 2
1395.88 1032.10 2
1403.42 1033.32 2
1410.47 1034.09 2
1417.84 1034.58 2
1425.16 1035.36 2
1432.37 1035.89 2
1372.37 1005.52 17
1398.75 1008.87 19
1423.47 1012.48 16
1449.16 1012.95 17
1473.53 1013.72 18
1499.50 1012.22 15
1524.27 1011.28 17
1551.21 1005.65 18
1575.25 1000.71 20
1599.29 996.09 19
1624.78 988.76 19
1652.20 984.89 19
1676.44 980.08 19
1699.60 972.80 18
1727.05 969.33 16
1750.72 966.86 16
1775.50 964.05 19
1802.34 963.00 16
1827.32 963.29 16
1852.61 962.99 18
1879.33 963.59 17
1904.04 966.61 18
1929.56 970.21 17
1953.40 971.89 18
1979.46 976.04 16
2003.18 982.70 18
2030.37 988.62 17
2056.45 994.58 19
2080.00 998.16 17
2105.93 1004.10 16
2131.99 1006.78 17
2157.40 1012.92 19
2182.27 1014.36 18
2206.26 1014.39 18
2233.31 1015.43 18
1366.30 955.98 18
1390.84 960.00 16
1417.00 962.61 18
1442.42 962.55 20
1468.20 962.59 15
1494.13 962.68 17
1518.48 961.47 16
1543.79 957.62 18
1568.17 955.77 18
1594.43 950.51 17
1619.91 947.37 17
1644.69 944.98 16
1668.39 941.46 17
1696.24 940.05 20
1720.64 938.68 18
1746.32 938.00 19
1769.08 937.52 17
1796.98 937.88 18
1821.90 937.96 16
1845.71 939.84 17
1870.39 940.50 18
1897.19 941.96 16
1923.23 943.50 19
1948.98 945.63 16
1971.72 947.10 20
1999.25 950.79 18
2023.32 953.06 17
2050.29 956.89 17
2075.08 959.28 18
2101.33 963.20 16
2125.98 966.70 19
2151.16 967.99 17
2174.80 969.49 16
2202.33 971.07 16
2226.24 971.22 18
1363.61 914.85 16
1384.98 918.17 16
1412.60 920.29 17
1437.89 922.24 18
1461.43 923.66 17
1486.48 924.76 18
1513.78 924.39 19
1538.55 924.76 18
1562.70 922.61 19
1587.74 922.53 17
1613.76 922.44 19
1639.97 922.32 18
1661.73 921.01 15
1688.65 921.13 18
1715.08 917.99 20
1739.66 921.31 18
1764.24 922.14 16
1790.47 922.95 15
1813.67 923.68 17
1840.22 924.85 20
1867.18 926.77 18
1892.49 928.21 20
1917.03 929.53 17
1940.90 931.58 17
1966.69 933.68 16
1992.10 935.16 15
2018.16 936.08 17
2044.45 937.79 16
2068.95 939.19 18
2093.20 940.12 19
2119.14 941.37 16
2144.60 941.52 16
2171.02 942.77 16
2194.50 941.95 17
2222.57 941.63 18
1359.75 900.12 7
1386.71 903.95 8
1412.00 907.02 7
1438.39 909.93 7
1464.78 911.78 8
1491.77 912.53 8
1518.36 912.81 7
1544.14 913.68 8
1356.56 883.24 16
1383.43 887.55 17
1407.64 891.46 14
1432.16 893.97 16
1458.22 895.47 18
1483.21 898.94 17
1507.57 899.13 18
1533.06 900.59 17
1560.34 901.37 18
1583.60 900.21 15
1608.34 900.37 18
1633.00 899.51 17
1660.16 897.13 15
1684.03 894.89 17
1711.28 891.46 19
1735.79 889.45 17
1759.08 886.97 16
1787.23 884.20 19
1810.17 886.50 14
1835.84 886.18 17
1860.43 886.73 16
1886.83 891.20 18
1911.19 894.94 17
1935.73 899.80 16
1961.47 905.31 19
1987.79 908.76 16
2037.97 916.51 18
2064.28 919.64 14
2089.34 922.81 19
2115.49 923.38 19
2138.73 923.77 16
2165.04 924.27 16
2191.54 922.39 17
2215.92 920.64 18
1356.72 851.88 17
1378.06 854.92 16
1404.53 859.10 19
1430.06 863.08 16
1455.75 865.20 19
1482.61 866.36 16
1504.75 867.12 18
1532.91 866.25 17
1557.27 867.27 17
1578.89 864.46 17
1603.71 861.60 18
1631.79 857.67 18
1656.20 853.36 17
1683.99 851.14 16
1710.96 849.25 19
1734.09 848.47 18
1762.17 848.00 16
1785.22 847.69 17
1812.86 847.23 16
1835.39 846.80 17
1861.12 845.66 20
1885.65 844.62 19
1910.22 844.45 17
1936.62 845.83 16
1960.05 847.80 20
1984.68 852.41 15
2010.61 855.87 17
2036.47 864.56 18
2061.50 866.84 17
2086.55 872.48 17
2111.38 878.85 18
2136.62 879.87 18
2161.85 880.62 18
2185.74 879.06 16
2214.07 878.29 18
1356.95 819.21 19
1381.97 823.54 18
1406.75 830.00 18
1430.76 833.36 18
1453.89 834.78 19
1480.36 837.75 17
1509.62 839.49 18
1532.96 840.71 19
1556.81 841.77 17
1583.35 843.69 20
1612.17 844.91 18
1638.90 845.65 20
1662.99 843.85 17
1688.37 840.04 20
1712.65 835.85 17
1737.72 830.98 19
1764.35 822.42 18
1788.71 826.37 16
1814.62 822.16 19
1841.16 822.76 17
1867.31 827.02 17
1892.10 829.31 20
1919.37 835.88 18
1940.79 838.69 17
1966.84 843.36 16
1990.50 843.18 20
2015.98 840.78 17
2050.41 835.24 18
2064.02 833.29 17
2093.22 829.84 19
2112.90 828.41 18
2140.26 827.40 17
2166.02 826.78 15
2190.27 823.45 18
2215.32 821.12 17
1357.54 784.88 5
1368.38 791.10 5
1378.13 794.42 5
1388.09 799.02 5
1398.68 803.13 5
1408.89 806.52 5
1360.02 737.48 18
1382.87 750.85 17
1408.26 761.96 19
1435.80 771.14 19
1460.53 779.53 18
1487.96 781.64 18
1511.42 784.33 15
1537.01 777.84 17
1562.33 772.28 16
1588.04 765.01 18
1612.54 742.85 18
1637.39 729.52 16
1663.11 712.57 16
1688.68 700.79 16
1713.06 691.84 18
1741.12 674.30 18
1764.03 663.50 19
1789.44 659.47 20
1814.67 656.71 15
1839.32 653.27 15
1865.92 659.81 17
1890.82 669.35 19
1915.64 681.18 17
1941.79 698.73 16
1969.39 708.14 18
1994.05 727.51 17
2021.09 746.92 18
2043.89 763.64 18
2068.91 774.41 19
2093.64 787.75 17
2120.40 793.00 18
2145.54 796.96 18
2169.00 796.51 19
2195.01 792.92 17
2222.11 787.64 16
1361.94 636.05 16
1386.44 642.82 17
1412.96 647.71 17
1437.16 653.66 16
1463.75 655.42 18
1487.72 658.68 18
1512.37 654.77 18
1540.20 643.34 18
1563.89 636.30 17
1589.12 628.79 16
1614.10 617.26 18
1640.70 608.95 18
1667.11 600.73 19
1690.16 590.75 18
1716.97 580.83 17
1743.01 574.42 17
1766.98 574.05 15
1792.18 566.63 18
1818.30 567.98 18
1845.74 564.29 21
1868.15 568.04 17
1892.44 572.20 17
1918.48 579.29 19
1943.93 586.72 18
1969.96 591.83 16
1995.83 597.87 16
2019.66 614.84 17
2046.66 625.69 16
2073.08 642.51 18
2098.71 645.59 17
2122.73 661.08 16
2148.06 668.21 16
2173.46 675.21 18
2199.82 672.52 15
2224.93 672.29 17
1363.75 596.74 5
1372.72 598.39 4
1379.92 600.99 5
1388.86 601.55 5
1397.14 602.97 5
1405.86 604.37 6
1413.57 605.20 5
1421.90 607.16 5
1429.27 608.75 6
1450.21 608.99 5
1458.48 608.68 5
1477.48 608.43 5
1486.38 607.74 6
1367.37 566.35 18
1392.72 571.91 19
1416.47 574.62 16
1441.91 576.57 18
1466.84 578.06 17
1492.20 575.93 16
1519.17 571.19 16
1543.09 566.59 16
1570.20 561.13 16
1595.92 554.06 16
1620.08 548.61 15
1645.89 539.99 16
1671.50 534.84 17
1695.70 528.05 16
1720.04 521.22 17
1746.74 514.81 20
1770.40 509.69 17
1796.48 508.17 18
1822.20 509.18 18
1846.45 507.69 17
1873.26 507.92 18
1898.00 510.85 17
1924.44 514.43 18
1949.85 520.44 18
1973.13 528.58 16
2000.32 532.43 18
2023.59 543.44 20
2048.58 548.33 17
2074.62 555.12 16
2102.26 562.19 18
2126.09 568.37 18
2151.91 571.43 17
2178.26 578.85 17
2200.16 576.76 17
2229.47 579.94 20
1372.13 510.54 17
1399.72 514.73 20
1421.23 514.63 16
1447.88 517.31 16
1473.25 516.63 18
1497.12 516.71 19
1524.17 514.00 16
1549.28 508.39 18
1576.65 504.06 17
1598.55 497.94 17
1624.91 492.67 16
1651.46 484.48 17
1675.82 477.03 16
1700.25 468.22 18
1729.21 461.65 20
1751.15 458.84 16
1776.54 456.74 18
1826.61 452.52 17
1853.06 450.75 18
1877.59 452.56 19
1903.45 455.05 17
1929.80 459.69 16
1954.82 465.47 19
1979.12 471.96 19
2006.34 478.77 17
2030.12 486.05 18
2055.21 491.20 17
2080.87 495.82 18
2106.67 504.74 17
2131.29 509.45 18
2156.13 513.06 17
2182.98 516.56 16
2207.34 517.25 19
2231.42 516.22 19
40.75 1152.52 21
64.02 1153.96 17
86.74 1155.05 17
109.38 1163.39 21
135.70 1165.27 19
161.50 1172.61 18
182.34 1177.06 22
207.74 1178.59 24
227.64 1183.72 23
255.75 1183.77 24
276.58 1188.71 18
303.04 1194.59 24
325.51 1194.66 21
351.84 1198.84 24
373.15 1204.42 21
381.22 1173.49 20
422.90 1207.85 16
445.92 1211.10 15
471.07 1210.28 18
490.16 1209.58 21
517.51 1216.96 22
544.12 1217.69 17
567.10 1215.03 21
592.40 1213.78 22
614.70 1220.24 25
644.08 1215.47 21
664.89 1212.04 21
686.76 1214.99 22
711.72 1215.96 18
736.59 1216.51 21
759.24 1214.59 21
784.71 1211.85 17
808.99 1211.94 17
832.01 1211.55 18
856.29 1208.41 21
882.11 1208.76 17
53.95 1086.43 22
77.07 1085.58 22
100.81 1094.71 16
127.90 1095.89 17
149.27 1104.29 19
172.02 1106.52 19
195.99 1110.11 24
219.97 1112.86 24
246.74 1118.30 20
266.69 1125.77 22
297.68 1127.48 22
316.91 1124.47 20
339.30 1131.78 19
364.73 1134.25 20
387.96 1136.22 20
413.38 1143.78 22
438.26 1141.22 18
459.87 1141.66 19
486.76 1145.12 25
508.92 1147.69 18
531.78 1148.98 25
558.46 1150.23 22
582.52 1147.81 17
603.62 1151.64 19
629.45 1153.66 23
653.81 1149.59 27
678.39 1150.22 18
700.61 1153.43 19
729.82 1150.31 23
749.19 1146.85 22
771.18 1146.56 20
798.79 1141.89 21
818.21 1146.64 23
850.28 1142.22 19
873.94 1144.50 23
893.27 1143.33 21
64.16 1019.44 18
85.99 1026.69 20
113.49 1028.18 27
137.30 1034.96 22
184.39 1039.09 21
207.75 1045.36 16
230.38 1046.20 16
255.32 1051.61 13
277.17 1056.96 14
304.14 1059.40 18
329.11 1059.23 21
350.04 1066.06 17
373.50 1069.20 15
399.78 1071.64 14
421.81 1073.84 17
447.92 1076.05 16
467.10 1078.80 23
495.47 1078.61 15
518.19 1079.75 18
544.17 1081.80 13
568.32 1082.97 22
590.43 1084.20 25
640.43 1087.26 18
661.39 1086.30 18
686.98 1086.36 17
714.38 1083.73 22
738.13 1085.07 20
761.08 1083.19 22
783.33 1081.39 17
812.43 1084.54 25
832.65 1080.65 20
855.86 1079.78 21
881.25 1074.58 22
903.69 1074.42 22
69.88 956.36 21
92.84 958.67 21
115.70 960.85 17
140.56 965.52 18
165.75 969.35 21
188.37 977.67 25
214.03 978.53 23
235.10 979.42 13
262.96 985.82 21
283.58 989.46 19
307.56 996.68 22
329.56 995.90 21
355.55 998.00 14
379.48 1003.17 19
401.29 1006.79 22
424.75 1007.53 23
450.54 1008.53 22
477.62 1009.99 21
499.92 1011.53 21
521.83 1015.80 13
546.77 1013.75 19
570.32 1018.13 17
595.54 1015.90 15
617.61 1019.92 14
643.17 1023.09 23
666.17 1022.01 22
693.77 1019.54 20
714.78 1019.60 23
734.10 1025.84 21
765.05 1018.58 21
791.26 1016.38 25
814.29 1017.26 24
839.65 1011.27 25
859.25 1010.27 25
885.35 1010.42 19
909.72 1007.06 17
67.02 887.49 22
90.71 892.21 20
114.70 895.95 19
138.42 897.22 21
162.33 902.20 18
186.59 909.77 18
211.83 915.13 21
236.01 913.15 22
254.92 915.67 24
282.61 922.60 18
307.87 926.06 20
329.21 932.74 16
352.86 931.68 19
372.96 930.66 21
403.08 939.74 28
424.84 941.30 27
448.40 943.13 20
476.73 941.84 24
497.89 952.58 21
523.67 950.66 21
543.74 948.11 19
568.43 952.14 21
593.97 950.07 15
617.72 953.81 17
644.08 956.60 22
668.56 951.36 17
689.21 954.74 24
713.94 950.95 23
739.14 951.27 17
759.09 951.45 23
807.03 957.49 18
812.00 947.72 22
835.22 946.66 22
861.39 948.34 17
883.45 941.87 14
910.59 942.31 16
64.94 853.30 4
75.52 855.62 5
83.84 855.91 4
103.23 855.34 5
103.04 859.49 5
112.28 861.36 4
122.05 863.34 6
131.33 864.86 6
141.29 865.72 4
160.57 869.19 4
169.16 871.12 5
179.60 873.25 5
189.42 875.30 5
197.84 875.19 5
206.78 877.08 5
217.61 879.24 4
225.92 879.90 5
63.19 821.71 14
84.83 824.22 16
107.11 830.04 25
134.14 834.50 25
159.22 839.10 17
181.42 843.17 20
204.23 846.39 21
225.74 851.11 18
254.43 853.93 25
290.61 869.07 22
299.16 860.82 21
323.72 862.82 20
349.70 865.26 21
373.97 868.85 19
395.61 870.34 21
422.35 872.83 20
445.27 874.16 24
470.98 879.19 15
494.93 884.88 22
518.53 879.10 25
542.55 883.24 29
567.01 889.65 19
590.20 884.14 16
613.31 884.10 22
634.96 886.64 19
661.95 886.68 17
687.91 887.56 23
710.43 883.81 20
734.00 885.20 19
758.16 883.14 23
779.77 880.99 20
805.05 883.44 25
831.67 879.56 19
853.16 879.97 20
880.49 877.56 23
903.59 874.97 22
51.17 754.31 25
77.26 755.54 20
102.48 761.87 19
121.63 770.40 21
146.65 770.87 24
176.47 775.05 19
200.99 776.75 19
220.61 779.55 20
245.77 784.48 26
267.14 789.33 21
292.39 790.31 21
321.33 800.03 21
339.70 795.94 16
365.38 800.45 17
386.76 804.97 17
415.03 807.91 18
436.28 809.86 16
475.87 822.24 16
486.22 814.05 18
509.10 815.96 20
531.98 814.96 25
557.41 818.51 21
581.64 819.57 18
606.34 820.88 22
628.01 821.13 17
651.49 817.30 18
679.96 825.87 24
703.07 816.24 20
726.90 819.02 17
747.15 819.70 21
772.79 817.52 18
799.38 812.18 20
820.54 811.62 22
846.19 810.07 22
869.75 811.94 22
895.27 812.46 19
47.26 687.38 18
69.86 690.37 23
92.13 695.68 17
115.39 698.71 17
137.88 700.84 18
168.62 709.02 23
185.73 711.64 22
215.97 713.65 24
241.05 719.83 25
258.62 723.77 20
279.44 725.51 18
306.29 728.79 22
329.14 731.88 20
353.94 732.60 22
380.47 738.86 23
402.91 743.49 15
423.76 741.19 21
450.82 747.78 22
480.27 769.56 21
494.79 748.12 18
523.94 747.12 20
547.29 750.80 21
570.14 756.00 25
596.38 752.46 21
619.30 751.19 20
643.41 752.69 24
667.49 752.02 15
692.54 753.14 22
714.31 750.48 22
741.47 750.98 23
767.37 750.60 16
787.48 748.38 20
811.09 747.15 23
837.44 746.21 15
860.41 744.65 18
887.34 742.45 22
33.49 621.29 22
60.99 624.43 19
86.26 628.60 23
110.82 629.77 21
133.41 637.29 24
156.89 641.10 17
179.44 644.50 22
203.89 646.68 23
226.61 653.63 25
250.61 656.56 21
274.90 658.64 17
299.75 663.22 19
320.96 665.86 14
351.37 671.29 17
369.93 671.02 15
393.87 673.76 21
421.23 679.40 15
442.75 678.32 17
467.13 676.03 24
491.67 684.33 24
516.72 684.53 18
542.38 682.74 20
565.01 686.40 20
589.06 681.63 20
613.77 686.72 19
635.70 686.60 16
660.31 689.15 25
681.50 684.39 18
708.08 684.14 18
733.83 681.50 21
755.61 685.00 23
779.83 682.09 19
805.34 680.41 18
827.53 675.93 23
854.66 678.97 19
878.19 676.45 26
36.31 555.75 16
56.78 557.82 22
79.73 561.67 22
105.07 565.87 18
131.74 572.66 25
143.72 562.62 17
172.93 590.68 24
200.80 586.17 17
223.49 584.81 18
252.48 589.75 20
271.80 595.12 18
297.25 599.39 22
318.70 598.76 18
342.22 601.24 17
363.97 606.39 21
392.29 609.53 22
417.40 608.19 21
440.66 611.74 20
36.76 486.26 21
55.95 488.12 26
82.65 497.25 23
105.75 500.76 22
128.02 503.03 24
149.82 505.33 23
176.44 511.57 22
202.07 516.27 17
226.81 519.70 26
277.68 492.23 17
273.13 525.55 22
296.42 531.53 20
319.26 532.00 18
347.58 536.48 23
369.35 540.95 22
394.46 540.80 19
415.83 544.37 22
440.21 548.47 19
464.81 547.31 17
493.32 551.45 20
515.79 546.49 20
534.91 550.51 25
559.31 550.65 18
586.16 554.18 22
609.09 551.97 19
633.43 554.28 16
658.83 551.70 23
681.50 551.71 19
708.41 554.05 16
728.63 552.08 24
752.66 554.61 20
777.16 553.30 23
804.64 546.79 17
826.64 546.35 24
851.91 544.85 21
878.81 552.56 19
37.59 420.00 22
62.21 427.38 23
87.89 427.80 26
113.32 436.32 24
137.17 436.07 22
160.43 444.39 21
187.08 448.26 24
206.69 450.24 19
233.00 454.47 22
252.88 454.21 20
278.96 460.89 19
304.78 466.44 21
331.37 467.78 24
351.98 467.03 20
374.95 470.35 21
399.52 476.68 23
428.21 477.17 23
450.70 478.39 26
469.65 482.96 21
496.23 485.60 24
517.78 485.54 17
545.80 486.30 22
568.81 486.61 17
591.67 488.22 25
612.81 486.47 17
642.57 487.57 21
664.38 487.00 19
686.80 487.31 23
712.64 484.07 15
737.76 483.76 19
760.50 484.60 24
783.95 483.14 22
808.65 479.10 20
833.85 481.29 24
857.97 476.75 18
884.10 478.24 25
48.13 383.51 3
52.44 383.43 3
56.80 384.60 2
60.66 385.49 3
65.16 386.23 2
68.72 386.66 2
77.12 388.37 2
81.50 388.73 2
85.60 389.18 3
89.84 390.32 2
94.13 390.89 3
98.30 391.40 3
102.43 392.22 3
106.28 392.44 2
110.11 393.58 2
114.54 393.63 3
123.17 395.50 2
127.14 396.22 2
131.54 396.71 2
135.62 397.61 2
139.90 398.44 2
52.27 356.01 23
76.35 358.22 25
100.15 364.92 24
124.42 369.09 17
149.02 374.49 20
174.98 376.80 20
196.30 380.62 16
220.54 384.06 17
1080.21 313.69 3
1085.42 314.29 3
1090.06 313.93 4
1094.94 317.01 2
1099.89 320.22 3
1104.10 322.47 4
1069.61 299.48 4
1074.48 301.87 4
1078.92 304.00 3
1084.80 303.74 4
1089.29 304.47 4
1094.41 305.39 3
1098.75 306.86 4
1103.53 309.99 4
1108.22 313.03 4
1072.45 290.99 4
1076.65 293.71 3
1081.43 295.47 4
1087.24 296.09 3
1091.90 296.23 4
1096.33 296.70 3
1101.86 298.11 2
1106.60 300.48 4
1110.71 302.96 4
1075.20 280.47 3
1079.15 282.17 5
1084.01 284.92 3
1089.42 285.13 3
1094.85 284.91 4
1099.48 286.06 2
1104.84 287.35 4
1108.82 290.33 4
1113.24 293.02 3
1078.15 269.07 3
1082.93 271.90 2
1093.48 273.73 4
1097.96 274.20 3
1102.90 275.36 4
1108.22 276.89 3
1113.12 279.95 4
1116.46 282.05 3
1082.44 259.69 3
1086.92 262.09 3
1091.56 264.00 4
1097.30 264.34 5
1102.26 264.89 3
1107.47 265.25 3
1112.05 267.37 4
1120.94 272.29 4
1286.41 387.33 15
1309.52 376.39 21
1335.84 371.45 20
1358.39 366.89 14
1384.80 359.39 23
1403.31 350.57 19
988.96 1182.19 8
1008.35 1175.88 11
1027.53 1167.74 9
1047.05 1162.81 9
1066.60 1160.16 10
1087.24 1158.59 9
1107.82 1161.22 9
1127.64 1163.72 9
1149.11 1165.47 11
1169.89 1166.76 9
1190.93 1164.23 12
987.14 1144.63 9
1006.81 1137.66 8
1027.20 1130.53 8
1047.11 1123.25 14
1066.80 1121.34 6
1087.02 1120.71 9
1107.92 1123.36 11
1128.38 1125.51 11
1148.53 1128.66 10
1169.39 1128.67 9
1189.44 1127.09 9
980.09 1106.80 9
1000.69 1100.79 9
1021.90 1092.98 12
1040.29 1087.58 10
972.52 1070.68 10
990.80 1063.49 8
1010.66 1056.02 8
1029.99 1050.52 12
1050.78 1046.55 10
1071.07 1047.70 10
1091.67 1049.50 9
1112.26 1051.79 10
1132.19 1053.06 10
1153.32 1055.66 8
1173.40 1052.57 10
967.49 1033.05 10
986.77 1025.46 8
1007.17 1018.57 8
1026.62 1014.16 10
1046.87 1010.96 9
1066.67 1009.89 8
1087.32 1012.35 11
1109.41 1015.17 11
1129.43 1016.03 9
1149.64 1016.41 8
1170.73 1013.26 11
1597.08 270.22 22
1638.70 276.65 19
1674.20 277.16 22
1709.87 268.90 24
1747.38 269.11 23
1790.71 248.35 24
1831.03 238.40 19
1873.64 223.73 21
1909.68 217.45 23
1952.02 203.26 21
1987.85 198.73 21
2025.94 193.70 19
2063.73 191.78 24
2099.42 191.15 20
2131.14 198.98 21
2167.47 202.15 20
1620.18 206.22 20
1652.81 201.35 21
1684.58 216.51 24
1730.42 206.35 22
1767.57 207.92 22
1802.65 200.34 21
1847.56 180.45 17
1891.29 167.14 21
1923.06 155.45 22
1966.29 142.55 20
2003.92 128.66 22
2040.95 131.91 21
2075.03 131.04 23
2110.37 131.69 22
2148.90 136.59 22
2187.86 138.02 21
1640.13 112.14 21
1671.60 115.44 21
1712.66 118.38 21
1748.61 115.71 24
1782.95 109.26 23
1828.08 97.27 19
1865.24 89.04 21
1902.92 72.34 22
1946.44 56.45 21
1985.67 46.31 21
2027.06 33.76 20
2062.95 29.25 22
2099.93 35.13 20
2131.48 34.38 19
2169.64 40.18 25
2211.40 47.12 22
932.33 765.12 22
967.98 769.09 23
1008.32 738.10 23
1039.53 761.64 24
1071.94 767.68 28
1100.65 765.06 24
1134.60 762.17 20
1155.24 758.71 25
1195.49 766.51 23
1232.54 764.08 24
1268.80 759.94 22
932.12 707.37 28
971.22 713.47 21
1003.70 711.65 24
1035.96 713.11 25
1070.62 711.05 25
1092.82 715.02 22
1134.72 712.13 28
1164.12 715.34 26
1197.88 712.17 26
1231.60 710.45 24
1263.82 710.30 24
1095.89 688.74 27
1131.49 684.66 26
1160.22 679.80 26
1200.73 668.89 23
1225.92 669.95 23
1258.09 660.25 26
1202.53 612.83 23
1228.77 604.63 25
1266.89 598.87 22
934.83 535.79 27
965.39 542.60 23
1004.33 553.72 24
1040.79 538.27 27
1069.00 556.03 21
1097.94 538.05 26
1127.51 548.84 23
1173.30 540.94 24
1200.61 544.98 26
1232.06 537.99 24
1264.44 529.24 25
1099.37 461.57 24
1132.64 460.22 23
1160.73 459.46 26
1191.08 462.78 23
1229.09 470.43 23
1264.17 468.19 27
52.01 226.69 10
66.76 224.15 12
82.65 227.11 11
96.60 224.74 12
111.18 224.87 13
126.56 226.38 13
142.22 225.42 12
158.13 226.01 12
172.32 226.63 13
52.51 190.89 13
80.65 190.03 14
96.39 190.68 14
111.51 192.15 15
128.94 191.67 13
141.29 189.89 13
157.26 191.05 14
172.61 190.99 10
51.33 154.86 13
67.34 156.35 12
81.00 158.85 14
98.76 156.79 13
112.62 155.49 13
127.70 155.03 13
142.66 157.13 12
157.35 155.74 13
172.10 157.43 12
51.19 122.23 11
68.17 122.38 14
81.89 121.03 12
97.23 121.82 11
111.42 121.32 12
127.27 121.93 11
142.43 121.85 10
157.83 120.39 13
172.72 120.47 12
51.29 86.89 11
66.72 86.22 10
83.33 87.28 14
97.70 86.38 12
111.95 87.71 11
126.42 87.48 14
143.62 84.95 15
158.34 85.98 14
172.32 87.96 12
51.75 51.87 14
66.79 52.87 11
82.60 53.20 13
96.77 51.34 12
112.51 53.66 11
127.58 52.45 12
156.64 52.39 15
173.91 53.46 14
52.06 16.92 12
67.31 17.23 12
81.83 17.13 10
96.90 18.81 14
111.68 17.42 10
126.46 17.01 14
141.98 16.74 12
157.59 17.77 10
172.45 18.70 13
