0.251341 0.435175 0.010143
0.266750 0.435473 0.012199
0.281037 0.436326 0.012052
0.297034 0.436388 0.013101
0.312335 0.434775 0.013702
0.327140 0.434684 0.010489
0.341727 0.433669 0.016507
0.356928 0.434634 0.009871
0.371745 0.434438 0.014537
0.386280 0.435551 0.011615
0.401323 0.434330 0.014387
0.417035 0.435388 0.013400
0.430883 0.436860 0.013386
0.446083 0.434926 0.012946
0.462940 0.435833 0.013329
0.475888 0.434588 0.013801
0.490973 0.435980 0.009226
0.506535 0.434641 0.013687
0.520563 0.435704 0.010985
0.537095 0.434428 0.014365
0.551247 0.435570 0.013954
0.566020 0.435422 0.010118
0.580149 0.435758 0.012045
0.596239 0.435070 0.013732
0.610468 0.434319 0.012642
0.625738 0.435313 0.011816
0.640991 0.435060 0.010603
0.655477 0.434057 0.015564
0.670542 0.435724 0.012458
0.686547 0.435037 0.008704
0.700400 0.435010 0.013205
0.719749 0.443228 0.014164
0.730076 0.434638 0.012097
0.745252 0.434122 0.015398
0.760972 0.434450 0.011792
0.776107 0.434125 0.012269
0.791092 0.435656 0.014062
0.804895 0.435860 0.013011
0.821180 0.434194 0.012938
0.835026 0.436300 0.014241
0.251102 0.408777 0.014471
0.266748 0.411127 0.012449
0.281148 0.409300 0.013787
0.296378 0.411162 0.011993
0.311509 0.410144 0.008782
0.326623 0.411605 0.014543
0.342296 0.409845 0.014063
0.356615 0.409166 0.010785
0.372064 0.410436 0.013291
0.386493 0.409993 0.014154
0.401678 0.411222 0.014676
0.416572 0.411543 0.013480
0.430100 0.410046 0.015150
0.446497 0.412189 0.014069
0.460750 0.410713 0.013848
0.476145 0.409796 0.013081
0.491419 0.410818 0.012643
0.506676 0.409300 0.011411
0.520814 0.410558 0.012846
0.536882 0.410204 0.015215
0.551611 0.411762 0.008727
0.566479 0.411335 0.015265
0.580031 0.397727 0.011266
0.596186 0.411239 0.015553
0.611533 0.411303 0.011279
0.624812 0.412007 0.012886
0.639729 0.410569 0.012024
0.655678 0.410219 0.013106
0.670497 0.409608 0.014338
0.684849 0.409633 0.010042
0.700428 0.410704 0.012860
0.714665 0.409080 0.013491
0.730653 0.411566 0.013061
0.745919 0.411350 0.014853
0.760885 0.410277 0.016910
0.775104 0.409786 0.013154
0.790119 0.411216 0.013026
0.804144 0.409512 0.014382
0.820052 0.410804 0.010742
0.835605 0.409736 0.016542
0.252138 0.395934 0.003328
0.255073 0.395928 0.002194
0.257987 0.395879 0.002954
0.261168 0.395655 0.003469
0.264305 0.396448 0.003942
0.271591 0.395665 0.002991
0.279302 0.396130 0.003365
0.281843 0.389270 0.003567
0.285553 0.396073 0.002563
0.288782 0.396089 0.003352
0.291417 0.395533 0.003541
0.294550 0.396179 0.002927
0.297687 0.396176 0.003327
0.300790 0.396020 0.003578
0.303742 0.395809 0.004091
0.251869 0.386248 0.010625
0.278753 0.377594 0.009409
0.282515 0.385808 0.011973
0.296863 0.386069 0.015764
0.311409 0.385795 0.014593
0.326188 0.385310 0.013396
0.341708 0.386669 0.015432
0.356483 0.386229 0.008427
0.371903 0.386196 0.014087
0.251954 0.373308 0.002737
0.255687 0.373162 0.003481
0.259494 0.373034 0.004213
0.250711 0.364713 0.016103
0.266755 0.361823 0.011110
0.281691 0.362424 0.012617
0.251528 0.351802 0.007773
0.260104 0.351037 0.005145
0.268266 0.350958 0.008310
0.275860 0.351458 0.007945
0.295604 0.351694 0.008210
0.303180 0.351906 0.008031
0.311100 0.350573 0.007532
0.319055 0.350915 0.007442
0.327156 0.350432 0.008209
0.335758 0.350826 0.005060
0.342958 0.351547 0.007043
0.351212 0.350264 0.008057
0.370281 0.350572 0.007703
0.378737 0.350904 0.007237
0.385306 0.351485 0.008549
0.394153 0.351654 0.006937
0.403043 0.351577 0.008711
0.410066 0.350561 0.007273
0.418026 0.351761 0.007040
0.426016 0.350594 0.007483
0.250637 0.337932 0.012009
0.267124 0.336223 0.013390
0.282466 0.336909 0.008782
0.296527 0.336507 0.016206
0.312103 0.336936 0.012187
0.326641 0.338921 0.014946
0.341911 0.335371 0.013062
0.355531 0.337769 0.012129
0.252527 0.311929 0.014691
0.267352 0.311673 0.014434
0.282255 0.311391 0.012802
0.296628 0.312707 0.012779
0.312439 0.312213 0.011654
0.327349 0.311826 0.010368
0.341221 0.312920 0.012282
0.356731 0.313697 0.015013
0.252468 0.288932 0.008955
0.266628 0.288379 0.010981
0.282901 0.288278 0.013847
0.297314 0.289132 0.011161
0.311666 0.287622 0.012744
0.326099 0.286538 0.012157
0.340811 0.288514 0.013144
0.356835 0.287898 0.011488
0.253226 0.262277 0.014945
0.267612 0.263104 0.015606
0.281814 0.263957 0.008492
0.297470 0.263680 0.012168
0.311868 0.263279 0.013930
0.326854 0.262729 0.011952
0.341929 0.262425 0.011287
0.356741 0.263421 0.010760
0.252297 0.239051 0.010236
0.267219 0.238463 0.013057
0.281432 0.238695 0.011281
0.296413 0.239132 0.012176
0.311524 0.238152 0.013215
0.326493 0.238250 0.010626
0.341570 0.238775 0.011156
0.356196 0.238756 0.011546
0.251922 0.213638 0.013578
0.267133 0.214075 0.010651
0.282043 0.214754 0.012003
0.297241 0.213183 0.012636
0.312121 0.213596 0.013950
0.341917 0.214800 0.013803
0.357265 0.214612 0.012164
0.252122 0.189959 0.013249
0.267030 0.190068 0.014397
0.282039 0.189131 0.011404
0.296638 0.190337 0.010963
0.311234 0.190196 0.012493
0.327607 0.189874 0.009440
0.341621 0.190376 0.010384
0.355964 0.189796 0.013131
0.252998 0.164670 0.011199
0.266817 0.165402 0.012648
0.281422 0.164345 0.011209
0.296164 0.165069 0.015751
0.312181 0.164528 0.010905
0.326496 0.165445 0.012226
0.341353 0.167014 0.013545
0.356646 0.164864 0.013804
0.252194 0.139118 0.015368
0.266483 0.142864 0.015086
0.282108 0.138851 0.017714
0.296710 0.139670 0.010979
0.312201 0.140340 0.010920
0.326364 0.139510 0.012950
0.341965 0.141086 0.013793
0.356356 0.140242 0.015278
0.252205 0.116294 0.014605
0.266659 0.114837 0.009276
0.281928 0.113186 0.011757
0.297392 0.116335 0.011762
0.312071 0.114470 0.012026
0.327808 0.113200 0.014544
0.340882 0.116003 0.014889
0.356778 0.115945 0.013352
0.250873 0.091509 0.012892
0.267043 0.091765 0.014167
0.280714 0.091867 0.013954
0.296435 0.090876 0.013205
0.311173 0.090612 0.013980
0.325597 0.090930 0.012376
0.341294 0.092354 0.013534
0.356853 0.091357 0.013237
0.252494 0.081036 0.008914
0.257630 0.081543 0.006051
0.263240 0.081459 0.007027
0.268932 0.081253 0.006268
0.274324 0.081649 0.008383
0.279926 0.082299 0.007922
0.285438 0.081574 0.006444
0.291569 0.080741 0.008636
0.296838 0.081574 0.006342
0.303471 0.081141 0.009762
0.252593 0.066636 0.011353
0.266073 0.066645 0.014267
0.282302 0.067137 0.012902
0.296881 0.066724 0.013284
0.311950 0.068559 0.017103
0.327088 0.066689 0.011737
0.340578 0.066519 0.014369
0.357201 0.066691 0.011862
0.371559 0.065820 0.010865
0.385559 0.066633 0.012788
0.251725 0.041314 0.013752
0.266376 0.041914 0.012376
0.282932 0.041317 0.010983
0.296757 0.041939 0.009534
0.311630 0.043440 0.009597
0.326927 0.044168 0.014010
0.342374 0.041712 0.011534
0.356014 0.041190 0.011009
0.370608 0.040878 0.013669
0.386469 0.041599 0.012570
0.251715 0.017448 0.012591
0.266286 0.017995 0.014653
0.281824 0.017996 0.005996
0.295922 0.017437 0.010944
0.311507 0.017503 0.013884
0.325595 0.017690 0.014323
0.341869 0.016923 0.013542
0.356133 0.016861 0.009625
0.372513 0.017593 0.010683
0.386502 0.016794 0.011765
0.561381 0.070692 0.019335
0.570552 0.079058 0.016245
0.574271 0.088011 0.021866
0.590387 0.087877 0.021846
0.598396 0.100481 0.015944
0.602188 0.105192 0.014825
0.610767 0.118344 0.016355
0.619639 0.123568 0.005805
0.625412 0.135042 0.024055
0.635305 0.139481 0.014714
0.642303 0.147344 0.005698
0.654098 0.147091 0.023007
0.658524 0.165131 0.014172
0.663997 0.170110 0.010926
0.670524 0.183146 0.017503
0.678046 0.185982 0.014369
0.683175 0.194632 0.016873
0.697351 0.203472 0.013888
0.700454 0.216001 0.020941
0.707182 0.222822 0.007229
0.716849 0.233875 0.011164
0.719973 0.239856 0.009519
0.728593 0.248647 0.018737
0.736781 0.257965 0.005920
0.742749 0.265735 0.017932
0.748377 0.275780 0.011974
0.758394 0.284329 0.020215
0.763108 0.292710 0.004036
0.769179 0.300944 0.006030
0.775904 0.308031 0.022685
0.783484 0.316714 0.007457
0.792160 0.326942 0.010366
0.799255 0.333876 0.011192
0.801824 0.347403 0.026041
0.818854 0.349076 0.018398
0.820937 0.359799 0.006898
0.828819 0.369796 0.015315
0.836091 0.376122 0.014468
0.851963 0.381669 0.016142
0.854035 0.389765 0.000545
0.863548 0.397924 0.005557
0.870805 0.405589 0.016011
0.878317 0.411213 0.009980
0.891541 0.420074 0.015427
0.897167 0.427238 0.007762
0.904701 0.434135 0.007468
0.572971 0.064913 0.013134
0.581649 0.069988 0.019498
0.592864 0.077090 0.015110
0.598420 0.083320 0.013203
0.608541 0.089979 0.015120
0.613805 0.100022 0.013937
0.620365 0.106853 0.021123
0.629500 0.115305 0.006365
0.636153 0.123328 0.014493
0.643340 0.130272 0.016038
0.655453 0.133546 0.016650
0.657483 0.150344 0.012843
0.669503 0.153556 0.012317
0.676037 0.164371 0.012563
0.685694 0.167640 0.008760
0.688950 0.181312 0.012674
0.698099 0.188364 0.016863
0.706059 0.199795 0.022122
0.710079 0.203282 0.007134
0.719832 0.213497 0.020332
0.721697 0.223008 0.018373
0.729958 0.233316 0.016245
0.737579 0.241283 0.003695
0.744350 0.250058 0.010270
0.751428 0.258157 0.004576
0.759288 0.266331 0.012907
0.764502 0.275062 0.005713
0.773344 0.282775 0.006757
0.779883 0.292826 0.007455
0.787072 0.297168 0.010967
0.802312 0.308485 0.021206
0.799671 0.315368 0.017113
0.808109 0.326741 0.006855
0.812604 0.333207 0.015334
0.820675 0.341793 0.014228
0.830940 0.350389 0.005267
0.837135 0.359055 0.016666
0.847478 0.363158 0.013493
0.853608 0.376823 0.015079
0.864844 0.380708 0.010748
0.879253 0.389166 0.024148
0.878022 0.396708 0.025813
0.888987 0.403171 0.011041
0.893600 0.411602 0.015755
0.908865 0.416536 0.018485
0.914152 0.423763 0.010335
0.580856 0.051563 0.018985
0.591367 0.060561 0.011064
0.597151 0.068761 0.004417
0.606842 0.077099 0.005406
0.617748 0.085940 0.015137
0.623140 0.091008 0.013791
0.628952 0.098817 0.011403
0.642662 0.105092 0.017997
0.646612 0.115290 0.003231
0.657523 0.120482 0.015386
0.661853 0.130368 0.008862
0.670152 0.139155 0.013681
0.676037 0.147788 0.010356
0.685908 0.154032 0.007220
0.698281 0.160040 0.022873
0.699597 0.171262 0.005362
0.706922 0.177531 0.011060
0.715286 0.188494 0.008880
0.718912 0.198590 0.014975
0.727467 0.206615 0.011307
0.731225 0.214732 0.011692
0.741628 0.224150 0.015212
0.746914 0.232910 0.014681
0.755385 0.239386 0.008356
0.761282 0.252417 0.017299
0.768358 0.257021 0.017628
0.773916 0.263328 0.015103
0.785181 0.273546 0.010076
0.790362 0.278089 0.019707
0.794792 0.291168 0.023617
0.803522 0.301209 0.009305
0.809609 0.308790 0.010459
0.825516 0.328084 0.015751
0.835386 0.333310 0.011318
0.842077 0.340049 0.015340
0.849610 0.349814 0.017188
0.858111 0.357332 0.003933
0.870047 0.364575 0.011319
0.872824 0.372793 0.008792
0.878749 0.380023 0.018406
0.892688 0.387978 0.010396
0.904945 0.397409 0.006606
0.906662 0.402418 0.005970
0.916137 0.410278 0.011050
0.921502 0.417741 0.026305
0.582129 0.046128 0.003864
0.585324 0.047792 0.005515
0.586420 0.051245 0.005562
0.756956 0.216101 0.016136
0.762553 0.228036 0.012954
0.767371 0.238025 0.012594
0.765260 0.211148 0.007478
0.773282 0.218984 0.004348
0.776406 0.230236 0.015108
0.775764 0.203325 0.017857
0.783275 0.210952 0.011979
0.789359 0.218999 0.013967
0.611373 0.018633 0.004094
0.615252 0.021707 0.002444
0.626628 0.031119 0.004897
0.628298 0.034653 0.006307
0.633880 0.036770 0.006532
0.635986 0.041107 0.006754
0.646896 0.050371 0.007648
0.651298 0.054653 0.005708
0.654843 0.058482 0.005178
0.657898 0.060492 0.003691
0.661566 0.065123 0.003994
0.666120 0.064247 0.009889
0.774291 0.179427 0.012548
0.780514 0.187753 0.012615
0.785978 0.195569 0.013620
0.793979 0.205304 0.007990
0.799270 0.217677 0.020132
0.808680 0.223059 0.017047
0.780090 0.169188 0.018411
0.787832 0.177912 0.013082
0.791368 0.183926 0.022079
0.800964 0.194143 0.020473
0.808183 0.204220 0.012344
0.816136 0.210009 0.016478
0.939449 0.365269 0.002508
0.949976 0.364756 0.003139
0.959149 0.364801 0.002694
