244.51 1432.29 43
289.79 1438.16 45
312.61 1428.16 40
354.84 1431.11 33
380.28 1429.27 24
414.64 1429.18 13
443.77 1433.12 42
476.95 1423.93 40
514.41 1426.01 29
543.16 1417.48 40
575.04 1434.18 39
605.82 1419.97 34
648.46 1420.49 24
671.66 1423.27 28
699.70 1414.21 36
737.47 1414.67 42
774.48 1414.99 16
792.01 1410.39 44
834.65 1408.70 37
873.18 1410.57 46
902.24 1407.44 8
936.34 1404.63 17
965.02 1402.77 31
999.47 1402.05 24
1031.05 1397.82 33
1065.30 1397.73 2
1092.14 1397.04 25
1134.36 1392.39 38
1161.57 1393.91 25
1193.73 1392.20 25
1234.46 1389.23 50
1261.62 1391.02 29
1294.41 1390.93 48
1325.46 1393.09 18
1356.38 1390.71 23
1393.22 1393.60 21
1423.83 1392.28 12
1451.04 1395.02 37
1483.79 1396.08 31
1515.60 1386.24 48
1556.24 1395.28 48
1578.85 1397.12 56
1619.60 1398.81 28
1644.63 1408.05 26
1675.57 1399.67 40
1724.67 1400.95 53
214.93 1395.11 8
227.13 1394.87 4
250.21 1395.03 10
259.44 1394.59 8
269.80 1395.57 5
279.87 1395.18 7
291.87 1396.67 12
299.17 1394.16 16
310.08 1396.79 5
316.97 1399.20 13
328.41 1395.50 12
340.30 1396.49 2
238.69 1362.93 36
280.29 1370.85 5
310.83 1369.30 38
343.52 1374.64 28
380.90 1367.06 38
407.30 1372.21 41
439.64 1368.18 44
481.76 1376.39 32
498.83 1361.32 41
546.32 1371.67 41
575.12 1361.98 22
604.50 1366.84 13
638.63 1374.08 45
673.60 1360.32 21
702.06 1357.70 12
738.04 1353.30 19
767.38 1354.24 1
801.33 1353.75 22
835.89 1344.44 20
861.00 1346.73 41
897.94 1346.73 8
927.63 1332.69 41
969.88 1338.92 37
993.04 1333.35 29
1030.15 1336.63 39
1053.92 1335.05 58
1090.00 1334.92 44
1123.08 1332.64 42
1161.04 1330.87 46
1184.55 1340.17 44
1221.28 1330.83 6
1264.23 1338.51 56
1282.06 1330.32 19
1316.09 1330.09 34
1350.99 1331.97 42
1390.72 1324.06 42
1424.78 1327.83 36
1450.57 1333.35 20
1481.23 1332.61 7
1520.27 1333.86 28
1547.07 1336.13 15
1574.53 1334.13 27
1614.70 1336.01 22
1656.32 1344.72 55
1678.58 1343.95 11
1707.68 1341.08 41
242.93 1306.42 31
279.21 1312.72 30
305.90 1309.53 9
336.63 1311.65 19
371.80 1310.12 19
408.52 1308.47 22
436.98 1312.91 19
470.33 1306.96 33
503.26 1309.05 29
533.94 1304.71 37
562.24 1304.95 19
595.04 1298.35 41
630.25 1295.60 27
663.59 1296.07 12
690.79 1300.08 18
727.95 1291.21 37
758.46 1296.64 42
794.46 1288.13 19
821.71 1281.69 34
847.40 1282.61 60
892.05 1288.16 41
921.79 1277.50 38
956.11 1284.64 34
986.17 1281.50 41
1056.88 1279.06 48
1074.86 1277.45 34
1122.45 1271.80 19
1153.62 1269.96 22
1182.02 1268.59 12
1222.15 1269.88 30
1240.19 1263.50 27
1273.03 1281.88 52
1313.35 1273.57 38
1345.07 1267.10 22
1379.75 1267.32 58
1409.26 1269.82 20
1452.34 1279.33 46
1471.70 1275.25 35
1504.38 1273.37 21
1542.97 1277.17 35
1559.79 1272.70 60
1606.85 1277.60 27
1636.97 1276.90 33
1666.31 1283.58 46
1699.74 1277.49 41
239.43 1249.35 26
267.30 1248.42 17
292.12 1241.34 38
337.56 1250.85 52
358.43 1241.69 39
392.11 1254.44 45
429.16 1246.06 32
457.60 1249.46 44
491.88 1251.81 59
520.93 1242.86 35
559.57 1240.09 32
592.66 1240.04 39
617.80 1242.20 40
653.48 1237.63 34
694.58 1248.11 50
701.19 1228.32 51
752.78 1228.25 23
778.02 1233.35 35
817.24 1232.42 42
851.11 1226.06 12
889.73 1225.76 37
914.93 1224.28 32
954.12 1222.17 36
980.12 1217.94 41
1009.10 1216.39 28
1048.62 1215.36 34
1080.89 1228.37 26
1110.75 1211.78 34
1142.05 1210.15 29
1178.13 1210.27 31
1209.43 1211.45 17
1242.17 1209.29 36
1267.47 1208.73 29
1298.76 1213.62 43
1342.41 1209.77 32
1371.51 1210.71 25
1402.29 1207.56 22
1436.70 1213.47 16
1459.60 1209.58 55
1507.30 1204.73 47
1531.89 1207.97 45
1564.13 1217.21 39
1590.68 1214.53 44
1631.41 1220.68 24
1665.83 1224.63 45
1693.07 1216.44 37
196.98 1211.27 3
202.36 1210.88 5
197.09 1226.43 1
213.70 1212.13 2
219.02 1211.82 1
224.76 1211.98 4
235.25 1212.10 3
241.41 1212.27 1
246.80 1211.63 5
252.52 1212.08 3
258.78 1211.35 7
263.71 1212.34 1
274.50 1212.29 2
280.30 1212.79 1
285.41 1212.58 3
291.87 1212.77 5
297.58 1212.64 3
227.62 1183.58 28
259.13 1187.76 32
284.48 1185.32 30
323.58 1187.79 4
355.31 1186.61 11
386.96 1186.20 24
419.74 1185.18 8
454.96 1186.17 11
487.08 1179.09 25
522.63 1187.72 43
546.05 1176.76 25
582.13 1186.12 25
616.12 1177.93 8
651.36 1177.33 26
680.65 1165.16 42
708.99 1172.12 27
749.30 1175.29 33
778.43 1170.88 32
812.44 1168.43 44
841.18 1168.50 26
880.33 1160.76 35
905.13 1161.39 25
942.09 1159.56 39
972.33 1152.42 29
1009.48 1152.55 49
1032.03 1146.02 43
1065.89 1150.79 30
1099.40 1153.39 34
1135.72 1148.62 42
1164.28 1154.90 37
1201.07 1147.62 27
1232.68 1143.68 25
1265.31 1147.87 8
1286.78 1146.68 32
1331.10 1148.75 23
1362.18 1148.15 26
1380.68 1136.62 39
1428.22 1149.45 37
1456.96 1150.08 15
1493.91 1152.32 41
1524.33 1162.41 34
1561.34 1153.45 56
1580.20 1157.25 44
1620.97 1158.91 31
1652.25 1160.61 20
1687.50 1161.74 12
216.47 1126.96 19
257.96 1128.60 42
284.73 1125.57 21
316.46 1126.00 32
348.51 1123.19 42
383.71 1130.73 29
422.97 1128.82 44
447.05 1124.26 2
483.02 1119.33 38
504.45 1122.91 46
540.25 1116.65 42
579.87 1115.98 25
607.37 1115.88 28
645.96 1118.53 34
677.91 1115.94 30
707.14 1110.85 31
737.12 1110.06 36
770.33 1103.63 23
815.17 1101.18 57
835.83 1101.61 15
870.64 1100.37 25
898.94 1096.66 37
929.86 1110.67 17
966.70 1098.35 39
1000.73 1091.78 19
1033.02 1088.60 33
1071.14 1089.37 32
1094.45 1085.16 60
1130.12 1086.01 33
1160.09 1082.94 19
1199.91 1085.21 62
1226.94 1085.36 35
1264.59 1077.38 44
1293.96 1087.62 37
1324.42 1086.89 17
1352.62 1080.70 33
1400.94 1090.50 31
1417.30 1089.25 15
1457.23 1086.50 36
1487.49 1092.34 23
1528.09 1099.72 36
1554.85 1093.44 16
1583.57 1091.47 13
1616.63 1084.66 35
1643.05 1097.29 31
1676.79 1102.13 38
208.34 1062.03 44
250.47 1056.48 55
274.77 1074.44 44
318.74 1061.12 50
343.30 1071.92 35
371.71 1065.70 33
407.62 1061.68 26
442.70 1063.34 19
471.24 1064.76 19
499.56 1066.79 61
539.25 1056.04 16
572.49 1057.86 1
605.44 1045.02 48
629.14 1061.57 37
669.87 1053.31 13
699.48 1049.83 11
733.49 1047.08 13
765.03 1049.06 20
803.85 1044.04 31
832.01 1044.15 27
864.33 1041.97 17
899.97 1041.99 36
930.09 1035.59 5
943.23 1038.48 13
995.29 1028.04 37
1026.16 1030.64 29
1069.02 1029.54 46
1085.98 1030.64 24
1120.98 1031.90 39
1161.92 1029.01 27
1191.82 1023.68 25
1219.64 1026.70 18
1252.75 1022.34 25
1289.26 1021.53 37
1312.70 1022.10 39
1349.33 1020.98 36
1383.60 1020.70 41
1414.73 1029.87 36
1457.60 1031.03 52
1483.69 1027.75 26
1519.24 1033.10 36
1549.69 1030.04 58
1572.36 1033.37 34
1611.97 1035.21 1
1645.28 1040.27 22
1677.44 1038.93 12
212.31 1001.48 16
242.07 1005.20 38
269.76 1006.99 26
303.39 1003.65 43
343.48 998.07 29
366.05 1009.27 48
407.55 1003.21 38
437.35 999.54 51
470.53 999.05 16
500.02 991.42 40
535.63 1002.48 28
566.21 986.66 39
598.57 992.71 42
628.19 993.67 38
665.82 997.94 25
695.34 989.37 41
730.81 986.80 12
769.38 984.94 25
798.41 981.74 48
830.70 982.03 13
859.79 979.98 28
893.24 979.22 15
925.70 975.47 10
959.33 973.78 40
990.53 976.31 41
1029.48 971.70 41
1056.17 968.89 25
1086.22 965.98 34
1121.78 973.40 28
1154.13 965.52 48
1178.08 978.43 27
1215.80 960.71 37
1246.74 961.48 30
1283.32 964.41 20
1304.86 971.03 44
1352.44 969.26 49
1383.18 965.63 28
1410.50 959.77 31
1447.48 972.12 33
1478.26 967.54 26
1525.94 974.10 52
1543.34 969.18 33
1580.06 970.29 49
1607.68 968.89 50
1641.56 973.33 44
1673.27 974.97 31
208.56 938.38 53
244.47 941.95 12
276.80 946.79 40
312.95 945.72 31
343.58 940.39 16
374.02 944.83 16
406.40 942.94 48
439.60 939.86 23
468.95 938.65 55
503.92 942.12 29
534.99 933.30 29
563.22 932.44 53
607.41 933.01 33
635.04 922.50 32
666.81 930.08 31
697.70 931.76 22
729.35 924.37 28
764.19 934.95 36
800.03 921.04 55
831.55 919.46 30
866.22 914.57 27
893.92 919.40 46
929.51 911.65 8
959.67 914.77 15
995.39 911.75 35
1039.25 908.20 52
1059.55 911.98 35
1090.83 904.57 15
1126.42 908.42 19
1153.35 902.16 26
1190.60 905.07 43
1216.77 903.68 11
1251.84 902.32 30
1280.13 902.64 16
1316.45 902.34 33
1354.09 893.36 42
1378.06 897.85 32
1413.63 906.04 12
1445.01 906.68 24
1482.78 912.53 34
1505.34 910.37 43
1543.40 911.14 23
1575.44 916.06 39
1614.12 912.15 37
1640.67 913.80 17
1673.40 917.58 36
215.05 881.56 5
245.34 887.14 25
280.84 874.77 47
312.32 880.71 15
343.42 878.94 55
375.73 878.82 39
407.80 882.71 27
446.18 873.71 28
473.57 878.18 16
508.20 883.23 39
537.80 879.11 25
571.40 873.34 26
604.84 874.03 9
636.64 871.57 16
668.55 867.87 15
702.69 868.66 18
737.28 862.95 20
773.64 864.06 30
802.25 861.31 18
832.39 857.60 32
863.09 856.62 21
887.67 850.77 43
956.57 852.70 27
989.70 853.86 29
1027.02 848.79 13
1056.66 845.73 33
1092.86 846.20 17
1119.46 847.41 32
1155.54 843.85 17
1187.25 843.21 30
1217.23 843.58 31
1250.00 841.07 22
1282.85 846.59 29
1316.27 841.35 32
1348.82 844.50 29
1387.83 841.88 32
1416.71 846.53 29
1455.95 840.79 46
1485.35 844.74 45
1512.11 851.25 36
1545.64 853.79 32
1578.29 848.64 37
1615.99 853.69 45
1642.32 853.81 18
1673.61 854.46 29
220.38 814.90 14
250.96 823.24 33
279.30 818.44 35
313.11 810.42 42
347.43 822.76 26
382.39 820.21 1
414.92 818.43 38
445.01 813.95 30
478.81 817.28 24
512.75 814.83 20
542.26 820.12 25
586.45 820.30 41
607.61 815.47 31
644.03 807.50 31
677.90 803.43 52
701.17 808.07 49
745.16 805.87 40
765.89 809.98 39
807.70 799.65 22
837.18 805.49 34
879.15 793.88 58
900.43 791.90 25
935.58 788.16 47
961.91 798.11 30
1001.57 791.17 33
1032.01 785.61 46
1065.40 783.65 46
1097.56 785.23 36
1129.52 786.23 42
1165.01 779.81 27
1193.76 782.01 7
1233.15 774.32 38
1259.59 782.71 11
1296.82 783.01 49
1322.49 781.67 37
1357.72 781.24 32
1391.09 781.76 36
1424.86 785.78 42
1455.83 778.98 38
1482.67 784.83 51
1520.70 785.35 33
1549.49 784.26 31
1583.93 789.74 37
1619.66 793.43 39
1649.09 786.07 37
1678.52 799.56 25
229.28 751.83 29
256.70 756.83 23
293.31 759.37 30
316.61 759.56 35
355.42 765.86 26
387.52 760.04 5
418.51 760.32 42
452.74 757.78 35
483.60 753.26 31
514.31 755.60 42
548.94 749.10 31
583.62 754.29 37
616.27 749.90 48
648.30 750.27 44
681.35 747.05 1
715.57 745.06 13
746.93 744.15 26
777.56 747.87 44
811.17 740.45 36
841.58 739.72 22
874.79 735.91 15
904.57 726.54 40
941.76 729.70 39
971.97 734.69 36
1012.34 724.85 30
1025.05 722.85 54
1069.21 723.12 17
1105.97 723.37 49
1135.21 719.39 32
1169.08 720.95 19
1200.93 718.88 20
1232.89 718.70 34
1266.86 726.82 24
1296.73 714.39 20
1336.27 723.29 42
1363.15 719.82 25
1393.53 719.27 19
1430.22 718.08 24
1461.19 712.94 41
1492.24 722.26 21
1527.20 724.71 17
1555.20 727.55 41
1589.94 726.42 51
1624.47 729.73 24
1656.52 732.00 19
1686.04 735.66 30
238.92 696.32 32
262.93 699.94 37
294.59 697.96 25
332.44 698.54 17
359.98 699.52 30
394.90 698.46 38
431.36 700.18 28
459.27 699.88 36
491.57 694.20 17
521.89 692.32 32
553.23 694.81 43
587.29 693.70 37
620.82 681.71 39
655.81 686.38 45
694.81 685.20 25
721.45 687.28 34
750.20 680.99 27
792.29 675.35 33
816.58 679.74 42
848.34 673.52 14
884.08 675.66 19
915.71 671.73 3
948.31 677.09 45
998.35 672.96 27
1013.38 667.66 13
1045.17 662.00 31
1074.14 664.25 17
1108.44 659.91 41
1149.98 663.19 39
1177.01 658.17 38
1213.60 660.39 37
1237.53 658.32 35
1273.51 659.72 29
1307.99 658.56 15
1372.23 657.74 12
1370.94 660.10 23
1400.91 654.35 28
1436.28 661.85 16
1469.11 663.32 26
1501.13 643.92 9
1535.86 669.45 41
1563.90 662.54 36
1599.85 662.38 37
1614.84 668.07 41
1665.13 674.77 22
1692.39 670.77 30
232.90 638.79 46
269.87 635.19 58
302.87 636.91 18
335.65 635.23 39
372.40 635.92 43
405.29 631.60 37
438.45 635.63 21
468.34 638.22 33
497.28 638.12 27
523.46 632.29 48
566.03 628.32 29
599.32 632.27 16
632.52 627.52 12
665.81 624.83 32
696.72 627.63 18
727.58 621.97 12
764.16 621.02 18
789.02 619.80 44
818.60 618.27 47
858.82 612.49 29
889.93 609.73 22
927.36 606.86 27
954.11 613.45 29
986.20 605.78 30
1019.75 605.81 23
1051.92 608.51 33
1084.22 602.57 23
1121.96 599.46 15
1146.32 599.60 49
1191.28 594.62 37
1208.68 592.84 27
1243.83 599.34 25
1277.80 594.94 31
1313.57 595.11 23
1348.91 598.09 12
1368.45 602.18 36
1416.87 594.77 39
1451.37 593.94 33
1472.90 597.57 50
1508.72 599.05 15
1543.38 597.63 30
1573.80 610.63 35
1606.39 606.48 27
1641.39 608.79 21
1667.33 611.42 27
1703.07 610.50 7
213.71 587.90 4
228.84 590.14 17
240.42 588.99 19
253.80 589.86 13
266.70 589.64 5
280.35 588.41 6
292.01 591.23 8
303.42 589.28 12
320.67 590.47 17
355.42 588.15 18
362.34 593.00 19
380.38 588.90 4
416.85 589.28 9
427.66 588.04 7
443.38 588.72 7
250.42 577.20 27
285.27 572.11 46
309.22 574.79 20
349.53 576.01 21
372.93 576.18 44
416.26 577.26 43
439.26 577.94 20
474.51 569.02 35
513.00 566.08 37
539.86 576.06 35
573.54 570.21 17
604.75 571.06 29
640.48 565.29 40
675.09 566.79 44
705.60 568.99 40
736.93 561.33 16
765.36 559.21 16
799.54 557.48 15
831.13 557.80 17
864.75 548.59 35
899.86 553.67 42
925.97 555.30 39
957.74 552.73 48
993.87 554.27 44
1027.47 544.52 4
1059.27 542.35 34
1092.44 541.07 4
1123.40 541.31 18
1163.71 539.10 30
1185.40 542.71 34
1219.24 536.09 15
1254.81 539.09 39
1287.77 534.54 43
1318.33 539.58 40
1360.97 535.93 43
1387.40 535.03 31
1414.74 542.58 28
1450.85 539.74 24
1487.15 538.93 32
1513.19 536.82 33
1558.60 544.05 55
1574.83 539.07 34
1612.64 545.17 14
1642.20 552.23 25
1676.58 552.49 52
1710.68 549.57 4
219.23 540.06 16
242.64 532.97 21
256.13 537.96 27
277.04 536.55 14
286.73 539.45 13
311.72 539.01 10
329.47 535.27 15
350.70 534.15 26
366.47 540.11 12
384.44 537.61 14
1772.77 307.77 33
1780.83 339.32 32
1776.62 367.59 37
1780.32 400.93 32
1775.87 437.15 33
1776.75 479.22 36
1773.45 514.23 29
1787.63 547.85 37
1774.68 576.72 34
1776.65 618.15 35
1774.74 656.06 33
1776.43 682.94 35
1775.30 714.06 29
1771.57 752.99 37
1775.34 794.44 33
1771.91 821.78 37
1780.07 863.15 31
1775.79 900.02 32
1775.05 930.70 33
1775.66 967.37 31
1782.25 996.77 40
1779.87 1037.29 42
1778.13 1068.94 33
1773.63 1104.89 27
1766.95 1143.30 36
1777.65 1165.73 30
1782.69 1211.43 35
1773.38 1246.84 37
1770.74 1274.52 32
1782.80 1304.40 37
1822.12 298.73 26
1822.00 339.87 38
1817.79 369.31 30
1818.60 409.54 30
1817.52 439.36 27
1819.03 477.05 33
1817.91 512.70 27
1822.01 540.97 30
1819.69 577.79 29
1826.43 614.90 33
1820.48 647.86 35
1816.12 684.64 24
1812.89 728.67 36
1822.24 751.36 27
1823.25 795.49 30
1820.96 825.56 26
1825.99 864.19 31
1817.55 891.18 34
1818.73 932.23 23
1822.38 963.64 33
1819.76 1001.76 24
1824.93 1040.97 26
1820.99 1066.61 31
1818.39 1104.23 31
1830.14 1135.21 33
1850.86 299.38 17
1849.41 314.63 13
1846.84 334.70 17
1849.35 348.60 16
1851.33 363.36 17
1848.35 384.68 14
1849.54 398.72 15
1845.02 418.77 15
1850.71 435.59 16
1850.53 448.05 15
1849.13 494.54 18
1845.83 508.57 17
1846.36 529.67 20
1849.15 542.16 12
1844.99 561.12 13
1849.62 577.59 17
1848.14 591.16 14
1848.41 606.46 16
1852.41 625.70 16
1847.24 665.80 17
1848.44 686.36 15
1846.62 702.06 13
1853.19 716.47 17
1850.17 735.04 15
1847.83 748.56 14
1859.39 306.04 27
1861.40 337.14 37
1851.20 362.31 35
1855.47 401.28 33
1858.47 434.36 35
1865.50 471.86 28
1866.06 510.09 36
1871.45 547.32 35
1872.41 572.88 40
1863.70 619.85 30
1863.92 645.11 33
1866.23 698.23 36
1860.92 720.51 30
1858.48 758.29 41
1867.47 787.54 29
1856.67 824.04 30
1863.26 865.86 34
1862.31 900.30 36
1864.47 905.14 36
1857.20 966.02 43
1866.91 994.13 28
1864.94 1036.15 31
1866.75 1062.65 30
1862.52 1101.41 33
1864.02 1135.72 31
1864.13 1173.73 38
1862.90 1202.64 41
1865.84 1246.89 36
1867.98 1277.72 32
1860.05 1320.19 33
1899.28 300.74 34
1906.76 341.78 36
1906.58 367.29 28
1905.85 405.15 32
1905.20 440.02 35
1907.19 477.98 31
1906.00 496.03 35
1900.82 542.44 25
1909.03 584.02 34
1908.76 611.45 31
1905.19 646.43 28
1912.68 682.74 36
1910.55 722.89 37
1901.02 754.04 32
1904.73 787.46 28
1902.76 831.85 35
1908.06 864.76 32
1904.64 894.91 29
1905.09 928.69 30
1910.96 973.01 27
1900.46 1013.62 38
1906.54 1036.76 28
1909.98 1064.20 32
1907.25 1106.48 36
1899.06 1143.31 29
1902.95 1171.70 36
1905.63 1209.62 33
1904.81 1244.66 27
1904.72 1273.95 36
1911.82 1316.51 33
1950.43 297.13 32
1950.88 333.57 38
1949.34 371.55 26
1949.92 405.80 30
1945.21 443.56 25
1941.89 473.75 36
1945.63 506.82 31
1955.78 540.25 27
1952.67 573.31 36
1951.33 610.05 33
1951.56 657.93 38
1943.86 691.10 37
1954.49 716.45 36
1945.92 748.16 38
1953.72 788.69 39
1943.15 821.60 33
1949.49 870.45 35
1946.44 900.64 35
1947.01 925.14 33
1953.66 963.33 27
1947.77 1003.57 33
1949.59 1037.56 33
1948.92 1081.82 33
1948.44 1108.38 35
1943.30 1141.63 27
1953.61 1172.48 37
1954.08 1210.94 29
1949.28 1247.16 33
1953.08 1285.82 32
1955.81 1310.78 36
1992.10 294.65 31
1987.70 338.61 35
1999.11 369.94 34
1991.58 407.74 32
1994.76 434.00 35
1980.35 469.07 39
1991.09 512.14 33
1997.43 547.09 41
1991.89 572.44 32
1995.78 612.27 29
1992.77 652.69 30
1997.10 684.15 33
1991.02 719.21 27
1992.55 752.60 37
1994.77 786.14 32
1994.73 830.57 31
1990.14 853.77 33
1997.20 898.45 35
1994.01 927.71 37
2000.22 967.69 28
1994.06 997.41 28
1985.93 1034.62 35
1983.13 1072.95 36
1991.05 1107.62 36
1993.49 1141.10 28
1991.17 1183.84 40
1987.25 1215.52 35
1992.60 1250.27 34
1982.77 1294.93 42
1986.90 1316.43 33
2011.71 299.04 16
2010.94 323.82 15
2013.53 349.25 14
2010.79 369.02 16
2012.96 424.42 15
2016.64 443.19 15
2014.95 468.86 14
2012.18 493.07 14
2036.80 294.24 29
2031.16 340.02 32
2035.79 371.32 32
2044.50 405.14 30
2036.54 441.75 29
2039.36 481.62 33
2030.59 506.09 34
2037.21 547.44 30
2031.08 578.85 33
2032.08 610.60 32
2043.58 645.19 27
2033.67 678.33 34
2028.99 720.96 28
2033.94 752.72 28
2029.51 791.68 35
2038.66 820.31 33
2039.61 859.45 30
2034.27 889.71 35
2033.48 928.46 32
2030.36 961.11 32
2036.25 1000.14 26
2044.01 1035.75 37
2033.49 1069.44 29
2034.53 1104.14 29
2038.75 1137.83 29
2032.36 1171.65 33
2036.81 1209.54 35
2033.03 1253.81 37
2041.12 1278.62 27
2032.70 1314.25 28
2086.69 296.73 33
2076.54 338.58 36
2076.10 370.55 28
2080.06 403.37 35
2079.35 435.89 32
2079.23 474.40 37
2079.24 511.23 41
2071.58 543.49 36
2078.35 582.03 30
2084.93 612.99 31
2083.98 651.44 32
2081.63 682.58 30
2083.75 728.77 24
2083.53 767.04 32
2090.91 786.69 38
2077.79 819.53 32
2082.36 859.76 25
2076.44 902.38 36
2080.06 930.21 38
2082.79 967.05 35
2075.63 1000.74 27
2075.50 1040.05 29
2079.72 1076.73 35
2080.69 1109.51 25
2075.87 1141.86 39
2084.14 1174.99 31
2079.27 1217.15 34
2074.67 1249.49 36
2086.66 1278.81 35
2071.61 1323.33 41
2119.58 294.06 34
2125.27 330.80 31
2121.11 378.90 30
2134.05 409.47 31
2128.53 446.32 25
2116.38 477.38 34
2123.94 508.30 39
2124.88 551.22 36
2122.65 566.31 34
2124.55 612.63 36
2115.71 654.07 31
2119.60 686.98 34
2123.60 718.57 35
2128.49 763.36 32
2115.01 787.81 34
2123.22 823.61 29
2125.57 860.04 27
2120.47 895.74 35
2114.24 925.54 36
2127.98 962.46 28
2121.65 992.44 30
2121.65 1036.98 32
2126.62 1078.99 43
2121.69 1098.74 35
2114.78 1138.06 34
2121.39 1176.11 31
2125.78 1212.80 29
2124.28 1246.71 25
2124.36 1276.28 26
2119.44 1311.16 36
2164.82 296.44 28
2165.55 330.03 31
2166.36 378.04 35
2171.85 407.86 32
2162.40 438.34 24
2155.44 477.47 37
2160.57 512.56 35
2167.84 541.53 32
2169.52 585.25 39
2171.42 615.33 33
2166.91 652.12 30
2165.79 693.85 31
2157.59 715.79 34
2169.91 751.31 31
2173.95 795.23 38
2164.57 818.89 27
2164.90 859.62 34
2162.78 888.82 33
2165.98 929.54 32
2158.14 961.98 42
2163.60 995.62 23
2164.95 1037.76 32
2166.72 1069.71 26
2167.90 1104.66 27
2163.52 1141.79 29
2169.38 1178.69 36
2173.96 1211.96 33
2160.08 1251.41 35
2167.06 1282.08 31
2168.37 1308.67 32
2209.53 300.14 34
2212.01 329.90 27
2211.76 372.54 35
2207.98 409.31 35
2214.29 437.05 31
2212.76 475.52 29
2210.01 514.07 28
2202.61 549.61 33
2212.00 579.82 31
2207.10 621.45 34
2209.99 656.84 36
2206.04 678.65 35
2208.68 719.71 32
2206.90 753.84 32
2212.99 797.09 37
2212.77 827.71 39
2207.58 858.17 36
2204.77 899.10 31
2203.20 932.40 34
2214.77 969.64 35
2215.51 999.17 30
2207.96 1034.92 27
2205.81 1061.86 30
2203.89 1105.02 32
2204.06 1144.91 41
2216.66 1167.99 37
2208.92 1219.27 30
2205.74 1245.63 30
2203.23 1276.04 35
2213.60 1316.27 37
2250.03 298.15 36
2249.19 370.67 34
2253.66 408.40 37
2253.58 439.22 33
2251.07 472.39 30
2258.14 507.41 33
2256.14 547.19 36
2258.91 577.27 31
2251.20 624.41 36
2249.91 649.97 34
2252.92 691.15 35
2255.92 721.42 30
2251.98 755.99 30
2253.94 785.80 41
2257.12 822.21 30
2251.81 857.65 28
2253.70 892.19 36
2250.90 928.08 34
2252.13 970.03 28
2252.82 1000.17 30
2255.93 1039.59 34
2259.36 1068.87 33
2246.04 1109.05 33
2249.48 1144.90 35
2252.93 1177.85 26
2251.90 1210.93 38
2253.63 1241.03 28
2254.06 1280.28 27
2253.73 1324.38 37
2296.64 303.35 33
2300.58 333.84 36
2300.51 373.93 32
2301.57 413.95 32
2301.71 436.39 27
2293.25 478.99 38
2299.65 514.35 32
2296.72 537.95 32
2291.64 575.08 32
2299.69 610.99 32
2296.82 653.92 38
2294.83 687.38 29
2305.02 726.48 34
2304.39 751.55 25
2283.74 787.15 27
2328.36 301.94 9
2327.18 307.20 9
2327.09 315.44 7
2325.69 321.04 7
2326.17 326.33 7
2326.57 335.55 7
2327.48 341.80 7
2327.83 348.34 6
2327.98 357.89 6
2328.17 362.23 7
2327.90 381.01 6
2327.71 388.69 7
2328.56 395.94 7
2327.53 402.76 8
2346.46 298.45 39
2341.62 332.02 28
2344.46 368.94 28
2340.99 411.14 30
2345.28 435.92 35
2343.43 474.92 32
2336.09 504.39 29
2340.93 542.99 27
2339.05 580.91 37
2341.58 609.40 37
2344.54 652.46 41
2340.30 686.56 34
2339.47 720.56 28
2343.46 749.58 32
2336.45 795.46 34
2336.01 825.63 35
2338.83 860.94 30
2334.50 892.49 36
2341.96 930.40 32
2336.99 967.32 29
2340.46 997.72 35
2339.79 1036.52 31
2337.14 1070.53 34
2342.09 1112.67 39
2334.98 1141.55 30
2343.55 1179.49 30
2339.03 1215.40 37
2343.90 1249.50 31
2340.68 1283.58 27
2337.91 1323.65 30
2393.41 306.43 31
2384.57 333.64 33
2380.71 373.25 37
2387.08 405.73 35
2387.84 435.02 31
2383.50 473.11 27
2388.30 507.22 26
2381.89 551.00 38
2383.39 586.20 34
2380.30 611.72 31
2382.86 648.13 25
2375.93 683.91 39
2385.44 722.33 34
2383.00 753.74 35
2384.95 789.64 31
2378.13 823.58 42
2374.58 865.20 25
2389.93 894.42 25
2387.91 924.17 36
2381.98 968.98 35
2387.14 998.75 38
2384.69 1033.81 29
2386.48 1060.65 39
2378.20 1112.64 39
2390.61 1142.38 34
2379.92 1180.73 31
2387.05 1204.84 26
2382.01 1245.14 40
2378.98 1286.46 32
2389.19 1314.06 34
2424.42 304.34 32
2424.84 340.75 30
2428.38 369.31 34
2430.25 402.72 33
2426.96 435.99 27
2425.91 479.83 30
2424.47 510.23 34
2429.42 544.86 35
2425.74 588.76 36
2427.43 614.84 31
2428.50 646.31 26
2437.06 681.90 25
2429.85 714.74 36
2430.11 753.21 39
2426.70 790.57 26
2433.87 827.63 31
2429.52 864.41 30
2427.56 892.00 27
2426.23 931.72 34
2428.57 969.00 26
2434.26 1000.42 32
2434.38 1034.13 37
2432.35 1072.60 37
2437.40 1106.19 40
2435.14 1139.26 38
2424.92 1177.00 36
2432.89 1209.98 29
2438.59 1242.49 38
2430.47 1283.92 37
2428.03 1321.77 33
2471.36 299.22 29
2470.72 333.71 33
2471.37 372.25 29
2464.04 402.88 31
2470.42 439.88 24
2458.74 477.07 33
2469.93 515.00 34
2478.22 547.71 33
2467.88 577.68 30
2460.86 611.37 33
2472.00 647.52 30
2466.40 685.38 25
2465.57 723.17 36
2468.64 746.87 35
2468.35 793.13 39
2477.35 827.74 39
2468.03 863.80 34
2465.37 901.61 36
2471.03 925.47 31
2472.45 971.53 31
2467.29 996.60 32
2467.21 1036.28 28
2479.01 1069.10 34
2467.70 1105.08 22
2476.55 1136.93 36
2465.85 1168.56 30
2466.63 1213.15 30
2474.36 1245.08 29
2472.02 1282.10 30
2470.28 1313.52 32
2512.02 304.28 33
2515.21 335.89 27
2523.93 373.35 31
2514.78 411.87 35
2515.92 433.24 27
2516.12 479.40 32
2521.29 504.84 32
2511.88 548.71 26
2514.22 568.68 34
2505.63 610.94 29
2509.88 654.86 30
2518.38 685.19 32
2514.03 725.00 27
2511.15 753.39 33
2516.25 791.23 34
2511.91 825.96 37
2501.47 861.81 37
2518.09 901.82 29
2516.41 928.98 36
2514.96 963.67 33
2525.01 1001.66 35
2516.94 1036.20 38
2518.56 1073.75 30
2514.78 1101.80 26
2514.55 1144.06 27
2513.24 1177.61 35
2512.34 1203.34 38
2519.98 1240.91 32
2516.88 1281.02 28
2511.69 1309.53 33
2554.62 296.95 33
2551.24 341.68 39
2555.99 368.79 31
2562.02 406.84 32
2566.24 446.06 28
2560.70 467.15 36
2553.14 505.61 26
2546.72 541.88 37
2559.12 577.59 30
2545.45 615.31 33
2555.63 656.40 36
2556.21 677.92 36
2549.59 723.58 31
2558.97 757.26 38
2554.41 790.39 28
2560.45 822.04 35
2553.46 854.72 35
2553.05 890.52 28
2551.50 923.34 36
2554.50 961.72 35
2553.98 999.21 34
2557.42 1028.14 37
2566.48 1074.82 35
2561.21 1099.05 32
2556.41 1139.95 26
2551.87 1175.30 31
2545.46 1217.07 42
2561.95 1241.16 31
2568.45 1274.51 37
2559.72 1310.33 34
2594.26 309.98 35
2601.99 336.88 34
2597.97 366.58 25
2604.67 402.13 31
2606.47 438.56 36
2603.01 482.61 35
2605.92 516.08 29
2598.88 549.65 33
2599.74 579.37 28
255.13 472.92 38
283.30 472.29 38
312.13 463.13 33
342.47 459.45 37
367.38 452.06 30
396.36 449.76 29
425.23 447.41 38
457.80 442.20 41
479.24 436.92 22
505.95 437.90 30
537.95 436.34 30
565.03 437.68 34
591.42 438.44 37
621.32 437.56 31
650.05 439.34 36
676.97 443.85 29
707.00 449.38 36
736.28 449.76 29
763.06 457.62 32
790.08 465.65 32
817.50 465.27 33
847.82 470.88 29
878.74 480.00 29
907.83 485.78 25
934.46 488.40 31
960.53 495.26 33
990.98 498.32 27
1023.02 506.77 38
1048.72 511.55 41
1075.73 510.97 28
1104.19 514.08 27
1133.19 509.81 37
1165.22 511.54 36
1191.53 511.24 32
1218.21 508.50 22
1247.88 506.50 30
1275.94 504.43 31
1303.47 496.64 29
1330.26 500.30 35
1360.25 493.76 38
1391.21 483.73 36
1419.64 479.13 33
1447.16 478.32 32
1471.68 466.29 34
1499.31 461.80 29
1531.62 457.25 24
244.84 426.86 40
272.32 425.82 29
304.90 419.74 32
330.83 414.29 25
366.38 411.47 47
387.86 403.55 27
417.13 398.78 31
446.25 397.19 24
473.68 393.62 30
502.30 397.02 32
532.31 393.82 25
564.75 393.14 33
587.82 391.39 29
618.35 393.91 31
646.17 396.48 23
671.62 400.99 27
701.54 402.23 29
732.01 408.16 34
757.98 411.41 35
788.73 421.02 29
812.87 428.38 42
843.38 425.97 29
871.67 439.53 35
900.95 440.86 25
930.21 446.21 22
956.85 451.25 25
987.06 456.58 24
1012.87 460.75 38
1042.74 464.54 28
1068.45 463.38 32
1097.94 466.85 31
1128.56 470.12 28
1158.98 468.93 34
1187.94 467.88 25
1212.36 466.41 37
1241.07 461.93 38
1271.79 459.07 34
1298.15 452.67 33
1325.20 450.44 35
1355.52 446.54 31
1381.53 439.09 23
1411.87 436.26 34
1442.12 433.64 39
1469.30 422.97 26
1495.80 421.89 35
1524.94 413.69 22
244.14 387.08 33
279.29 382.21 28
301.68 374.06 29
329.39 367.70 38
361.37 363.75 37
388.40 359.08 38
418.50 354.81 24
442.24 354.50 29
473.70 350.59 30
503.40 346.30 31
530.57 348.46 37
557.90 346.33 25
584.68 350.11 40
617.21 349.87 34
639.42 353.58 44
670.33 354.94 29
698.96 356.98 31
731.13 361.99 30
756.27 367.64 27
787.73 373.40 40
813.33 381.57 31
842.96 385.51 30
870.80 388.83 22
897.86 395.25 24
924.63 401.00 28
956.57 406.69 30
985.03 408.78 31
1010.40 412.76 30
1040.98 413.88 32
1071.79 419.62 27
1093.58 420.42 38
1121.48 424.54 44
1148.91 420.13 42
1182.66 422.83 26
1210.58 420.78 24
1240.82 416.45 30
1267.80 414.55 33
1296.28 412.03 28
1324.38 403.90 25
1354.55 398.93 36
1382.35 397.57 37
1411.09 385.08 39
1438.00 389.18 32
1465.84 378.60 37
1492.94 375.88 32
1520.38 367.76 37
1359.21 356.48 31
1386.73 352.33 40
1412.45 342.37 35
1440.65 339.24 42
1469.24 332.56 38
1500.58 329.93 33
1526.42 320.94 26
224.78 319.58 8
232.59 317.79 6
240.75 315.80 6
249.83 315.62 7
257.51 312.65 6
266.06 311.04 4
273.70 310.37 7
292.41 306.05 8
302.03 303.98 7
309.81 302.37 6
317.91 301.10 4
336.29 298.33 9
344.76 296.27 5
353.24 294.87 6
362.41 292.78 8
369.90 292.38 7
377.77 290.65 6
387.31 288.76 9
253.66 296.97 41
285.20 291.76 24
313.26 283.66 36
340.73 278.82 26
368.74 271.84 35
399.30 272.83 28
425.91 266.77 23
454.85 263.56 35
482.18 260.36 32
510.50 254.14 37
536.88 257.64 46
568.27 260.14 25
600.30 256.50 32
624.64 261.02 33
650.87 265.30 41
679.44 261.84 32
708.38 271.48 24
741.49 278.74 33
767.05 277.31 33
796.55 285.44 34
825.63 291.80 34
852.05 293.56 27
876.92 303.90 29
909.20 308.53 32
937.16 313.54 23
962.52 315.69 41
995.26 319.21 18
1023.97 325.36 27
1054.68 327.43 27
1079.85 329.35 28
1107.18 333.31 27
1134.29 334.81 35
1163.24 334.72 31
1192.01 331.42 26
1219.59 332.01 34
1248.70 325.70 33
1280.68 325.73 38
1306.18 323.15 40
1334.52 315.78 32
1360.61 313.93 32
1391.85 307.22 26
1419.87 303.38 35
1445.19 295.82 30
1475.20 290.12 31
1503.30 284.49 26
1533.44 278.01 31
263.84 254.71 33
284.04 247.08 23
322.00 236.56 34
348.78 235.55 20
374.23 234.36 40
405.01 222.66 38
434.28 220.46 32
460.64 215.21 32
491.44 212.29 26
520.55 213.63 29
546.54 216.49 36
576.52 212.39 36
605.20 215.99 30
632.90 213.90 33
661.36 218.53 34
686.37 223.05 34
715.17 222.47 38
740.28 229.74 38
773.21 237.72 27
804.53 242.81 32
832.04 242.61 39
860.89 253.46 28
886.22 256.00 24
915.89 263.32 35
942.38 269.08 35
972.48 271.65 29
998.09 275.26 29
1027.30 280.29 31
1059.62 284.19 33
1087.41 286.75 35
1110.85 288.79 38
1141.07 287.20 33
1168.88 289.70 31
1199.34 286.77 28
1229.81 285.81 36
1253.19 287.11 42
1283.94 282.85 35
1312.37 276.94 20
1339.71 272.83 31
1371.99 264.65 32
1397.46 264.11 27
1429.12 257.07 23
1452.95 251.37 39
1482.86 245.71 39
1513.14 241.56 39
1539.00 236.00 35
267.16 204.74 36
295.48 201.68 30
323.42 198.78 31
352.42 188.86 28
380.28 187.08 35
407.91 182.65 32
437.08 177.89 27
466.53 171.38 30
492.23 170.39 37
521.22 169.67 28
550.08 167.13 19
578.20 169.13 32
606.89 166.20 36
633.81 169.51 39
663.35 170.12 31
692.11 178.02 25
722.80 187.07 30
750.20 185.90 30
777.81 189.58 27
807.00 193.62 32
832.89 197.48 31
861.57 204.42 25
890.46 207.42 38
919.50 218.76 33
947.26 222.71 32
978.19 226.19 29
1006.78 232.59 28
1030.97 235.19 32
1061.66 236.74 34
1090.38 241.84 31
1115.93 243.83 37
1145.17 243.59 28
1178.75 241.75 32
1202.35 243.20 28
1232.96 240.26 27
1258.34 243.87 33
1288.95 236.34 31
1321.52 230.45 40
1343.07 226.15 32
1373.51 222.04 24
1401.31 220.19 29
1431.73 211.07 34
1456.98 208.28 31
1488.50 198.83 36
1514.11 193.29 35
1543.16 192.11 33
236.77 179.55 16
258.64 174.20 16
276.23 172.50 10
295.31 167.63 14
314.17 164.80 13
334.59 158.96 17
352.49 157.53 15
374.54 153.26 19
391.34 151.01 17
438.52 143.21 14
455.80 143.03 15
475.56 139.46 17
494.06 139.56 23
513.24 135.21 15
534.91 137.60 20
553.16 135.29 16
264.93 162.94 37
292.06 159.42 35
322.66 153.12 26
351.69 142.65 39
380.15 143.16 37
405.71 136.12 33
436.02 128.21 33
462.35 128.57 40
493.56 124.78 36
524.30 125.23 29
548.73 119.24 33
579.62 124.73 34
604.66 123.80 33
632.64 122.16 40
666.76 131.07 34
689.87 132.31 31
721.98 133.10 35
751.23 144.96 35
779.11 146.46 40
808.35 151.37 30
834.76 155.89 30
861.78 159.07 26
889.13 168.07 26
920.43 170.92 27
946.37 173.71 39
976.04 180.33 30
1002.21 184.81 24
1030.42 187.36 27
1060.71 196.07 30
1088.18 197.91 31
1117.16 198.80 29
1144.78 200.53 29
1175.53 202.85 29
1200.49 196.58 24
1234.01 198.14 30
1260.51 194.22 31
1287.93 194.24 33
1313.91 188.21 34
1341.83 180.45 34
1374.27 177.63 25
1399.85 173.26 26
1427.99 166.11 23
1454.07 160.21 34
1486.30 155.71 32
1512.06 152.74 31
1540.42 143.41 37
260.32 117.86 31
289.34 107.31 42
315.88 107.99 33
347.48 102.35 33
372.73 96.08 35
402.29 91.57 20
430.57 91.15 29
460.04 83.39 35
486.86 83.19 36
514.59 76.51 29
543.55 78.45 31
572.77 77.10 25
601.72 82.36 27
628.17 80.07 32
658.15 85.11 34
682.40 79.73 41
713.89 98.16 36
746.32 97.07 32
771.51 99.32 33
798.85 104.30 31
832.20 113.14 31
854.99 114.59 16
884.43 123.47 39
913.93 129.25 29
940.43 129.72 33
968.35 136.15 35
994.23 139.45 35
1024.65 147.46 37
1054.10 149.10 32
1083.49 156.09 46
1114.09 151.09 38
1141.91 158.05 40
1170.36 152.81 34
1196.47 155.40 39
1228.27 148.65 35
1253.78 149.42 30
1284.95 145.19 45
1309.52 144.82 31
1336.05 137.91 30
1366.53 131.13 32
1398.66 128.66 32
1422.48 123.59 33
1450.02 116.55 41
1484.19 110.10 39
1507.71 102.73 32
1538.77 98.12 26
2602.09 1396.01 5
2611.09 1396.50 6
2620.52 1395.81 7
2631.08 1396.26 4
2640.62 1396.69 8
2648.06 1396.61 9
2658.92 1397.15 6
2668.39 1397.59 1
