0.020211 0.229101 0.005659
0.026364 0.228272 0.006248
0.033136 0.226356 0.007831
0.041442 0.227163 0.004527
0.046887 0.224358 0.008077
0.055096 0.225600 0.005758
0.065714 0.226450 0.006357
0.070503 0.225294 0.009033
0.079669 0.224431 0.006870
0.085323 0.223408 0.006529
0.092867 0.222808 0.007366
0.099261 0.222548 0.006827
0.108726 0.221447 0.006064
0.114671 0.220078 0.007321
0.124912 0.222485 0.010028
0.138442 0.219775 0.007591
0.146172 0.220448 0.007331
0.150495 0.218330 0.008107
0.159955 0.219145 0.007858
0.165953 0.217486 0.005733
0.173318 0.218700 0.007690
0.181621 0.217349 0.007037
0.189452 0.215357 0.009424
0.197329 0.216627 0.006659
0.203557 0.217441 0.008758
0.211504 0.215214 0.005304
0.218717 0.214665 0.007411
0.225584 0.214228 0.005942
0.232332 0.213830 0.005703
0.240563 0.214339 0.008089
0.248743 0.220983 0.005552
0.253901 0.210575 0.006764
0.262376 0.212473 0.005955
0.268851 0.211002 0.007530
0.278475 0.211930 0.007361
0.285206 0.210245 0.003856
0.307548 0.209354 0.007968
0.329223 0.206581 0.006088
0.334841 0.205013 0.009843
0.344237 0.206117 0.008231
0.349337 0.206462 0.008335
0.357999 0.205236 0.003587
0.366442 0.205188 0.009478
0.371506 0.204160 0.007059
0.379972 0.203810 0.005097
0.392547 0.202346 0.008826
0.400419 0.201089 0.004749
0.407604 0.201383 0.008496
0.415138 0.200676 0.006540
0.423327 0.200376 0.006200
0.432202 0.200490 0.006403
0.437927 0.199356 0.005834
0.444206 0.196413 0.007277
0.453604 0.199380 0.007346
0.459910 0.197915 0.008455
0.467730 0.198024 0.008958
0.474996 0.196107 0.006543
0.482762 0.196978 0.008503
0.489284 0.196666 0.005363
0.496320 0.193727 0.007885
0.504961 0.195388 0.005453
0.511139 0.193499 0.006202
0.518527 0.192950 0.007836
0.526457 0.193100 0.005955
0.534349 0.194403 0.007674
0.540541 0.191071 0.004950
0.548584 0.191100 0.005992
0.555626 0.191085 0.007730
0.561720 0.191305 0.009080
0.570716 0.189922 0.005367
0.576822 0.190015 0.009180
0.587461 0.187928 0.007347
0.592884 0.189338 0.010135
0.599660 0.188764 0.006555
0.607513 0.186603 0.006272
0.615532 0.186161 0.007430
0.622774 0.186592 0.005470
0.629407 0.186148 0.007152
0.011885 0.189085 0.012850
0.025094 0.192044 0.012820
0.047590 0.192033 0.012816
0.063843 0.192631 0.012821
0.085335 0.193521 0.012867
0.009222 0.171512 0.012840
0.028699 0.169039 0.012790
0.049284 0.172190 0.012868
0.067284 0.171514 0.012849
0.085952 0.173627 0.012861
0.100226 0.174657 0.012790
0.122669 0.175269 0.012862
0.139525 0.176467 0.012815
0.159424 0.174276 0.012787
0.175603 0.176764 0.012803
0.195908 0.173216 0.012806
0.214676 0.174197 0.012850
0.232507 0.176479 0.012872
0.250527 0.177041 0.012855
0.269444 0.175558 0.012840
0.289157 0.176792 0.012783
0.303722 0.179030 0.012832
0.325237 0.177420 0.012786
0.341974 0.175813 0.012905
0.361725 0.176393 0.012835
0.380566 0.177165 0.012865
0.395414 0.174769 0.012800
0.417047 0.176719 0.012790
0.436591 0.173596 0.012883
0.455548 0.173790 0.012823
0.469912 0.175353 0.012888
0.491303 0.175553 0.012864
0.510705 0.174132 0.012813
0.529189 0.174108 0.012883
0.545166 0.173761 0.012811
0.565200 0.171843 0.012786
0.585000 0.170819 0.012832
0.602135 0.173075 0.012780
0.619856 0.169072 0.012878
0.641143 0.169517 0.012854
0.657908 0.168335 0.012765
0.675247 0.167996 0.012800
0.694350 0.167998 0.012837
0.712244 0.167121 0.012850
0.731871 0.166708 0.012804
0.747673 0.166811 0.012803
0.765376 0.163467 0.012832
0.785430 0.164543 0.012830
0.009185 0.153891 0.012763
0.027913 0.151999 0.012831
0.047126 0.150540 0.012901
0.066618 0.154164 0.012803
0.084704 0.154794 0.012775
0.103979 0.154118 0.012804
0.122273 0.153907 0.012763
0.138751 0.155909 0.012794
0.158081 0.156603 0.012872
0.175706 0.156762 0.012781
0.194306 0.156096 0.012758
0.214104 0.154580 0.012812
0.230251 0.155938 0.012781
0.254986 0.157818 0.012834
0.271565 0.156676 0.012886
0.287030 0.158255 0.012802
0.305100 0.157625 0.012825
0.325971 0.157459 0.012833
0.341614 0.155675 0.012828
0.360978 0.158570 0.012763
0.378260 0.155745 0.012810
0.400386 0.155296 0.012828
0.417851 0.158310 0.012904
0.433602 0.155441 0.012779
0.454003 0.157659 0.012864
0.473219 0.156132 0.012824
0.490607 0.154964 0.012752
0.509143 0.153901 0.012808
0.529195 0.153188 0.012749
0.546681 0.153385 0.012824
0.564927 0.152661 0.012820
0.585224 0.151685 0.012839
0.008044 0.131682 0.012844
0.026407 0.134098 0.012885
0.050259 0.133540 0.012825
0.063625 0.132929 0.012876
0.082205 0.134471 0.012809
0.104842 0.136871 0.012773
0.120283 0.136345 0.012873
0.139551 0.133760 0.012797
0.157449 0.137567 0.012867
0.176411 0.138430 0.012847
0.194903 0.137289 0.012832
0.213390 0.136482 0.012844
0.230284 0.138661 0.012877
0.251900 0.139519 0.012832
0.266277 0.137677 0.012870
0.287386 0.138633 0.012754
0.304814 0.136031 0.012803
0.327744 0.136719 0.012880
0.343404 0.137008 0.012848
0.361405 0.138884 0.012842
0.380640 0.139601 0.012832
0.398673 0.137642 0.012865
0.415909 0.136549 0.012847
0.436740 0.138350 0.012854
0.452103 0.135841 0.012837
0.468827 0.135944 0.012882
0.491631 0.134571 0.012825
0.509602 0.133465 0.012810
0.527688 0.137030 0.012865
0.543565 0.132734 0.012793
0.564585 0.129613 0.012813
0.583339 0.132254 0.012841
0.602171 0.130326 0.012810
0.639012 0.131158 0.012787
0.657385 0.128917 0.012837
0.676106 0.129505 0.012828
0.693048 0.128939 0.012797
0.713418 0.127846 0.012850
0.731216 0.127183 0.012849
0.748247 0.129732 0.012798
0.768260 0.127254 0.012847
0.010752 0.113586 0.012846
0.026346 0.113379 0.012811
0.046401 0.113458 0.012779
0.059581 0.118430 0.012821
0.083099 0.114581 0.012854
0.103562 0.114350 0.012825
0.119465 0.114377 0.012883
0.140546 0.118481 0.012824
0.008137 0.092381 0.012772
0.025866 0.095757 0.012793
0.006856 0.073804 0.012861
0.023175 0.074315 0.012843
0.042909 0.075956 0.012817
0.060043 0.074547 0.012836
0.083017 0.076170 0.012811
0.096705 0.076917 0.012877
0.118192 0.077850 0.012799
0.135928 0.079033 0.012753
0.152341 0.079677 0.012815
0.001342 0.060108 0.012814
0.022521 0.052695 0.012779
0.040399 0.056611 0.012909
0.058932 0.056317 0.012836
0.077234 0.056891 0.012811
0.098426 0.058160 0.012764
0.114297 0.058643 0.012857
0.137046 0.058678 0.012794
0.155183 0.059007 0.012802
0.170054 0.058482 0.012790
0.187551 0.058707 0.012815
0.004402 0.041007 0.007228
0.011503 0.042302 0.007204
0.023027 0.041974 0.007258
0.028797 0.042016 0.007238
0.039118 0.042118 0.007239
0.045117 0.044281 0.007231
0.054917 0.042879 0.007220
0.062936 0.043464 0.007218
0.069966 0.042949 0.007216
0.079772 0.044036 0.007227
0.089755 0.044403 0.007239
0.096118 0.044002 0.007261
0.103921 0.044806 0.007168
0.111835 0.046471 0.007229
0.121107 0.044162 0.007221
0.130417 0.046146 0.007196
0.137627 0.044440 0.007206
0.145703 0.046668 0.007212
0.156905 0.047089 0.007215
0.163348 0.045846 0.007195
0.172482 0.046204 0.007193
0.177749 0.045960 0.007227
0.188493 0.047113 0.007216
0.195541 0.046149 0.007232
0.204995 0.047506 0.007245
0.212932 0.048049 0.007222
0.221224 0.047076 0.007224
0.228956 0.046447 0.007220
0.238514 0.046158 0.007203
0.247550 0.047612 0.007201
0.254389 0.047505 0.007238
0.262722 0.047481 0.007218
0.272646 0.047882 0.007225
0.280191 0.048291 0.007235
0.289543 0.047304 0.007208
0.296318 0.047754 0.007170
0.303461 0.047311 0.007228
0.313805 0.047808 0.007211
0.321491 0.046366 0.007207
0.329440 0.046588 0.007219
0.337328 0.047641 0.007227
0.344987 0.050106 0.007232
0.355558 0.046815 0.007253
0.364793 0.047392 0.007166
0.371521 0.048066 0.007240
0.376012 0.047516 0.007278
0.387964 0.047531 0.007240
0.396509 0.047152 0.007200
0.405007 0.047636 0.007203
0.005495 0.036554 0.012787
0.023804 0.033392 0.012793
0.041786 0.034108 0.012911
0.055486 0.036126 0.012811
0.077328 0.035743 0.012798
0.095625 0.037299 0.012818
0.117206 0.039180 0.012835
0.134618 0.038141 0.012815
0.172742 0.038521 0.012826
0.188516 0.041430 0.012859
0.206364 0.043258 0.012835
0.227309 0.040026 0.012818
0.244080 0.041421 0.012796
0.262656 0.038620 0.012874
0.281018 0.041339 0.012849
0.300623 0.041007 0.012858
0.317624 0.042646 0.012784
0.336112 0.040522 0.012767
0.355336 0.039381 0.012885
0.374237 0.040055 0.012794
0.389668 0.041979 0.012819
0.413228 0.038683 0.012828
0.426952 0.041165 0.012809
0.449533 0.036569 0.012943
0.468119 0.039300 0.012816
0.484264 0.038580 0.012791
0.503767 0.035859 0.012835
0.524299 0.035623 0.012827
0.540392 0.038566 0.012834
0.558904 0.036680 0.012847
0.576148 0.035289 0.012775
0.594654 0.036279 0.012839
0.616256 0.033928 0.012887
0.631524 0.033558 0.012907
0.651658 0.033263 0.012793
0.668136 0.033164 0.012814
0.686746 0.031044 0.012803
0.706161 0.030749 0.012841
0.724011 0.030130 0.012928
0.743412 0.029318 0.012763
0.761448 0.028444 0.012836
0.002483 0.015327 0.012885
0.022077 0.017698 0.012822
0.039916 0.015783 0.012841
0.063007 0.015758 0.012855
0.078972 0.019620 0.012757
0.094390 0.019649 0.012849
0.114868 0.020486 0.012797
0.132745 0.021050 0.012802
0.153267 0.022845 0.012779
0.171256 0.019411 0.012838
0.186604 0.020952 0.012881
0.205800 0.020605 0.012835
0.226171 0.021083 0.012852
0.242130 0.021078 0.012843
0.261168 0.020560 0.012790
0.286323 0.020988 0.012777
0.300858 0.019995 0.012852
0.318209 0.022359 0.012781
0.337760 0.022075 0.012832
0.004947 0.000734 0.003721
0.009874 0.000820 0.003733
0.015641 0.000697 0.003728
0.019700 0.001057 0.003738
0.024684 0.000868 0.003724
0.028472 0.001309 0.003742
0.046725 0.005353 0.003742
0.042834 0.001682 0.003740
0.487748 0.297240 0.005618
0.494865 0.296624 0.006863
0.505241 0.293356 0.006484
0.512610 0.290897 0.006225
0.521890 0.286939 0.006053
0.529840 0.284946 0.006728
0.538828 0.282810 0.007110
0.547555 0.279950 0.006146
0.554950 0.278920 0.008079
0.564682 0.275207 0.006304
0.574412 0.271169 0.006595
0.584759 0.268695 0.006451
0.590844 0.267034 0.005476
0.600524 0.264793 0.006498
0.609691 0.261982 0.006798
0.483876 0.280365 0.006988
0.491964 0.275411 0.006211
0.500149 0.274571 0.007039
0.510119 0.273330 0.006381
0.518319 0.271598 0.005945
0.527259 0.264318 0.007845
0.536531 0.264686 0.006135
0.545612 0.263318 0.006743
0.554239 0.260479 0.006312
0.562391 0.256869 0.007171
0.571525 0.255569 0.007186
0.578233 0.252298 0.006119
0.589223 0.249561 0.006349
0.595517 0.246382 0.006271
0.614323 0.241806 0.006733
0.623448 0.240347 0.007268
0.633115 0.235173 0.007517
0.642169 0.232979 0.006394
0.649972 0.231851 0.006837
0.658310 0.230049 0.007396
0.666405 0.226067 0.006781
0.675951 0.224546 0.006156
0.685176 0.222557 0.007129
0.691265 0.219105 0.007248
0.700277 0.217336 0.007293
0.710346 0.215725 0.006776
0.719668 0.209194 0.006360
0.728172 0.208217 0.005986
0.736739 0.205265 0.005532
0.744900 0.204259 0.007025
0.753366 0.200614 0.006648
0.762570 0.198183 0.006091
0.772186 0.196341 0.007184
0.780351 0.193964 0.005809
0.790173 0.187835 0.007921
0.797857 0.189236 0.006953
0.806729 0.187007 0.005303
0.815004 0.184246 0.005845
0.824309 0.179808 0.005903
0.833229 0.177627 0.005858
0.841197 0.174997 0.006361
0.849611 0.171731 0.006135
0.855730 0.171238 0.007262
0.866489 0.165731 0.006631
0.889981 0.160169 0.006940
0.883687 0.162056 0.005788
