1054.61 1010.65 51
1091.31 1020.39 29
1045.66 984.54 8
1055.99 985.36 10
1044.76 966.70 29
1077.15 969.41 27
1118.66 981.76 32
1153.39 984.27 35
1191.47 996.45 21
1224.90 1007.29 31
1266.81 1013.05 41
1303.26 1018.18 12
1340.64 1026.21 29
1376.79 1027.95 24
1413.47 1033.01 35
1450.65 1028.48 25
1023.84 916.60 31
1061.32 922.62 13
1100.80 930.80 30
1136.83 939.79 29
1178.11 949.96 22
1213.17 955.00 20
1246.96 961.59 34
1289.28 972.63 28
1324.55 974.89 20
1365.31 977.99 35
1402.54 982.23 28
1432.00 980.90 23
1469.40 977.76 39
1505.22 972.09 30
1535.56 968.67 33
1575.87 961.67 29
1606.75 952.17 38
1638.79 945.06 32
1674.71 935.83 40
1710.28 922.99 28
1741.64 914.15 29
1776.32 903.92 28
1813.68 894.16 23
1013.19 869.57 41
1046.77 877.30 22
1085.78 881.47 28
1123.01 885.73 25
1160.77 902.68 30
1202.21 910.73 33
1238.55 914.22 36
1277.57 925.48 40
1313.71 930.75 39
1343.78 928.68 26
1385.76 930.85 25
1417.94 932.08 38
1453.45 929.56 33
1490.05 926.07 41
1522.77 922.35 28
1556.59 915.32 30
1592.64 904.93 28
1624.23 896.67 38
1659.84 879.19 40
1691.45 873.70 29
1727.47 864.59 39
1761.40 852.80 28
1799.17 848.82 24
1828.85 840.50 36
1865.69 834.57 26
1899.70 832.07 28
1945.20 838.70 42
1973.60 838.63 24
2010.46 841.32 28
2045.82 845.58 24
2086.06 853.06 30
2123.68 860.67 30
2161.10 868.53 32
997.68 818.91 27
1030.87 826.99 29
1070.24 834.80 23
1107.23 838.85 35
1148.39 853.94 26
1185.51 856.31 34
1222.99 866.50 19
1261.64 874.65 25
1298.69 880.43 14
1334.95 880.56 28
1376.83 888.75 32
1407.86 884.85 25
1441.79 884.01 18
1474.42 881.18 35
1515.75 871.25 33
1545.35 867.08 26
1579.89 858.09 19
1614.00 849.62 28
1646.26 836.49 26
1679.27 825.37 27
1720.59 817.97 49
1754.06 810.56 33
1784.01 796.93 31
1816.65 795.22 28
1854.01 791.29 38
1888.44 784.38 37
1924.64 786.97 16
1959.07 788.21 34
1997.71 794.49 31
2037.46 800.37 32
2073.47 804.78 24
2107.77 810.45 19
2148.89 820.01 27
985.40 772.33 37
1024.42 776.95 14
1067.03 789.53 30
1095.51 792.54 33
1135.42 805.87 36
1172.44 807.05 29
1214.73 817.90 32
1251.20 826.98 37
1287.98 832.42 31
1322.10 830.20 27
1365.41 835.00 38
1397.94 837.31 39
1432.41 835.00 24
1470.58 827.53 37
1499.50 828.60 40
1534.58 819.62 34
1571.55 807.46 26
1605.29 793.15 29
1639.12 789.88 20
1671.46 777.98 32
1705.84 772.22 40
1737.66 758.34 21
1772.11 753.13 31
1810.91 747.03 27
1841.02 734.87 28
1876.61 739.85 37
1915.63 735.86 20
1949.17 739.40 29
1987.47 745.57 18
2023.93 747.09 30
2066.56 755.34 30
2097.84 763.60 23
2139.64 773.07 26
979.43 726.31 6
1020.93 736.11 29
1053.06 736.98 24
1090.10 746.38 34
1132.25 754.69 31
1169.63 763.83 33
1207.75 769.67 31
1246.23 781.04 32
1280.66 785.47 27
1319.26 785.88 22
1356.14 789.31 24
1391.07 792.49 27
1426.07 786.25 18
1458.60 782.13 31
1493.02 776.30 39
1529.89 767.79 39
1564.69 760.96 23
1597.42 750.89 26
1629.94 739.18 30
1664.06 729.29 20
1700.37 716.79 41
1734.24 709.66 38
1767.06 701.90 43
1799.56 696.08 19
1829.80 691.84 37
1868.11 690.47 28
1906.94 689.81 23
1946.02 692.57 25
1978.92 700.05 34
2019.28 699.42 30
2053.47 712.63 26
2090.93 717.83 39
2130.73 722.72 37
971.75 677.16 28
1013.26 686.10 24
1047.71 687.68 29
1084.18 695.92 27
1124.16 707.53 21
1160.30 714.44 28
1197.88 720.45 33
1233.30 728.03 36
1271.66 735.53 24
1312.74 740.51 38
1343.72 741.52 17
1382.72 735.27 40
1414.92 736.90 32
1455.62 736.20 24
1487.99 726.59 32
1515.51 719.77 30
1551.95 713.93 36
1590.24 702.79 28
1623.31 692.21 29
1657.74 681.62 26
1690.39 674.80 26
1719.18 664.44 41
1762.80 656.94 24
1792.35 646.75 26
1826.76 643.76 35
1864.46 641.71 23
1900.83 641.22 19
1934.14 642.39 32
1973.99 649.03 27
2010.18 650.83 34
2049.18 657.54 23
2086.34 666.79 24
2121.79 679.49 29
968.88 631.75 21
1006.57 640.70 51
1039.65 639.22 28
1079.94 650.29 29
1117.92 658.14 28
1154.67 664.66 27
1190.48 673.82 22
1235.13 679.27 31
1265.57 684.61 29
1310.38 693.15 44
1340.98 694.27 26
1377.55 691.74 23
1410.91 691.11 22
1446.17 686.81 14
1480.49 680.42 21
1511.13 673.43 39
1550.61 664.52 22
1583.57 657.39 23
1617.30 641.27 30
1647.34 639.88 34
1683.76 624.23 33
1718.54 609.26 34
1755.05 606.99 24
1787.11 605.25 24
1818.75 595.24 22
1855.01 596.91 29
1891.07 595.89 38
1931.49 598.32 37
1968.02 601.08 33
1999.21 602.52 35
2037.58 613.16 28
2077.19 619.86 42
2113.46 625.52 32
961.01 594.93 7
967.66 595.91 6
973.89 596.74 7
981.17 598.34 7
988.48 599.74 6
995.20 600.96 11
1001.22 602.25 5
1008.84 603.16 6
1014.77 604.25 5
1021.82 606.47 6
1041.72 609.17 5
1047.98 611.47 8
1054.79 611.86 8
1061.10 613.23 5
1068.65 614.83 4
1075.35 616.02 5
1082.68 619.12 5
1090.30 619.48 10
1108.84 624.27 8
1115.99 625.02 4
1124.16 628.62 8
1128.89 627.88 8
1137.35 630.60 5
1142.78 631.48 2
958.12 584.52 33
994.12 586.80 31
1037.67 596.73 28
1069.95 602.19 34
1106.29 609.32 22
1146.75 617.34 31
1186.49 624.76 37
1219.80 631.60 26
1260.78 641.64 30
1295.83 642.83 24
1331.49 647.44 34
1369.84 646.28 20
1403.75 641.24 31
1436.29 640.51 27
1473.94 633.08 25
1505.62 621.34 35
1536.68 614.11 35
1573.76 606.72 30
1606.15 595.22 30
1641.48 586.92 20
1674.59 577.88 33
1713.92 569.29 40
1745.01 558.77 32
1779.68 551.22 28
1816.48 548.95 35
1845.81 547.28 37
1886.14 546.58 12
1921.64 548.23 33
1954.85 549.58 32
1996.14 559.22 25
2032.78 560.09 33
2072.63 570.60 22
2109.01 582.23 34
947.41 532.80 31
987.91 538.40 32
1020.73 544.69 21
1060.67 553.77 24
1100.52 561.91 25
1136.25 570.48 31
1174.79 573.93 42
1211.72 587.44 21
1248.62 593.45 22
1286.46 601.54 38
1322.03 596.76 28
1354.06 596.02 29
1393.23 594.80 31
1424.33 588.95 26
1464.38 584.70 32
1496.67 576.46 15
1529.52 567.35 34
1568.06 554.17 38
1599.83 548.88 32
1627.69 537.83 38
1667.01 528.18 34
1698.25 516.96 38
1729.52 511.60 35
1767.59 503.02 38
1803.43 497.36 35
1838.10 496.34 28
1878.34 497.90 31
1911.99 500.42 21
1942.78 503.13 42
1980.98 506.23 34
2022.70 517.17 27
2058.44 519.88 21
2096.45 537.10 36
736.14 922.95 34
711.06 889.68 37
676.94 852.57 34
656.32 824.51 29
624.16 791.20 29
604.74 768.89 35
568.67 731.23 32
543.09 699.15 16
520.08 668.51 26
490.67 632.37 36
475.73 600.51 32
462.28 556.63 30
445.91 520.11 27
431.02 488.37 30
413.56 445.34 30
396.35 414.96 42
376.96 375.68 26
355.73 343.19 21
322.69 306.53 37
292.20 280.24 24
678.94 945.05 4
649.95 911.53 22
626.20 879.70 30
594.10 850.01 22
561.72 816.11 29
536.35 785.44 29
506.83 757.23 32
479.44 727.13 24
456.39 690.84 28
440.53 651.00 24
420.54 618.85 28
405.06 584.73 29
388.06 545.69 24
380.84 508.32 35
361.65 472.21 34
336.73 438.87 27
318.90 401.87 29
297.54 372.15 17
265.15 338.60 28
236.28 308.61 19
619.45 972.33 24
600.54 940.66 25
572.03 912.47 26
541.98 873.39 29
505.72 846.45 23
481.90 819.96 30
445.95 785.80 27
424.33 754.86 14
399.73 716.69 21
379.11 685.38 30
363.08 653.33 36
348.35 609.98 20
332.69 574.76 31
318.27 539.99 15
302.40 500.97 34
283.27 467.64 28
260.97 432.22 28
240.50 400.40 25
211.15 369.57 21
180.79 334.54 24
564.36 1008.99 39
543.45 969.17 23
512.88 941.20 33
489.41 905.70 23
453.55 877.61 25
426.99 846.24 18
394.89 815.55 18
364.58 780.54 32
345.49 745.93 21
323.59 709.77 25
300.69 679.54 31
291.32 639.33 18
277.66 610.68 28
266.21 564.96 21
245.57 531.24 14
227.84 496.21 28
207.53 460.25 19
186.05 425.58 32
155.41 397.85 28
125.46 364.15 35
506.32 1035.20 41
481.79 991.17 27
456.95 972.72 37
424.98 934.05 14
398.26 905.99 22
363.09 871.53 34
337.53 841.34 22
309.99 809.57 19
286.56 773.23 27
269.24 738.51 21
250.22 704.08 34
236.66 665.23 28
222.08 627.46 33
207.59 594.37 26
189.18 556.50 19
177.65 527.56 35
154.78 488.57 31
126.66 452.88 28
102.69 428.18 20
71.61 395.21 28
448.42 1055.98 30
423.58 1015.64 27
401.56 989.35 30
367.72 954.34 24
340.48 925.66 31
307.28 894.26 16
274.64 861.83 23
253.82 831.17 26
232.39 796.50 23
204.14 758.52 30
190.36 727.83 22
176.00 692.16 31
162.40 654.56 18
147.79 615.80 22
131.57 582.11 23
112.96 543.07 27
90.44 511.18 19
65.19 479.63 23
36.34 445.10 21
8.18 411.97 32
1430.88 1107.92 2
1434.70 1108.89 1
1439.42 1109.92 3
1443.29 1109.29 3
1447.62 1109.14 2
1452.13 1108.21 2
1456.31 1108.20 2
1460.32 1108.71 2
1464.32 1109.43 3
1469.20 1110.59 2
1430.89 1103.21 3
1434.70 1104.07 3
1439.46 1104.78 4
1443.63 1104.86 3
1447.62 1104.40 2
1452.16 1103.32 1
1456.13 1102.94 3
1460.68 1103.80 2
1464.82 1105.02 2
1469.49 1105.75 3
1430.49 1098.31 2
1434.51 1098.91 2
1438.68 1099.64 2
1442.74 1099.78 3
1447.42 1098.83 2
1451.49 1098.28 2
1455.95 1098.77 2
1459.99 1098.57 4
1464.83 1100.04 3
1468.75 1100.58 2
1429.71 1093.14 3
1434.11 1093.56 3
1438.17 1095.01 2
1442.96 1095.01 3
1447.29 1093.89 2
1451.24 1093.50 4
1455.41 1093.59 3
1460.06 1094.24 2
1464.60 1095.39 3
1468.56 1095.74 3
1430.10 1088.36 2
1434.69 1088.98 2
1438.20 1089.77 3
1442.88 1089.59 3
1446.92 1089.43 2
1451.43 1088.40 3
1430.10 1083.21 3
1434.38 1084.46 3
1438.76 1084.89 3
1442.73 1084.70 2
1447.37 1083.93 2
1451.59 1083.44 2
1455.53 1083.71 2
1460.14 1084.53 2
1463.71 1085.87 4
1468.83 1086.23 4
840.22 700.61 17
839.67 720.44 17
840.50 743.27 12
842.51 766.87 17
844.19 788.67 17
849.81 812.49 21
848.70 832.08 22
852.90 858.56 12
860.32 885.01 15
861.91 904.90 11
868.09 926.95 13
874.89 953.18 8
881.71 975.29 17
889.33 998.57 19
896.58 1021.33 10
902.62 1044.65 22
910.42 1066.41 11
918.26 1089.02 13
926.90 1113.15 12
868.61 701.77 17
872.04 725.66 13
872.13 749.24 9
870.39 773.62 19
875.48 796.15 20
877.01 818.50 22
880.02 840.61 17
882.59 865.22 25
889.57 886.27 14
894.71 909.98 13
898.49 932.44 17
908.42 959.57 19
913.05 978.70 16
920.06 1003.22 16
927.44 1026.39 10
935.61 1051.63 14
941.05 1070.49 21
950.99 1096.94 13
957.76 1119.32 14
900.81 707.78 15
899.35 730.53 8
902.20 754.90 15
904.12 776.95 6
906.63 801.64 18
908.98 822.69 12
913.52 848.12 13
916.13 870.00 6
922.11 893.28 16
925.65 915.50 11
928.73 936.10 20
938.50 963.60 20
944.81 986.79 4
952.16 1009.52 11
959.38 1031.65 16
967.51 1056.24 23
973.39 1076.66 23
982.94 1100.26 18
989.87 1124.44 12
1608.31 302.44 15
1637.83 308.16 20
1672.69 314.26 21
1699.77 318.66 20
1735.88 326.30 20
1768.72 333.60 24
1793.90 343.34 22
1833.18 346.37 18
1613.84 250.84 18
1639.31 255.52 14
1675.62 266.92 19
1704.12 273.06 22
1742.48 280.91 19
1768.51 285.62 22
1799.41 294.36 19
1835.59 302.61 21
1615.99 205.44 18
1641.41 210.46 19
1677.78 219.35 21
1710.71 225.70 20
1736.38 231.26 26
1771.59 240.92 19
1805.68 250.36 20
1835.19 256.05 17
1614.45 158.26 18
1644.97 161.42 22
1678.50 168.78 17
1707.18 173.45 21
1740.05 185.66 19
1774.74 189.84 21
1801.35 197.37 20
1836.21 209.09 17
1615.34 106.82 18
1643.99 115.04 21
1678.39 123.72 21
1710.32 122.99 24
1741.23 134.96 20
1617.43 57.69 16
1653.77 66.85 19
1682.33 81.34 22
1712.24 83.34 15
1745.02 90.67 20
1777.03 101.39 21
1811.48 105.66 16
1838.82 113.45 20
2433.55 356.29 22
2428.83 393.74 26
2422.38 428.78 20
2408.58 466.30 27
2402.98 502.13 28
2388.26 538.29 10
2375.43 572.89 31
2366.79 607.75 20
2353.17 644.74 42
2346.78 681.71 25
2341.08 719.32 22
2336.57 757.93 25
2333.27 793.29 17
2330.68 829.30 28
2332.72 868.49 17
2333.05 906.07 11
2330.69 944.23 25
2331.82 981.85 30
2324.33 1016.29 27
2501.69 375.02 29
2497.27 411.14 20
2488.49 448.91 19
2479.29 485.42 32
2466.97 519.90 15
2456.35 555.64 9
2442.91 591.13 19
2432.79 625.99 14
2429.43 672.50 32
2415.02 699.08 9
2408.01 736.99 28
2402.30 773.60 22
2401.75 810.19 14
2401.18 848.98 17
2401.17 886.43 18
2401.45 924.58 20
2398.67 960.64 12
2397.84 997.72 24
2393.27 1035.73 26
2572.79 379.59 31
2569.08 416.10 21
2559.34 452.30 14
2549.53 488.06 9
2538.42 523.57 14
2524.24 561.76 29
2515.47 594.50 44
2502.16 633.44 27
2493.10 667.00 18
2486.81 702.95 26
2479.17 741.42 36
2475.23 775.37 27
2470.88 814.92 21
2470.66 851.92 14
2470.90 890.91 24
2470.83 926.07 31
2468.86 965.78 31
2466.71 1001.75 21
2463.07 1040.28 18
