1159.75 301.33 9
1194.14 308.30 15
1224.90 311.02 12
1258.34 310.39 14
1289.69 323.27 12
1320.97 325.78 10
1350.94 330.13 29
1381.96 328.47 6
1413.06 333.78 17
1447.58 337.85 14
1482.06 345.49 12
1158.58 333.65 17
1187.78 334.93 20
1221.04 343.64 16
1254.84 347.57 10
1285.26 349.83 14
1313.70 352.34 10
1348.83 351.57 11
1380.88 361.03 17
1412.54 369.21 20
1438.88 363.62 8
1473.17 374.38 14
1156.00 360.90 6
1190.43 367.94 16
1220.12 372.88 11
1246.48 376.60 20
1283.41 376.25 18
1311.18 384.28 17
1343.31 389.44 8
1374.07 395.77 17
1406.96 400.87 11
1442.12 401.92 13
1466.97 409.98 4
1152.09 395.23 15
1181.58 401.19 17
1214.93 404.55 10
1246.79 406.97 13
1275.85 413.12 1
1309.14 417.69 19
1342.05 421.15 23
1368.09 426.06 19
1405.49 428.13 9
1434.47 434.77 13
1468.54 440.68 1
1141.56 422.78 13
1177.30 430.38 27
1207.57 436.30 9
1238.32 443.25 22
1267.65 442.21 14
1303.02 446.69 10
1333.83 455.73 8
1364.21 453.88 17
1395.73 461.88 17
1431.21 465.70 13
1460.05 473.81 11
1143.50 460.27 14
1177.81 463.17 10
1204.16 469.24 5
1236.10 469.88 10
1263.83 475.51 10
1294.91 475.73 8
1329.96 483.83 17
1360.42 487.98 21
1394.99 492.98 18
1427.69 494.63 22
1455.63 504.36 1
1138.28 486.54 14
1166.01 497.80 14
1201.00 497.21 23
1227.77 502.21 9
1264.02 506.12 9
1297.21 509.62 24
1320.85 517.57 14
1355.43 519.80 20
1389.76 529.13 22
1421.71 526.81 8
1453.11 531.29 23
1129.73 523.75 12
1167.94 522.29 30
1195.95 533.88 16
1227.15 537.78 14
1261.02 535.49 3
1291.29 546.23 17
1322.99 548.73 6
1353.14 551.00 14
1384.06 556.55 1
1411.88 562.00 14
1449.70 565.34 12
1131.96 553.92 22
1156.82 556.47 20
1192.28 561.40 18
1222.92 563.42 10
1252.59 569.37 19
1284.80 573.49 19
1313.41 578.34 19
1350.99 580.29 10
1380.09 586.89 21
1413.42 589.29 21
1446.70 595.08 19
1125.12 583.81 9
1153.48 586.06 8
1189.31 596.38 12
1218.15 599.04 14
1249.90 604.17 10
1279.26 609.00 21
1313.42 607.90 13
1343.33 615.10 10
1374.11 618.99 14
1406.03 623.28 26
1441.62 628.55 5
1122.24 614.46 20
1149.74 616.37 20
1181.21 622.29 22
1214.83 627.14 14
1243.51 631.79 1
1275.44 637.43 14
1310.46 639.65 3
1344.82 643.71 21
1373.14 649.41 20
1403.71 653.05 13
1435.41 659.27 14
1116.30 643.41 24
1145.91 650.70 5
1179.25 655.31 15
1209.95 658.94 17
1242.53 665.48 23
1272.95 670.68 21
1307.08 672.80 25
1337.46 678.48 17
1368.43 680.32 24
1398.13 685.48 11
1434.21 692.38 23
1115.53 675.96 17
1145.63 682.26 9
1176.41 686.38 18
1203.57 685.81 10
1237.12 697.92 14
1274.78 706.16 14
1297.85 710.65 27
1329.22 711.48 14
1363.72 713.88 12
1389.32 717.58 11
1426.92 721.57 17
1107.25 707.86 19
1137.23 710.33 23
1172.67 720.66 18
1199.34 723.01 20
1233.61 724.76 4
1262.48 728.29 18
1295.04 735.93 13
1329.39 738.84 16
1355.29 742.41 1
1394.09 750.73 20
1420.05 752.91 12
