0.230955 0.169248 0.008497
0.248224 0.174605 0.009873
0.264832 0.177104 0.009380
0.282854 0.181403 0.009855
0.298071 0.184597 0.009353
0.314862 0.186573 0.010428
0.329720 0.191662 0.007227
0.349619 0.196414 0.008709
0.363216 0.199537 0.010037
0.381509 0.204635 0.008472
0.395774 0.208609 0.008719
0.229163 0.185410 0.009660
0.243413 0.189906 0.008405
0.259445 0.194083 0.010210
0.275831 0.194537 0.010997
0.295112 0.200812 0.007031
0.311491 0.204787 0.007973
0.328052 0.207576 0.007149
0.346099 0.211968 0.009092
0.360902 0.216826 0.009473
0.377210 0.220661 0.005759
0.391236 0.225777 0.007420
0.223693 0.203305 0.008246
0.240281 0.205252 0.008082
0.256081 0.209923 0.007796
0.290617 0.217437 0.008168
0.306903 0.221273 0.009118
0.338949 0.230920 0.007759
0.354067 0.234184 0.008490
0.371132 0.238941 0.008900
0.387593 0.241178 0.009445
0.220139 0.218178 0.007388
0.237855 0.223042 0.008895
0.252024 0.224924 0.009337
0.268464 0.230283 0.009690
0.285095 0.233142 0.008924
0.302511 0.236231 0.006767
0.319429 0.243630 0.008935
0.335763 0.245777 0.007728
0.354134 0.252828 0.008279
0.368980 0.254772 0.008050
0.384660 0.258590 0.008031
0.215543 0.235740 0.007774
0.231629 0.239471 0.010804
0.248465 0.241519 0.008252
0.264006 0.245762 0.008527
0.281582 0.249572 0.007993
0.297966 0.254001 0.008734
0.314726 0.259322 0.009069
0.330756 0.261854 0.007862
0.348313 0.266243 0.009678
0.364103 0.269260 0.009046
0.380005 0.274607 0.008223
0.211926 0.250884 0.006835
0.227943 0.255558 0.009531
0.247272 0.260259 0.007727
0.260715 0.261596 0.007580
0.278574 0.267010 0.008284
0.294225 0.270718 0.009096
0.312948 0.275747 0.007631
0.327918 0.279002 0.008184
0.343201 0.282076 0.010379
0.360747 0.286839 0.006813
0.374941 0.290828 0.006991
0.224472 0.272702 0.009545
0.241593 0.275812 0.008797
0.257914 0.277735 0.010492
0.273390 0.283290 0.010453
0.290973 0.287422 0.008019
0.305483 0.291605 0.006454
0.323350 0.295752 0.007372
0.340253 0.299266 0.009081
0.355899 0.303503 0.007715
0.372475 0.307558 0.007213
0.204273 0.284945 0.008989
0.220279 0.288651 0.007322
0.236953 0.291396 0.007496
0.254498 0.294972 0.010021
0.271054 0.300859 0.009868
0.287510 0.302625 0.007907
0.318704 0.311924 0.008306
0.334600 0.317690 0.007201
0.353289 0.319158 0.008315
0.369550 0.324900 0.007583
0.200206 0.298726 0.007357
0.215809 0.304575 0.007039
0.233112 0.307324 0.007477
0.247937 0.311818 0.010382
0.265751 0.315625 0.006521
0.280236 0.320719 0.008556
0.298856 0.323834 0.008403
0.314373 0.328885 0.007726
0.332118 0.332267 0.009771
0.348122 0.336735 0.008454
0.364668 0.341562 0.008658
0.196458 0.315789 0.009030
0.211826 0.320625 0.009573
0.227621 0.323342 0.009514
0.245232 0.327972 0.008305
0.261306 0.332626 0.009859
0.279260 0.337721 0.008377
0.293500 0.340487 0.008584
0.309729 0.343541 0.007271
0.327082 0.348448 0.008826
0.344604 0.353330 0.007807
0.361123 0.357436 0.009061
0.191483 0.333032 0.009016
0.207939 0.338728 0.011679
0.224138 0.339667 0.008006
0.242057 0.345346 0.007098
0.257348 0.349549 0.008678
0.274480 0.354922 0.007473
0.289429 0.358834 0.009472
0.307126 0.361210 0.006687
0.323869 0.365257 0.007428
0.338263 0.369856 0.010155
0.356734 0.373566 0.009465
0.187401 0.349287 0.008509
0.203743 0.354604 0.007510
0.221232 0.358351 0.009377
0.236835 0.360984 0.010257
0.253890 0.365032 0.007269
0.269285 0.369798 0.008914
0.287288 0.373230 0.010950
0.302460 0.377948 0.008599
0.319649 0.383083 0.008839
0.336034 0.385358 0.009350
0.353514 0.390937 0.007428
0.182876 0.367843 0.006566
0.201091 0.369036 0.008206
0.217758 0.373681 0.010257
0.232756 0.377848 0.009651
0.248989 0.381790 0.009316
0.265702 0.387174 0.008108
0.282214 0.391046 0.008964
0.300110 0.394939 0.008322
0.317435 0.397635 0.009432
0.331847 0.402344 0.007706
0.347961 0.406497 0.011965
0.177315 0.383060 0.009127
0.195243 0.386616 0.008894
0.211286 0.391684 0.007335
0.228906 0.394065 0.006873
0.245428 0.399116 0.006811
0.260981 0.401353 0.009266
0.294686 0.410737 0.009123
0.312398 0.414779 0.009072
0.328830 0.418509 0.009666
0.344208 0.423193 0.007681
