432.58 317.00 15
464.92 327.04 18
496.03 331.72 17
529.79 339.77 18
558.29 345.75 17
589.74 349.45 19
617.56 358.98 13
654.84 367.88 16
680.30 373.73 18
714.57 383.28 15
741.29 390.72 16
429.22 347.27 18
455.91 355.69 15
485.94 363.52 19
516.63 364.37 20
552.75 376.12 13
583.42 383.57 14
614.44 388.79 13
648.24 397.02 17
675.97 406.12 17
706.51 413.30 10
732.79 422.88 13
418.98 380.79 15
450.05 384.44 15
479.64 393.19 14
544.33 407.26 15
574.83 414.44 17
634.85 432.51 14
663.17 438.63 15
695.13 447.54 16
725.96 451.73 17
412.32 408.65 13
445.50 417.76 16
472.04 421.28 17
502.83 431.32 18
533.98 436.68 16
566.60 442.46 12
598.29 456.32 16
628.88 460.34 14
663.29 473.55 15
691.10 477.19 15
720.47 484.34 15
403.71 441.54 14
433.84 448.53 20
465.37 452.36 15
494.48 460.31 15
527.40 467.45 14
558.09 475.74 16
589.48 485.71 16
619.51 490.45 14
652.39 498.67 18
681.97 504.32 16
711.75 514.34 15
396.94 469.91 12
426.94 478.66 17
463.14 487.46 14
488.32 489.97 14
521.77 500.11 15
551.08 507.06 17
586.15 516.47 14
614.19 522.57 15
642.81 528.33 19
675.68 537.25 12
702.27 544.72 13
420.44 510.77 17
452.50 516.60 16
483.07 520.20 19
512.06 530.60 19
544.99 538.34 15
572.17 546.18 12
605.64 553.94 13
637.29 560.53 17
666.60 568.46 14
697.65 576.06 13
382.60 533.70 16
412.58 540.64 13
443.81 545.79 14
476.67 552.48 18
507.68 563.51 18
538.51 566.82 14
596.93 584.23 15
626.71 595.03 13
661.71 597.78 15
692.17 608.54 14
374.99 559.51 13
404.21 570.47 13
436.62 575.62 14
464.39 584.03 19
497.75 591.17 12
524.88 600.71 16
559.76 606.54 15
588.82 616.00 14
622.06 622.34 18
652.03 630.71 15
683.02 639.75 16
367.97 591.47 16
396.75 600.53 17
426.33 605.62 17
459.32 614.29 15
489.43 623.01 18
523.05 632.55 15
549.73 637.73 16
580.12 643.45 13
612.62 652.64 16
645.44 661.79 14
676.38 669.48 16
358.65 623.77 16
389.47 634.44 21
419.81 636.20 14
453.37 646.83 13
482.01 654.71 16
514.10 664.77 13
542.10 672.10 17
575.25 676.55 12
606.61 684.13 13
633.57 692.74 19
668.16 699.69 17
351.00 654.22 15
381.61 664.17 14
414.37 671.19 17
443.59 676.12 19
475.54 683.70 13
504.37 692.63 16
538.09 699.06 20
566.51 707.90 16
598.70 717.51 16
629.39 721.77 17
662.13 732.23 13
342.53 688.97 12
376.64 691.20 15
407.86 699.91 19
435.95 707.71 18
466.36 715.09 17
497.66 725.18 15
528.59 732.43 16
562.11 739.72 15
594.56 744.77 17
621.55 753.59 14
651.73 761.37 22
332.11 717.47 17
365.69 724.13 16
395.74 733.62 13
428.74 738.08 12
459.69 747.54 12
488.82 751.73 17
551.95 769.31 17
585.12 776.88 16
615.90 783.87 18
644.70 792.64 14
