0.406827 0.184861 0.007279
0.418044 0.186476 0.006853
0.425359 0.187630 0.007420
0.437561 0.186558 0.009258
0.448638 0.189538 0.007899
0.458088 0.190879 0.006615
0.470523 0.190441 0.008082
0.481099 0.193330 0.007770
0.491429 0.196067 0.007699
0.502750 0.196793 0.007565
0.510734 0.199185 0.007400
0.526582 0.196380 0.007783
0.534247 0.198650 0.006616
0.545398 0.198455 0.007157
0.554366 0.200234 0.007817
0.565510 0.198960 0.008701
0.576271 0.198349 0.008453
0.588189 0.196307 0.009580
0.598577 0.193748 0.009061
0.609777 0.190094 0.006579
0.619658 0.188308 0.008508
0.632276 0.184960 0.008875
0.640584 0.179221 0.008266
0.650924 0.176895 0.006584
0.661821 0.170605 0.007788
0.673273 0.165606 0.007421
0.684930 0.159077 0.008381
0.693422 0.154416 0.009014
0.703479 0.151351 0.008604
0.714885 0.143630 0.007246
0.723584 0.140577 0.008721
0.734174 0.134962 0.008089
0.741756 0.133847 0.008883
0.755396 0.125741 0.007839
0.764834 0.122097 0.008239
0.776271 0.120033 0.008025
0.786035 0.115584 0.007893
0.795237 0.112858 0.009290
0.806458 0.112049 0.008790
0.816797 0.110364 0.008408
0.827212 0.108895 0.006945
0.837789 0.107732 0.007501
0.848381 0.108269 0.008075
0.858626 0.109305 0.008531
0.869081 0.109186 0.006672
0.879702 0.111695 0.008724
0.890381 0.110797 0.007142
0.901525 0.110750 0.007064
0.911172 0.115140 0.008890
0.921224 0.116859 0.007552
0.410960 0.168692 0.008311
0.421880 0.170485 0.008840
0.433145 0.168744 0.008520
0.444714 0.171643 0.007141
0.455060 0.172353 0.007545
0.464301 0.173524 0.007521
0.476121 0.177028 0.008327
0.486416 0.177399 0.008282
0.498497 0.176530 0.008910
0.507352 0.180263 0.008428
0.518217 0.182727 0.008793
0.529851 0.180155 0.007862
0.539075 0.180555 0.007761
0.550924 0.181496 0.006775
0.560544 0.180361 0.007488
0.570555 0.180626 0.006654
0.581473 0.179261 0.007353
0.592051 0.178953 0.009245
0.600738 0.177393 0.008227
0.614471 0.170125 0.008084
0.623758 0.169479 0.007952
0.632915 0.165498 0.007636
0.643885 0.160604 0.007976
0.655533 0.156400 0.008872
0.664204 0.150622 0.007192
0.674602 0.146404 0.007521
0.686354 0.139862 0.007298
0.696320 0.135131 0.007767
0.704301 0.133161 0.010171
0.716671 0.125661 0.009577
0.727513 0.119505 0.009662
0.737190 0.114723 0.006994
0.747833 0.111558 0.006917
0.757018 0.107176 0.008824
0.770155 0.101689 0.007313
0.778208 0.100878 0.008317
0.788785 0.096442 0.006944
0.799823 0.095223 0.008994
0.808820 0.093697 0.007970
0.820295 0.091853 0.007751
0.829857 0.092364 0.010380
0.843266 0.090026 0.008221
0.854632 0.090192 0.007203
0.864068 0.091519 0.007319
0.875320 0.092444 0.009063
0.416852 0.152044 0.007284
0.428913 0.152028 0.009315
0.438677 0.153216 0.007059
0.451244 0.155703 0.008183
0.461035 0.155025 0.007045
0.469924 0.156548 0.008846
0.480575 0.159388 0.008962
0.489507 0.159329 0.008366
0.502537 0.160702 0.007752
0.513606 0.162226 0.007443
0.522548 0.163676 0.007793
0.533155 0.164989 0.006902
0.542449 0.164784 0.007301
0.553754 0.165113 0.008995
0.563188 0.164577 0.007541
0.574605 0.163031 0.007953
0.583169 0.161468 0.009113
0.594283 0.158466 0.008260
0.604239 0.156545 0.008016
0.615729 0.154235 0.008867
0.623187 0.151687 0.008389
0.637699 0.145397 0.008325
0.648449 0.139887 0.008174
0.656572 0.136379 0.009193
0.665616 0.132350 0.009392
0.679073 0.126668 0.006089
0.688244 0.123396 0.009612
0.698390 0.117459 0.008674
0.709939 0.108954 0.007768
0.720070 0.105995 0.008753
0.731926 0.100335 0.006846
0.741591 0.095780 0.008286
0.751862 0.093139 0.009016
0.763484 0.087202 0.007795
0.774080 0.083477 0.006132
0.783540 0.080932 0.008148
0.794797 0.080064 0.007868
0.804110 0.077966 0.009246
0.817150 0.075313 0.008811
0.826299 0.074360 0.009698
0.838060 0.072831 0.008164
0.849556 0.071635 0.008685
0.857437 0.073105 0.008621
0.869139 0.073946 0.007593
0.421178 0.132689 0.008355
0.431736 0.133924 0.010216
0.442256 0.136896 0.007654
0.452882 0.137780 0.008579
0.463959 0.137999 0.008033
0.473516 0.140209 0.008776
0.483740 0.140984 0.007436
0.492999 0.143281 0.009260
0.504504 0.143115 0.008027
0.515258 0.145049 0.007909
0.525029 0.145461 0.007686
0.535902 0.146913 0.008448
0.547199 0.147659 0.007360
0.553861 0.148476 0.008806
0.566321 0.145219 0.007571
0.577765 0.142877 0.007970
0.590358 0.141518 0.009125
0.596452 0.141934 0.009282
0.608692 0.136552 0.008267
0.619690 0.134627 0.007651
0.631105 0.129142 0.008117
0.639084 0.125731 0.008752
0.650964 0.121051 0.008210
0.662032 0.116871 0.008535
0.671394 0.112565 0.009068
0.682716 0.107177 0.006616
0.696336 0.100317 0.008150
0.704861 0.096626 0.008188
0.716360 0.090382 0.007656
0.726090 0.086739 0.008510
0.737629 0.081570 0.007424
0.747125 0.077024 0.007769
0.759051 0.071666 0.007803
0.772959 0.066462 0.009607
0.779411 0.065639 0.007170
0.792077 0.061972 0.007975
0.800593 0.057613 0.008902
0.813762 0.056565 0.008581
0.821925 0.056261 0.007056
0.833285 0.054870 0.008149
0.843056 0.055598 0.006584
0.854908 0.054727 0.008722
0.864209 0.054960 0.008582
0.873165 0.057980 0.007613
0.883160 0.056669 0.007202
0.896027 0.058936 0.008135
0.904101 0.059518 0.007470
0.914885 0.061400 0.007247
0.423284 0.115921 0.008156
0.433432 0.117431 0.008928
0.444471 0.118763 0.007679
0.455128 0.120842 0.007319
0.465100 0.120927 0.007362
0.477153 0.124319 0.009070
0.487310 0.122884 0.007251
0.497660 0.126873 0.007207
0.507795 0.126033 0.008582
0.518567 0.127762 0.008206
0.528218 0.130013 0.008988
0.537807 0.130695 0.008313
0.549184 0.129539 0.007461
0.559912 0.129533 0.009042
0.572170 0.127199 0.006987
0.581783 0.128260 0.008549
0.593521 0.122296 0.007797
0.604392 0.122470 0.008992
0.614508 0.117615 0.007889
0.624455 0.115492 0.008399
0.636105 0.111860 0.007865
0.648089 0.105543 0.008237
0.657495 0.103146 0.008460
0.667550 0.098005 0.007720
0.678719 0.092314 0.007886
0.691320 0.086992 0.009257
0.698433 0.083713 0.008033
0.710658 0.077199 0.010008
0.719307 0.071592 0.008069
0.731014 0.067106 0.006853
0.742037 0.061688 0.006571
0.753191 0.055478 0.009190
0.763061 0.053217 0.007717
0.773911 0.049489 0.007197
0.781609 0.045874 0.009417
0.794108 0.043343 0.007874
0.805476 0.039768 0.007674
0.814547 0.039630 0.008670
0.824173 0.037892 0.008046
0.833932 0.036544 0.008344
0.844341 0.038219 0.008159
0.856131 0.037328 0.007432
0.865820 0.036718 0.007215
0.875946 0.039364 0.008721
0.888043 0.038503 0.008363
0.896089 0.040165 0.007891
0.908329 0.043211 0.005796
0.918554 0.044329 0.007476
0.928333 0.046354 0.007939
0.163251 0.266564 0.004766
0.167810 0.266091 0.004699
0.173259 0.266006 0.004583
0.178092 0.266258 0.004711
0.183465 0.265855 0.004433
0.188089 0.265767 0.003624
0.192890 0.265709 0.004807
0.198195 0.265876 0.004042
0.203050 0.267092 0.005027
0.208099 0.265891 0.005124
0.213312 0.266121 0.003875
0.217985 0.265570 0.004352
0.223293 0.266324 0.005312
0.228363 0.266213 0.004989
0.232890 0.266228 0.004367
0.238434 0.265757 0.005448
0.242915 0.265743 0.005273
0.247973 0.265743 0.004800
0.253264 0.265947 0.004496
0.258496 0.265700 0.005491
0.263303 0.266755 0.007370
0.268267 0.265934 0.004897
0.273043 0.266343 0.005238
0.278028 0.265673 0.005166
0.283149 0.265817 0.005890
0.288058 0.265787 0.005338
0.293265 0.266081 0.004676
0.298585 0.267093 0.005074
0.303409 0.266272 0.005199
0.308613 0.265924 0.003554
0.313449 0.265806 0.003669
0.318237 0.265893 0.004737
0.323583 0.265628 0.003963
0.328384 0.265835 0.004419
0.333489 0.265637 0.004099
0.338577 0.266023 0.005072
0.343433 0.266271 0.003915
0.348620 0.265894 0.005183
0.353856 0.265838 0.004459
0.358331 0.266181 0.004211
0.363484 0.266279 0.005514
0.368798 0.266127 0.005264
0.373417 0.265335 0.004450
0.378554 0.265741 0.003191
0.383812 0.265954 0.005214
0.388945 0.265780 0.004994
0.393628 0.266941 0.005490
0.398605 0.266234 0.004293
0.172875 0.257145 0.004437
0.177196 0.257519 0.004746
0.183201 0.257494 0.005353
0.188111 0.256819 0.004153
0.193116 0.257278 0.005500
0.198059 0.257361 0.005726
0.203162 0.257548 0.004218
0.208204 0.257737 0.004875
0.213219 0.257545 0.004231
0.218111 0.257153 0.003434
0.223044 0.257790 0.004705
0.228291 0.257536 0.004407
0.233437 0.257341 0.004944
0.238356 0.257267 0.004848
0.242897 0.257138 0.003824
0.247880 0.256454 0.004412
0.253180 0.257408 0.004765
0.257938 0.257204 0.004756
0.263793 0.257167 0.003776
0.268365 0.257190 0.003110
0.273751 0.256864 0.005024
0.278503 0.257120 0.003727
0.283432 0.256688 0.004663
0.287923 0.257772 0.004924
0.293596 0.257137 0.003869
0.298391 0.257138 0.005231
0.303316 0.257348 0.004632
0.308402 0.257213 0.004059
0.313527 0.257385 0.003760
0.318613 0.257237 0.004596
0.323287 0.256956 0.006235
0.329025 0.257240 0.004825
0.333736 0.257448 0.005921
0.338312 0.257654 0.005216
0.343163 0.257518 0.005615
0.348754 0.257090 0.004775
0.353797 0.257686 0.005337
0.358248 0.257245 0.004912
0.363693 0.257300 0.004046
0.368745 0.257257 0.003555
0.373662 0.257792 0.005111
0.379252 0.257103 0.004815
0.383493 0.257974 0.005949
0.388824 0.257494 0.004983
0.393708 0.257585 0.004580
0.399050 0.257266 0.005466
0.163083 0.248473 0.003939
0.168035 0.248896 0.003687
0.172842 0.248018 0.005870
0.177940 0.248795 0.005370
0.183329 0.248388 0.005194
0.188194 0.248295 0.005177
0.193282 0.248799 0.004267
0.198032 0.248596 0.003626
0.202935 0.248504 0.006027
0.208391 0.248063 0.004784
0.212626 0.247977 0.004873
0.218424 0.248448 0.003319
0.222957 0.248182 0.004876
0.228810 0.248516 0.005356
0.233150 0.248522 0.004869
0.238514 0.248309 0.003803
0.242691 0.248228 0.006058
0.247931 0.248657 0.004973
0.253560 0.248709 0.004348
0.258158 0.248716 0.003534
0.263482 0.248495 0.004665
0.268326 0.248824 0.002912
0.273336 0.248117 0.004749
0.278632 0.248213 0.003919
0.283287 0.248798 0.005123
0.288410 0.248576 0.004507
0.293833 0.248466 0.004464
0.298379 0.248670 0.004809
0.303678 0.249088 0.005597
0.308331 0.248320 0.005531
0.313736 0.248377 0.004784
0.318385 0.248238 0.004549
0.323636 0.248844 0.005931
0.328715 0.248812 0.004788
0.333519 0.248665 0.003906
0.338755 0.247974 0.004926
0.343832 0.248285 0.004052
0.348408 0.248326 0.003998
0.353766 0.248223 0.003881
0.358338 0.248569 0.004103
0.363653 0.248620 0.004423
0.368856 0.248555 0.004410
0.373273 0.248682 0.003612
0.378628 0.248534 0.004199
0.383368 0.248617 0.004536
0.388551 0.248462 0.006807
0.393721 0.248638 0.004195
0.398766 0.248414 0.003761
0.300933 0.436158 0.001803
0.302002 0.435615 0.000385
0.303110 0.435306 0.000972
0.304430 0.434747 0.001153
0.305098 0.434455 0.000884
0.306153 0.434138 0.000940
0.307192 0.433850 0.001334
0.308142 0.433641 0.000708
0.309227 0.433105 0.000496
0.310255 0.432913 0.001121
0.311182 0.432540 0.001646
0.312215 0.432173 0.000635
0.313342 0.431835 0.000655
0.314321 0.431557 0.000385
0.315411 0.431521 0.002624
0.316833 0.430860 0.002513
0.317245 0.430487 0.002201
0.318460 0.430016 0.002235
0.319216 0.429971 0.001347
0.321440 0.428720 0.001496
0.321261 0.428914 0.001505
0.322359 0.428496 0.001155
0.323322 0.428143 0.001829
0.324365 0.427634 0.001417
0.325308 0.427360 0.001253
0.326211 0.427032 0.001780
0.327165 0.426459 0.000752
0.328424 0.425585 0.002175
0.329356 0.425365 0.000907
0.330043 0.424952 0.001369
0.331001 0.424521 0.000851
0.331840 0.423791 0.001747
0.332821 0.423320 0.000824
0.333920 0.422953 0.002004
0.334688 0.422264 0.001145
0.335442 0.421825 0.001517
0.336560 0.421136 0.000630
0.337559 0.420649 0.001108
0.338299 0.419960 0.000792
0.339199 0.419171 0.001156
0.340119 0.418559 0.001826
0.340965 0.418172 0.001292
0.341998 0.417541 0.001018
0.342665 0.417037 0.001700
0.343900 0.416144 0.001582
0.344533 0.415635 0.000385
0.345273 0.414832 0.001497
0.346335 0.414471 0.000640
0.298532 0.435499 0.001426
0.299466 0.435275 0.000664
0.300482 0.434853 0.001664
0.301591 0.434455 0.001662
0.302461 0.433823 0.001742
0.303442 0.433650 0.001993
0.304388 0.433411 0.000496
0.305420 0.432982 0.001076
0.306509 0.432615 0.001123
0.307389 0.432233 0.001772
0.308446 0.431994 0.001301
0.309495 0.431677 0.000933
0.310619 0.431274 0.001536
0.311630 0.430994 0.001099
0.312658 0.430627 0.002230
0.312920 0.430582 0.001239
0.314686 0.429995 0.001390
0.315660 0.429609 0.000859
0.316807 0.429366 0.000621
0.316852 0.428985 0.002440
0.318779 0.428640 0.000385
0.319737 0.428178 0.000385
0.320763 0.427818 0.000385
0.321845 0.427370 0.001909
0.322707 0.426851 0.000786
0.323813 0.426556 0.000385
0.324730 0.426135 0.001263
0.325466 0.425679 0.001988
0.326660 0.425215 0.000385
0.327538 0.424798 0.001213
0.328683 0.424372 0.001224
0.329155 0.423803 0.001521
0.330735 0.423243 0.002773
0.331404 0.422569 0.001340
0.332304 0.422179 0.000960
0.333146 0.421534 0.001016
0.334284 0.421094 0.001586
0.335093 0.420429 0.001070
0.335982 0.419954 0.000854
0.336822 0.419425 0.001268
0.337579 0.418837 0.001184
0.338591 0.418145 0.000385
0.339486 0.417583 0.000941
0.340373 0.416702 0.001252
0.341400 0.416520 0.001822
0.342091 0.415798 0.001312
0.343180 0.415253 0.001176
0.344056 0.414273 0.001507
0.344909 0.413918 0.000708
0.345712 0.413361 0.000423
0.305885 0.431552 0.001262
0.306615 0.431278 0.001039
0.307794 0.431022 0.000385
0.308835 0.430684 0.001233
0.309858 0.430289 0.000385
0.310626 0.429811 0.001451
0.311864 0.429818 0.001476
0.312802 0.429412 0.001465
0.314008 0.428965 0.000385
0.314928 0.428671 0.001445
0.316007 0.428276 0.000737
0.317164 0.427995 0.001629
0.318070 0.427580 0.001454
0.319082 0.427136 0.000751
0.319906 0.426724 0.001258
0.320964 0.426354 0.000965
0.322003 0.425910 0.000545
0.323017 0.425557 0.000494
0.323985 0.425100 0.000909
0.324755 0.424450 0.002661
0.325921 0.424188 0.001353
0.326793 0.423769 0.000902
0.327700 0.423228 0.000770
0.328684 0.422736 0.000478
0.329594 0.422236 0.000847
0.330505 0.421646 0.000604
0.331486 0.421094 0.000385
0.332450 0.420503 0.001456
0.333688 0.420242 0.001326
0.334195 0.419499 0.000385
0.335234 0.418806 0.001329
0.336186 0.418368 0.001035
0.337000 0.417717 0.000697
0.337781 0.417246 0.001751
0.338701 0.416610 0.001121
0.339385 0.415981 0.001334
0.340551 0.415393 0.000676
0.341370 0.414655 0.000538
0.342139 0.414410 0.001954
0.343296 0.413317 0.001026
0.344033 0.412938 0.001220
0.345045 0.412247 0.000479
0.301350 0.431716 0.002380
0.302746 0.431403 0.001047
0.303741 0.430892 0.001741
0.302987 0.430977 0.000765
0.305942 0.430514 0.001979
0.306995 0.429935 0.000572
0.307845 0.429423 0.001365
0.309099 0.429337 0.000385
0.310094 0.428993 0.000815
0.311049 0.428606 0.000609
0.312206 0.428278 0.000834
0.312898 0.427914 0.001853
0.314096 0.427669 0.001013
0.314909 0.427325 0.001965
0.316253 0.426749 0.001298
0.317422 0.426676 0.001239
0.318167 0.426129 0.001704
0.319273 0.425813 0.001589
0.320203 0.425401 0.001947
0.321257 0.424840 0.001364
0.322154 0.424820 0.001610
0.323156 0.424074 0.000619
0.324116 0.423692 0.000968
0.324937 0.423363 0.001408
0.325997 0.422696 0.000385
0.327048 0.422338 0.001025
0.327990 0.421601 0.000986
0.328911 0.421466 0.001135
0.329728 0.420910 0.001335
0.330788 0.420159 0.000927
0.331444 0.419880 0.002082
0.332437 0.419085 0.001049
0.333358 0.418333 0.001079
0.334234 0.417776 0.001704
0.335306 0.417321 0.001145
0.336069 0.416578 0.001301
0.337049 0.416153 0.000964
0.338011 0.415712 0.001349
0.338693 0.414832 0.002114
0.339873 0.414278 0.001594
0.340499 0.413559 0.001374
0.341515 0.413036 0.000385
0.342336 0.412307 0.002065
0.343254 0.411792 0.001589
0.344195 0.411144 0.000599
0.303277 0.429882 0.000844
0.304359 0.429495 0.000594
0.305497 0.429209 0.001081
0.306387 0.428758 0.001580
0.307244 0.428495 0.001043
0.308556 0.428235 0.001811
0.309569 0.427881 0.000962
0.310441 0.427530 0.000385
0.311445 0.427144 0.000385
0.312635 0.426958 0.001586
0.313538 0.426465 0.001614
0.314542 0.426181 0.000385
0.315508 0.425727 0.000678
0.316471 0.425418 0.000864
0.317558 0.424947 0.001971
0.318384 0.424649 0.001819
0.319410 0.424235 0.001165
0.320472 0.423939 0.000857
0.321412 0.423366 0.000884
0.322465 0.422961 0.000385
0.323451 0.422715 0.001597
0.324412 0.422042 0.000691
0.325285 0.421529 0.000692
0.326455 0.420991 0.001244
0.327268 0.420489 0.001687
0.328155 0.419988 0.001239
0.329173 0.419818 0.001354
0.329943 0.418963 0.001035
0.330927 0.418533 0.000763
0.331914 0.417869 0.000973
0.332751 0.417291 0.000385
0.333859 0.417052 0.001806
0.334207 0.416079 0.001310
0.335492 0.415562 0.001845
0.336346 0.415053 0.000816
0.337306 0.414386 0.000385
0.338103 0.413646 0.000831
0.338954 0.413252 0.001717
0.339994 0.412594 0.000385
0.340860 0.411953 0.000385
0.341496 0.411338 0.001474
0.342551 0.410618 0.000738
0.343461 0.410079 0.000522
0.305801 0.427643 0.000951
0.307003 0.427464 0.001635
0.307951 0.426989 0.000776
0.308970 0.426467 0.001104
0.310141 0.426116 0.001115
0.310854 0.425751 0.002253
0.312009 0.425631 0.001871
0.313040 0.425271 0.000726
0.314047 0.424841 0.000721
0.315087 0.424585 0.001043
0.316059 0.424226 0.000617
0.317067 0.423761 0.001150
0.318139 0.423446 0.002103
0.319172 0.423033 0.000772
0.320062 0.422604 0.000877
0.320999 0.422143 0.001118
0.321987 0.421697 0.001050
0.322964 0.421282 0.000502
0.324027 0.420881 0.001154
0.324640 0.420433 0.001765
0.325812 0.419863 0.001271
0.326868 0.419348 0.000641
0.327692 0.418872 0.001193
0.328607 0.418209 0.000730
0.329504 0.417796 0.000940
0.330525 0.417150 0.001168
0.331452 0.416775 0.000935
0.332185 0.416121 0.001271
0.333298 0.415718 0.001661
0.334125 0.414905 0.000928
0.335017 0.414332 0.001278
0.335992 0.413697 0.001304
0.336806 0.413432 0.001085
0.338171 0.412053 0.002224
0.338608 0.412127 0.000794
0.339806 0.411362 0.002071
0.340288 0.410703 0.001008
0.341426 0.410236 0.001057
0.342186 0.409545 0.000385
0.343054 0.408856 0.000385
0.304507 0.426745 0.001452
0.305500 0.426301 0.000850
0.306594 0.426041 0.001467
0.307799 0.425820 0.001762
0.308638 0.425367 0.000385
0.309695 0.425088 0.000745
0.310837 0.424492 0.001080
0.311897 0.424211 0.001388
0.312667 0.424034 0.002374
0.313731 0.423563 0.001261
0.314826 0.423287 0.000675
0.315710 0.423052 0.001272
0.315723 0.422643 0.000739
0.317863 0.422159 0.000903
0.318783 0.421816 0.001163
0.319729 0.421352 0.000675
0.320424 0.421275 0.002219
0.321739 0.420479 0.001318
0.322738 0.420108 0.001046
0.323518 0.419599 0.001127
0.324397 0.419085 0.001718
0.325520 0.418573 0.000889
0.326289 0.418117 0.001601
0.327493 0.417543 0.001069
0.328403 0.417190 0.001273
0.329246 0.416594 0.000742
0.330354 0.415918 0.001883
0.330987 0.415752 0.001884
0.332148 0.414764 0.000537
0.333049 0.414159 0.001059
0.333506 0.413567 0.001968
0.334768 0.413083 0.000408
0.335553 0.412664 0.001018
0.336611 0.411631 0.002396
0.337375 0.411417 0.001112
0.338207 0.410895 0.001905
0.339322 0.409935 0.002135
0.340074 0.409535 0.000584
0.340888 0.408681 0.001378
0.341600 0.408358 0.002240
0.342722 0.407687 0.000880
0.299089 0.427118 0.002500
0.300100 0.426789 0.001509
0.301074 0.426473 0.001038
0.302131 0.426105 0.000385
0.303208 0.426301 0.002397
0.304124 0.425377 0.000385
0.304666 0.424765 0.002193
0.306348 0.424760 0.000699
0.307340 0.424385 0.001287
0.308329 0.424033 0.001366
0.309337 0.423698 0.000678
0.310408 0.423331 0.001287
0.311220 0.423169 0.000719
0.312277 0.422650 0.001763
0.313240 0.422405 0.001536
0.314333 0.422002 0.001020
0.315379 0.421758 0.000771
0.316376 0.421227 0.001002
0.317435 0.420902 0.001315
0.318730 0.420948 0.001790
0.319154 0.420029 0.001382
0.320352 0.419608 0.000385
0.321245 0.419203 0.001158
0.322245 0.418908 0.001674
0.323307 0.418225 0.001744
0.324251 0.417876 0.000385
0.325168 0.417266 0.001339
0.326191 0.416759 0.000857
0.327087 0.416365 0.001568
0.327983 0.415871 0.001074
0.328898 0.415264 0.000683
0.329689 0.414575 0.002149
0.330633 0.413952 0.001873
0.331648 0.413767 0.001926
0.332327 0.412928 0.001437
0.333524 0.412698 0.001669
0.334359 0.411900 0.000387
0.335229 0.411361 0.000385
0.336166 0.410719 0.000823
0.337227 0.409919 0.002235
0.338092 0.409433 0.001245
0.338804 0.408954 0.001837
0.339593 0.408084 0.001976
0.340626 0.407585 0.000868
0.341543 0.406910 0.001124
0.342384 0.406384 0.001010
