1494.44 389.49 21
1499.18 370.64 23
1498.68 342.72 22
1501.33 321.87 21
1511.63 299.90 21
1508.74 275.13 21
1501.58 252.47 22
1507.41 227.49 21
1499.45 205.30 21
1496.56 182.04 21
1446.16 398.63 21
1449.50 368.78 19
1457.20 345.82 21
1459.35 324.91 22
1464.99 304.10 22
1461.89 282.97 23
1459.40 254.72 20
1457.88 230.88 21
1455.61 206.77 21
1446.81 184.50 21
1386.26 397.35 22
1391.01 373.86 23
1391.79 350.61 23
1399.74 329.76 22
1399.21 298.83 21
1399.03 282.02 21
1391.38 260.22 22
1392.14 237.28 20
1393.10 212.07 21
1389.08 188.24 22
1332.37 396.53 21
1336.22 373.62 23
1334.57 355.50 24
1341.87 335.00 20
1341.40 308.47 22
1344.02 280.90 21
1337.51 261.81 22
1338.24 233.52 23
1333.65 211.10 21
1336.80 197.83 22
295.31 242.42 3
311.94 240.37 4
329.09 237.45 3
344.20 235.90 3
360.51 233.87 4
376.68 231.34 4
423.74 225.08 3
439.47 222.04 4
455.21 220.14 3
330.93 763.72 18
368.29 763.93 17
411.32 764.37 16
440.18 762.76 17
476.74 764.59 18
520.38 765.37 18
552.87 766.76 17
594.71 769.77 17
622.80 774.75 17
660.01 767.34 16
696.05 765.54 18
734.08 762.31 18
773.16 761.06 18
807.07 764.61 16
842.03 762.29 17
328.38 682.22 17
368.90 678.78 17
401.71 689.15 18
443.26 691.03 19
474.43 692.13 17
516.98 697.28 18
549.99 701.23 17
591.63 705.78 18
622.37 704.74 17
657.59 701.06 18
700.66 700.32 18
736.77 698.78 18
774.16 690.35 18
810.69 690.15 18
842.78 688.60 19
883.63 684.54 16
916.82 680.28 20
334.68 603.62 19
368.18 608.53 19
406.95 614.57 19
443.61 617.71 18
477.47 623.87 18
516.79 631.43 20
551.33 633.74 16
587.83 634.33 17
626.01 640.94 20
658.11 633.01 18
696.98 626.18 19
733.34 622.50 17
773.78 621.09 18
809.61 613.14 14
841.14 605.29 17
878.95 602.62 16
914.95 596.23 16
331.98 509.67 17
370.71 510.68 20
404.02 517.92 18
442.83 523.42 16
478.24 536.29 19
514.30 539.79 16
554.48 544.04 17
591.81 542.77 18
628.15 550.32 17
662.96 538.89 16
696.41 540.61 17
739.00 529.18 18
771.67 531.03 16
809.23 522.93 18
846.96 516.75 18
334.76 423.71 17
368.58 428.02 18
402.34 430.25 18
446.47 422.76 16
477.49 430.30 19
519.98 428.49 17
556.00 431.64 17
585.93 429.45 17
624.46 426.12 18
665.76 427.92 17
693.37 431.16 18
772.37 431.22 17
812.94 427.39 17
843.64 428.34 16
336.40 343.20 18
367.22 338.82 17
405.68 342.69 18
445.88 340.56 18
477.63 342.05 16
518.66 341.07 19
549.73 340.01 17
586.54 341.34 17
626.22 344.18 17
664.53 345.91 17
696.09 343.30 18
736.15 340.74 16
771.96 340.00 18
804.61 339.25 19
849.17 341.64 16
883.20 343.85 18
335.95 258.45 18
361.94 255.95 18
403.05 257.86 18
443.46 259.27 20
481.88 260.81 17
517.21 256.84 17
552.59 257.39 18
591.94 254.66 16
629.54 255.97 19
658.95 254.57 18
697.27 256.50 17
734.99 254.43 19
771.01 257.02 17
812.42 257.34 16
844.59 258.83 18
883.93 256.11 18
1149.28 640.40 27
1198.36 639.46 30
1243.82 638.91 24
1289.18 638.19 20
1341.75 632.70 23
1383.95 627.69 20
1425.40 626.05 27
1478.96 625.56 27
1529.98 621.09 32
1569.00 629.96 31
1617.02 632.26 24
1153.90 586.41 31
1198.20 580.57 27
1242.62 580.03 26
1287.76 577.36 25
1336.73 568.20 29
1385.67 573.37 24
1432.84 569.16 25
1480.31 567.56 28
1525.84 572.96 26
1566.97 564.28 32
1170.84 309.83 6
1184.41 310.96 5
1197.24 311.34 5
1209.94 312.15 6
1222.79 310.64 5
1235.27 309.89 5
1248.52 309.27 5
1260.97 308.69 5
1199.91 281.04 6
1212.04 281.23 6
1224.74 280.10 5
1237.56 278.29 5
1250.45 277.38 6
1263.47 275.85 5
1173.02 247.86 5
1186.50 250.64 5
1199.59 252.23 6
1212.40 251.90 5
1224.88 250.13 5
1237.35 248.11 5
1249.78 245.87 5
1263.23 245.00 5
1171.52 214.91 6
1184.38 216.80 5
1196.75 218.63 5
1210.37 217.80 6
1223.75 217.04 5
1235.34 215.28 5
1248.92 213.97 6
1261.53 212.43 5
1167.87 181.67 6
1180.84 182.87 6
1193.82 182.87 5
1206.50 184.02 5
1219.69 183.49 5
1232.82 182.10 6
1245.28 181.52 5
1257.93 180.91 5
1165.35 150.13 5
1178.31 151.05 6
1190.42 151.96 6
1204.41 152.49 5
1216.68 151.49 5
1230.01 151.17 6
1242.75 149.19 5
1254.96 148.80 6
