0.619193 0.160880 0.005214
0.637555 0.164603 0.008104
0.653979 0.166054 0.006565
0.671830 0.165719 0.007499
0.688567 0.172594 0.006418
0.705271 0.173935 0.005550
0.721269 0.176257 0.015942
0.737835 0.175373 0.003699
0.754438 0.178208 0.009360
0.772869 0.180379 0.007830
0.791276 0.184456 0.006620
0.618567 0.178135 0.009510
0.634160 0.178822 0.011208
0.651917 0.183469 0.009006
0.669964 0.185568 0.005525
0.686205 0.186776 0.007970
0.701390 0.188116 0.005397
0.720146 0.187705 0.006365
0.737253 0.192753 0.009322
0.754158 0.197121 0.010977
0.768225 0.194140 0.004336
0.786532 0.199883 0.007673
0.617192 0.192687 0.003691
0.635573 0.196446 0.008753
0.651426 0.199081 0.006152
0.665500 0.201069 0.011130
0.685216 0.200882 0.010015
0.700045 0.205166 0.009441
0.717195 0.207921 0.004752
0.733620 0.211305 0.009175
0.751179 0.214024 0.006210
0.769952 0.214586 0.007046
0.783217 0.218887 0.002489
0.615102 0.211013 0.008072
0.630848 0.214198 0.009332
0.648654 0.215988 0.005756
0.665666 0.217284 0.007177
0.681182 0.220567 0.000898
0.698953 0.223008 0.010431
0.716526 0.224855 0.012386
0.730428 0.227474 0.010658
0.750395 0.228581 0.004872
0.765868 0.232123 0.007037
0.784058 0.235279 0.000534
0.609481 0.225722 0.007449
0.628563 0.229782 0.014921
0.644723 0.232944 0.005252
0.661141 0.236650 0.011762
0.676804 0.236095 0.007864
0.695685 0.238490 0.005449
0.712137 0.243316 0.004761
0.728357 0.242325 0.009314
0.745184 0.246600 0.009092
0.764127 0.248636 0.007011
0.779527 0.252968 0.006321
0.610520 0.245741 0.007942
0.628837 0.247285 0.005554
0.642903 0.250528 0.002937
0.659955 0.250869 0.005666
0.674763 0.253878 0.005504
0.691354 0.253995 0.004589
0.710069 0.258316 0.009558
0.726332 0.260533 0.011717
0.744790 0.263202 0.009963
0.762246 0.264086 0.011787
0.777167 0.269279 0.000534
0.607732 0.259763 0.007952
0.622538 0.265778 0.007922
0.641215 0.265461 0.012601
0.655511 0.268134 0.005132
0.674862 0.270220 0.005073
0.692582 0.272089 0.013238
0.705205 0.276334 0.007569
0.723668 0.277525 0.011130
0.741999 0.282503 0.012027
0.759057 0.281266 0.004304
0.775821 0.283659 0.012550
0.603168 0.279633 0.006805
0.623567 0.278852 0.016251
0.638523 0.285041 0.008560
0.655181 0.287123 0.007882
0.673262 0.285901 0.001828
0.689423 0.291634 0.009390
0.706351 0.292970 0.003295
0.722446 0.294182 0.007739
0.738951 0.297143 0.001030
0.753807 0.300053 0.007865
0.773998 0.301837 0.006600
0.604357 0.295739 0.011985
0.617630 0.297098 0.011188
0.636559 0.299735 0.009833
0.652918 0.300814 0.005762
0.668761 0.303989 0.010518
0.685960 0.306188 0.010185
0.701235 0.308779 0.010550
0.721298 0.309821 0.005427
0.736833 0.313342 0.011595
0.754631 0.314625 0.011448
0.772399 0.317714 0.010440
0.600706 0.311700 0.004993
0.615847 0.312899 0.004562
0.634978 0.318408 0.006676
0.650375 0.319828 0.007940
0.667324 0.322571 0.005396
0.683003 0.325148 0.011420
0.701239 0.324558 0.007251
0.717205 0.328406 0.005724
0.733642 0.330482 0.007541
0.750685 0.332772 0.014062
0.769686 0.335582 0.003123
0.599170 0.328059 0.011164
0.613850 0.329083 0.010829
0.630654 0.332244 0.012272
0.648602 0.334833 0.007686
0.663915 0.337316 0.000915
0.680964 0.340327 0.007704
0.699661 0.341509 0.001776
0.718006 0.343676 0.011606
0.733121 0.346723 0.010946
0.749445 0.348667 0.007244
0.766370 0.351983 0.007696
0.595995 0.343521 0.012913
0.611807 0.347412 0.002854
0.629605 0.349871 0.008213
0.645995 0.351809 0.009606
0.663389 0.355303 0.012483
0.679634 0.358076 0.011639
0.697852 0.359207 0.013373
0.714073 0.362241 0.009303
0.730609 0.363224 0.013286
0.746466 0.365979 0.006225
0.765731 0.369664 0.012749
0.595583 0.360895 0.009190
0.611656 0.364258 0.005131
0.628089 0.366460 0.009705
0.642590 0.366157 0.005424
0.660504 0.372620 0.007576
0.680609 0.377020 0.007532
0.692923 0.379420 0.014572
0.709672 0.379863 0.007877
0.728093 0.381145 0.006545
0.741760 0.383117 0.006125
0.761839 0.385248 0.009542
0.591165 0.377928 0.010549
0.607169 0.379249 0.012515
0.626092 0.384764 0.010103
0.640329 0.386014 0.011032
0.658626 0.386951 0.002577
0.674044 0.388835 0.009983
0.691427 0.392915 0.007141
0.709768 0.394468 0.008869
0.723591 0.396377 0.000534
0.744309 0.400815 0.010754
0.758168 0.401980 0.006568
