0.152095 0.338167 0.007089
0.166508 0.342639 0.007319
0.180371 0.344724 0.007237
0.195413 0.348313 0.007316
0.208115 0.350978 0.007232
0.222129 0.352628 0.007412
0.234531 0.356876 0.006877
0.251140 0.360842 0.007125
0.262489 0.363449 0.007346
0.277758 0.367703 0.007085
0.289665 0.371020 0.007126
0.150599 0.351657 0.007284
0.162493 0.355410 0.007074
0.175875 0.358896 0.007375
0.189551 0.359275 0.007507
0.205645 0.364513 0.006845
0.219315 0.367830 0.007002
0.233139 0.370158 0.006864
0.248202 0.373824 0.007189
0.260557 0.377879 0.007252
0.274170 0.381080 0.006632
0.285877 0.385350 0.006910
0.146033 0.366593 0.007048
0.159879 0.368219 0.007020
0.173067 0.372117 0.006972
0.201893 0.378389 0.007035
0.215486 0.381591 0.007193
0.242234 0.389643 0.006966
0.254853 0.392367 0.007088
0.269097 0.396338 0.007157
0.282835 0.398205 0.007248
0.143067 0.379008 0.006904
0.157854 0.383068 0.007156
0.169680 0.384638 0.007230
0.183402 0.389111 0.007289
0.197284 0.391498 0.007161
0.211820 0.394076 0.006801
0.225941 0.400252 0.007163
0.239575 0.402043 0.006961
0.254909 0.407929 0.007053
0.267300 0.409552 0.007015
0.280388 0.412739 0.007012
0.139231 0.393666 0.006969
0.152658 0.396780 0.007475
0.166710 0.398489 0.007049
0.179682 0.402031 0.007094
0.194352 0.405212 0.007005
0.208027 0.408908 0.007129
0.222016 0.413349 0.007185
0.235396 0.415463 0.006983
0.250050 0.419126 0.007287
0.263229 0.421645 0.007181
0.276502 0.426107 0.007044
0.136212 0.406306 0.006812
0.149580 0.410208 0.007262
0.165714 0.414131 0.006961
0.176934 0.415248 0.006936
0.191841 0.419766 0.007054
0.204904 0.422861 0.007189
0.220532 0.427059 0.006945
0.233027 0.429775 0.007037
0.245783 0.432341 0.007404
0.260428 0.436317 0.006808
0.272276 0.439646 0.006838
0.146684 0.424517 0.007264
0.160974 0.427113 0.007140
0.174597 0.428718 0.007422
0.187514 0.433355 0.007416
0.202190 0.436803 0.007010
0.214301 0.440295 0.006748
0.229214 0.443757 0.006902
0.243323 0.446689 0.007187
0.256382 0.450226 0.006959
0.270217 0.453610 0.006875
0.129824 0.434736 0.007172
0.143184 0.437829 0.006893
0.157101 0.440121 0.006922
0.171745 0.443106 0.007344
0.185564 0.448019 0.007318
0.199299 0.449493 0.006991
0.225336 0.457254 0.007058
0.238604 0.462067 0.006873
0.254203 0.463292 0.007059
0.267776 0.468086 0.006937
0.126429 0.446239 0.006899
0.139453 0.451121 0.006846
0.153895 0.453416 0.006919
0.166269 0.457166 0.007404
0.181138 0.460344 0.006760
0.193228 0.464596 0.007099
0.208770 0.467195 0.007074
0.221721 0.471411 0.006961
0.236533 0.474235 0.007302
0.249891 0.477964 0.007082
0.263701 0.481992 0.007116
0.123301 0.460480 0.007178
0.136128 0.464517 0.007269
0.149312 0.466785 0.007259
0.164011 0.470649 0.007057
0.177428 0.474534 0.007317
0.192413 0.478787 0.007069
0.204299 0.481096 0.007104
0.217845 0.483644 0.006885
0.232329 0.487740 0.007144
0.246954 0.491815 0.006974
0.260742 0.495242 0.007184
0.119148 0.474873 0.007176
0.132884 0.479627 0.007621
0.146405 0.480411 0.007007
0.161361 0.485151 0.006856
0.174124 0.488659 0.007120
0.188424 0.493144 0.006919
0.200901 0.496409 0.007252
0.215672 0.498392 0.006787
0.229647 0.501770 0.006911
0.241662 0.505609 0.007366
0.257078 0.508705 0.007251
0.115742 0.488441 0.007091
0.129382 0.492879 0.006925
0.143979 0.496006 0.007236
0.157002 0.498203 0.007383
0.171238 0.501582 0.006884
0.184088 0.505560 0.007159
0.199115 0.508425 0.007499
0.211778 0.512363 0.007106
0.226125 0.516649 0.007146
0.239801 0.518547 0.007232
0.254391 0.523205 0.006911
0.111965 0.503929 0.006767
0.127168 0.504924 0.007041
0.141080 0.508802 0.007383
0.153598 0.512279 0.007282
0.167147 0.515569 0.007226
0.181097 0.520063 0.007025
0.194879 0.523295 0.007167
0.209816 0.526544 0.007060
0.224277 0.528795 0.007245
0.236307 0.532726 0.006957
0.249756 0.536192 0.007668
0.107323 0.516630 0.007195
0.122287 0.519598 0.007156
0.135677 0.523828 0.006895
0.150384 0.525815 0.006818
0.164175 0.530031 0.006808
0.177156 0.531899 0.007218
0.205289 0.539731 0.007194
0.220073 0.543105 0.007185
0.233788 0.546218 0.007284
0.246623 0.550127 0.006953
