126.69 801.98 31
155.26 797.94 33
195.20 796.97 35
230.35 798.33 43
262.95 794.86 39
308.25 795.77 29
373.72 803.80 42
413.92 800.32 38
450.78 797.87 38
487.07 797.64 40
521.36 800.55 38
555.84 796.41 33
590.27 799.65 48
630.80 795.95 42
670.60 798.98 40
695.70 795.19 33
732.81 800.45 31
768.61 796.31 43
806.52 795.72 39
848.23 809.29 40
880.11 799.23 32
924.30 799.38 38
950.36 796.59 31
986.11 800.87 35
1022.57 802.19 37
1052.29 795.25 45
1097.99 792.42 33
1129.14 796.06 31
1161.47 800.67 41
1199.04 801.26 42
1236.20 795.44 29
1273.80 788.83 41
1301.96 792.57 44
1348.12 796.22 36
1380.63 797.41 38
1412.01 797.41 42
1453.13 794.94 41
1481.98 798.57 37
1527.18 806.11 36
1557.38 793.53 39
1592.07 799.49 40
1631.67 808.49 36
1666.87 798.82 33
1703.91 796.21 41
1745.47 800.98 42
1773.79 792.34 43
1812.61 794.32 35
1843.45 794.54 46
1876.61 804.85 50
271.05 727.91 33
298.86 732.90 39
339.38 734.81 41
376.56 727.95 26
413.03 727.48 35
451.18 729.80 31
484.47 726.73 34
518.47 733.09 30
552.80 736.85 34
592.70 731.40 36
632.20 731.35 35
671.90 729.77 43
694.82 725.45 36
741.30 731.68 41
770.11 729.86 40
807.74 730.26 37
836.01 729.96 36
877.44 726.39 42
911.34 726.99 41
951.16 733.84 44
982.94 730.20 33
1022.84 735.11 40
1060.23 727.17 37
1090.25 729.41 38
1130.77 730.35 42
1176.94 733.39 46
1198.72 730.02 29
1241.86 727.40 33
1271.24 731.79 43
1310.12 730.41 40
1348.37 734.69 46
1387.73 740.49 42
1414.41 737.64 39
1453.73 740.67 41
1490.66 723.99 49
1524.24 736.18 35
1555.42 732.25 38
1589.99 736.12 30
1624.70 729.49 35
1672.50 730.37 39
1700.90 729.37 36
1738.77 733.22 39
1770.11 735.91 30
1814.07 726.29 36
1857.49 732.31 37
1882.45 729.41 37
377.50 675.23 46
410.23 669.57 28
449.92 683.55 43
486.99 659.87 41
521.99 667.14 27
553.03 668.13 32
592.17 665.75 40
623.48 674.91 47
665.44 660.32 33
702.39 666.37 36
733.48 672.76 38
770.67 670.19 31
809.37 666.48 40
840.71 672.24 45
880.35 662.31 35
911.94 672.09 30
943.69 672.11 39
986.40 671.60 37
1021.47 669.00 27
1062.29 665.01 43
1096.53 671.84 43
1140.14 664.88 39
1168.90 667.26 38
1198.88 666.63 38
1234.51 671.43 37
1265.24 666.52 39
1310.51 665.30 31
1343.15 672.53 37
1378.25 665.18 36
1418.74 673.59 42
1449.73 664.11 39
1486.02 663.73 37
1523.15 669.46 37
1562.58 669.50 46
1596.83 667.15 40
1630.50 663.23 37
1666.94 670.37 24
1706.80 670.77 40
1739.45 670.04 31
1772.70 662.68 40
1802.98 672.59 42
1847.56 664.49 22
1882.74 669.57 41
332.29 607.36 48
416.07 603.18 47
449.58 598.03 30
482.09 607.49 32
520.48 600.13 40
560.33 594.44 33
593.27 604.60 46
630.17 605.44 44
664.58 603.89 34
706.68 602.58 40
723.75 598.05 44
776.85 594.62 42
803.25 599.99 43
875.96 605.81 34
902.15 608.94 42
954.45 605.58 30
977.22 602.82 38
1021.49 608.30 41
1052.65 602.09 33
1093.79 601.76 35
1129.49 605.82 45
1171.84 598.45 33
1198.88 598.09 38
1236.14 605.79 38
1274.57 609.45 40
1303.77 597.22 34
1340.33 607.30 40
1379.32 597.78 30
1413.31 590.28 28
1449.67 604.74 50
1487.13 614.93 48
1519.52 606.72 29
1596.99 604.86 33
1638.89 609.69 37
1656.73 607.75 38
1730.13 597.02 46
1766.81 601.61 32
1807.28 605.03 30
1850.25 597.99 38
1878.94 600.91 45
407.35 537.68 22
445.41 538.14 41
488.36 540.22 38
520.00 532.39 42
558.16 539.24 43
592.33 538.67 35
633.29 538.99 43
666.08 535.49 38
696.61 540.29 37
734.57 533.12 34
774.05 538.53 32
799.54 535.12 46
839.66 538.72 33
877.75 532.98 36
919.20 543.94 41
948.70 541.34 30
985.63 536.04 35
1021.68 540.84 33
1061.12 537.55 39
1090.52 532.19 35
1128.35 534.65 35
1163.31 537.24 31
1202.81 538.68 36
1238.04 531.85 37
1272.15 536.10 39
1310.41 534.02 33
1341.45 538.46 35
1383.15 538.79 40
1421.04 537.74 38
1450.81 536.42 29
1485.58 538.29 33
1529.77 540.11 38
1555.78 538.50 38
1587.56 537.61 46
1630.94 533.06 38
1668.85 541.28 31
1704.24 534.98 33
1737.80 541.96 38
1774.59 539.67 33
1811.19 532.43 36
1848.68 540.01 34
1883.16 538.31 38
92.44 509.44 16
103.42 507.98 15
115.88 507.04 18
130.33 508.35 11
140.62 508.18 15
155.51 509.18 15
166.68 509.05 15
180.54 508.13 13
192.57 508.71 13
208.87 508.32 18
221.32 509.01 17
233.08 508.83 16
246.58 509.89 17
260.62 506.45 12
274.90 508.26 17
284.58 508.83 12
296.46 507.81 12
312.38 513.18 14
323.65 505.91 17
338.33 506.62 13
350.11 512.09 17
367.12 509.67 19
374.31 508.50 17
390.32 507.37 16
403.86 511.05 12
416.01 507.37 14
429.45 506.91 13
444.46 508.37 14
457.17 509.55 14
469.08 508.52 14
483.70 509.94 18
492.45 506.57 18
508.34 507.82 16
521.91 508.76 15
532.60 508.62 16
546.01 506.24 15
560.60 507.29 10
574.21 507.94 14
586.96 506.98 15
600.58 507.16 17
613.63 511.47 17
626.28 508.94 12
638.95 507.24 12
657.28 496.78 13
664.38 512.52 15
678.33 510.06 9
691.46 507.70 16
703.81 508.25 13
715.96 508.72 12
302.03 473.65 33
338.07 476.28 43
375.81 472.10 33
410.84 473.27 33
449.66 477.80 32
483.81 471.77 38
513.90 468.68 39
555.26 472.08 35
604.74 485.30 42
627.72 474.90 44
666.23 469.00 41
701.89 467.13 40
739.06 471.32 36
766.85 475.50 35
815.66 471.51 45
838.88 476.80 36
881.06 469.22 37
909.18 479.32 49
954.16 473.15 37
995.93 467.55 39
1024.14 472.19 36
1068.37 476.37 44
1089.66 472.89 33
1124.56 467.85 37
1172.32 468.71 42
1198.79 469.33 28
1238.61 473.25 41
1277.08 478.03 30
1319.68 470.39 39
1346.68 475.07 46
1378.66 474.13 35
1419.75 465.22 44
1455.53 471.78 47
1491.30 469.67 36
1526.40 463.20 44
1554.03 475.25 38
1587.07 475.99 39
1632.55 470.98 34
1663.47 483.97 33
1708.07 479.15 37
1745.04 471.45 41
1778.60 470.03 31
1808.60 481.05 32
1850.10 475.24 41
1883.00 469.72 41
194.38 408.90 39
236.46 408.81 33
275.03 411.33 41
301.15 408.84 39
339.50 404.36 29
371.92 407.07 30
410.04 408.31 42
446.27 405.75 34
482.08 406.04 44
521.59 408.11 47
555.84 410.90 32
584.06 417.60 48
620.91 408.52 34
661.64 407.59 38
692.35 394.47 43
737.87 399.75 46
774.19 430.11 38
807.38 409.58 39
841.27 406.65 33
881.02 423.15 44
913.00 408.65 43
951.77 410.71 43
983.95 402.24 30
1024.85 413.25 42
1062.58 404.07 41
1085.73 403.09 44
1134.17 410.16 25
1167.90 414.62 42
1201.41 405.98 33
1238.13 408.11 38
1313.14 406.84 31
1349.25 410.33 41
1383.24 413.51 50
1410.61 401.96 46
1455.36 414.32 44
1483.71 407.88 42
1524.26 410.82 38
1555.39 406.93 35
1590.19 403.89 36
1623.66 411.44 39
1666.88 413.09 32
1700.80 408.31 31
1739.70 402.95 29
1775.90 402.35 33
1807.34 405.83 40
1853.88 411.38 47
1881.86 403.73 32
448.58 340.45 29
485.78 347.60 38
510.54 339.81 38
552.67 348.42 45
594.87 342.03 36
621.65 331.82 43
663.64 334.75 42
700.54 343.90 41
737.05 346.51 39
763.13 342.10 44
841.39 347.19 45
876.64 345.42 37
920.43 344.44 38
952.05 345.21 37
985.65 343.34 33
1089.98 337.66 34
1136.54 342.89 32
1168.37 346.94 39
1202.32 336.22 41
1237.04 336.99 32
1277.90 337.70 50
1305.58 340.53 30
1341.95 343.42 38
1378.91 341.79 34
1417.79 342.99 41
1448.50 344.43 40
1485.90 353.24 36
1526.49 348.79 29
1564.41 339.43 35
1595.44 339.17 39
1632.49 348.98 35
1665.93 345.59 37
1696.97 340.01 24
1735.93 336.90 39
1779.94 339.12 43
1815.41 347.05 32
1843.58 339.66 34
1883.68 339.17 38
235.57 278.88 33
270.45 271.61 41
300.87 266.97 43
336.57 276.51 38
377.34 280.35 39
413.26 280.09 42
457.07 275.76 39
482.79 276.29 31
524.78 279.28 40
554.03 279.62 31
587.45 278.75 35
629.18 279.78 41
662.42 274.22 44
701.88 280.40 43
721.35 277.43 38
774.76 276.21 36
812.68 280.63 37
843.04 277.17 39
878.37 277.18 44
915.42 271.81 40
960.12 279.66 42
988.12 280.56 40
1025.50 273.98 40
1053.98 280.45 34
1097.77 280.90 42
1129.14 277.24 36
1168.49 274.76 38
1204.77 277.67 36
1239.82 274.42 26
1272.80 280.84 37
1311.92 277.48 41
1341.29 276.64 30
1382.28 274.52 42
1422.05 267.80 46
1451.26 281.68 39
1487.06 274.03 47
1524.87 276.35 47
1555.74 283.04 35
1596.73 281.61 32
1626.38 272.59 33
1665.62 275.74 40
1704.46 277.03 27
1733.50 276.29 41
1778.84 279.16 42
1811.28 277.68 26
1840.90 275.45 32
1882.37 272.43 42
243.27 219.85 42
270.75 214.38 29
307.85 212.22 35
342.74 207.55 40
374.03 208.75 38
410.65 210.94 33
446.70 207.97 31
483.58 213.76 40
561.00 210.26 38
589.30 213.39 40
627.27 209.24 42
655.94 213.08 29
700.90 219.80 43
728.39 217.18 44
769.10 212.33 35
803.02 211.87 43
840.85 213.35 33
870.29 216.19 39
911.80 213.79 39
951.37 209.58 41
988.10 216.90 28
1020.63 220.89 38
1058.92 211.74 33
1087.91 210.52 31
1126.20 206.39 28
1169.14 207.13 37
1201.14 212.07 30
1235.74 210.89 41
1272.88 214.30 36
1312.78 220.59 38
1342.91 212.74 38
1373.82 215.80 30
1418.03 217.74 42
1455.51 214.11 32
1483.93 216.90 33
1524.24 209.86 38
1552.71 211.36 39
1597.37 212.86 29
1629.15 216.70 42
1666.94 220.29 39
1701.53 210.01 39
1740.19 213.48 30
1768.65 209.64 35
1810.85 208.84 39
1848.58 207.75 38
1878.74 209.89 34
282.30 1275.04 13
292.79 1276.39 13
306.28 1276.58 15
317.84 1275.49 14
327.72 1276.34 5
339.99 1277.28 12
354.87 1276.26 12
363.21 1276.05 4
373.89 1276.04 11
386.22 1274.84 10
396.85 1274.99 10
407.87 1275.34 12
422.71 1276.71 7
434.70 1275.58 11
444.55 1276.62 13
455.69 1275.11 9
470.20 1275.94 9
478.40 1275.53 16
490.34 1275.47 9
503.33 1277.36 10
514.39 1275.02 10
527.60 1277.15 11
538.66 1275.71 13
551.26 1274.57 13
561.98 1275.57 6
572.06 1275.99 15
586.11 1274.98 7
595.32 1275.23 8
608.39 1275.90 6
620.49 1274.17 11
631.28 1275.11 5
642.07 1277.69 13
654.43 1275.23 7
666.63 1274.83 14
677.43 1278.71 12
690.65 1275.79 11
703.02 1276.30 13
713.66 1276.05 9
724.90 1276.06 17
739.86 1277.54 11
750.36 1276.14 12
760.12 1273.69 14
772.09 1275.80 17
782.05 1274.46 18
795.88 1275.31 11
807.07 1276.73 12
819.47 1273.92 14
830.03 1277.58 10
867.26 1275.26 11
876.66 1275.29 9
887.81 1277.27 11
899.00 1275.58 13
911.59 1276.28 7
923.61 1278.46 14
934.20 1276.99 12
959.16 1276.45 9
972.13 1276.96 15
995.21 1275.85 15
1003.55 1275.31 8
1017.93 1276.49 10
1028.49 1275.25 11
1042.17 1277.91 17
1052.72 1274.59 10
1066.08 1276.38 11
1074.18 1276.96 9
1087.00 1275.01 10
1099.40 1273.06 14
1111.14 1276.19 6
1122.89 1277.92 17
1136.25 1276.33 12
1147.37 1275.54 11
1157.51 1275.83 14
1168.44 1277.41 14
1183.12 1271.26 15
1192.65 1277.05 9
1204.27 1276.00 9
1216.31 1276.11 11
1227.71 1276.61 10
1240.83 1277.01 14
1251.02 1274.77 10
1264.04 1277.22 13
1275.26 1274.10 10
1299.11 1275.26 11
1310.63 1274.55 13
1322.15 1275.91 15
1333.53 1272.73 11
1346.18 1278.93 11
1354.93 1275.53 17
1369.73 1275.38 6
1379.97 1274.79 17
1391.36 1276.43 14
1405.75 1275.91 14
1417.39 1276.40 15
1427.05 1276.17 9
1462.97 1276.24 12
1475.65 1273.81 18
1485.77 1275.38 12
1498.89 1275.87 10
1509.68 1274.07 12
1520.64 1274.71 13
1533.25 1274.93 10
1542.29 1278.40 14
1556.26 1277.30 11
1568.34 1276.53 14
1576.44 1275.14 14
1590.44 1277.14 9
1602.33 1275.80 9
1612.92 1275.88 10
1627.03 1274.37 19
1636.77 1275.77 11
1649.67 1275.97 15
1660.98 1274.45 12
1673.08 1275.37 15
1684.32 1277.73 12
1695.33 1276.21 11
1708.03 1276.10 13
1720.45 1273.36 11
1729.42 1276.39 8
1753.52 1273.85 14
1762.87 1274.34 11
1778.52 1277.70 10
1788.70 1275.77 12
1800.81 1276.74 16
1811.19 1276.35 13
1823.55 1276.37 8
1836.65 1275.43 11
1848.13 1276.38 9
1859.68 1274.42 11
1870.14 1273.76 12
1882.40 1277.62 11
1893.26 1274.97 13
1905.61 1274.58 14
1919.33 1275.00 13
1929.88 1276.63 11
1940.44 1277.05 12
1953.22 1273.39 12
1962.83 1274.14 12
492.19 1268.86 10
502.35 1269.56 10
512.65 1269.39 10
523.22 1269.99 10
534.31 1268.65 10
544.78 1268.46 12
554.75 1267.83 11
564.47 1268.23 13
574.50 1267.98 10
586.27 1266.64 10
597.04 1266.33 11
605.76 1266.86 9
617.13 1264.91 9
627.81 1265.01 12
637.27 1264.91 7
647.74 1264.22 9
658.37 1264.90 11
669.58 1264.07 8
679.75 1263.29 11
689.59 1263.34 8
699.88 1262.74 12
711.12 1261.40 11
720.40 1262.44 10
732.00 1262.27 9
743.01 1260.91 13
752.47 1261.39 11
761.39 1261.70 12
772.61 1262.52 11
783.42 1260.66 12
793.64 1261.44 10
804.68 1261.69 11
815.77 1261.76 11
825.08 1261.67 10
836.33 1261.52 11
845.15 1261.61 10
856.05 1262.39 10
867.34 1262.69 10
877.72 1262.83 12
897.82 1263.70 9
908.81 1264.96 10
918.49 1264.50 11
929.76 1265.37 10
492.59 1254.58 10
501.49 1254.65 9
512.28 1253.94 8
521.97 1254.15 11
532.89 1253.00 11
544.31 1252.73 10
553.80 1252.92 9
564.28 1251.97 10
574.06 1252.75 8
585.08 1251.88 9
595.72 1250.52 9
605.87 1251.03 9
616.08 1250.49 11
626.90 1250.40 9
637.54 1249.36 9
647.47 1249.25 12
658.86 1248.58 11
667.96 1248.71 9
678.99 1248.13 10
689.14 1248.21 11
699.97 1248.05 9
709.78 1248.24 10
720.77 1245.93 11
730.24 1246.33 9
740.62 1246.88 11
751.48 1246.73 8
762.18 1245.75 12
771.90 1245.96 10
782.59 1245.34 10
793.55 1246.36 10
803.56 1247.09 12
813.58 1247.22 13
826.00 1246.96 11
834.11 1247.10 10
845.25 1246.97 10
856.36 1246.92 12
865.43 1247.33 13
876.15 1248.73 11
886.96 1247.00 10
897.74 1249.38 10
907.02 1248.49 10
917.83 1249.71 9
928.61 1250.33 8
492.79 1239.51 10
504.03 1238.49 11
513.54 1238.81 9
525.19 1238.94 11
534.70 1238.77 9
543.95 1239.18 10
555.29 1237.28 10
564.98 1237.76 10
582.39 1242.12 9
584.67 1236.45 12
596.37 1236.79 9
607.46 1235.53 12
617.20 1234.86 9
627.59 1235.01 12
637.94 1234.81 8
648.96 1233.99 10
659.01 1233.54 13
669.60 1233.61 11
678.66 1232.91 12
689.82 1233.71 10
700.63 1233.14 10
711.08 1231.60 10
720.64 1232.68 11
731.22 1231.58 10
741.52 1231.89 8
751.56 1230.73 9
758.25 1228.52 10
773.22 1230.58 11
784.65 1232.13 10
794.07 1231.43 11
805.26 1231.31 12
815.85 1231.85 10
826.23 1232.43 12
835.85 1231.42 9
845.93 1232.36 12
856.74 1231.88 11
865.41 1233.20 12
876.82 1232.99 10
887.62 1233.02 10
899.78 1233.28 12
909.45 1233.90 12
919.60 1234.67 12
928.52 1233.81 12
939.61 1234.43 10
