0.097552 0.529999 0.018748
0.116959 0.530950 0.015731
0.138007 0.525166 0.015266
0.160621 0.524303 0.017126
0.180918 0.523805 0.015695
0.203977 0.523366 0.011846
0.226094 0.520683 0.022984
0.245493 0.518675 0.018907
0.267350 0.520224 0.016757
0.288791 0.519888 0.011595
0.309543 0.520137 0.010350
0.328853 0.520490 0.019058
0.351945 0.518059 0.016409
0.371082 0.517287 0.017320
0.394195 0.520562 0.010674
0.416723 0.520468 0.015289
0.438111 0.520142 0.009899
0.459845 0.520594 0.013292
0.481477 0.520374 0.014876
0.500658 0.515551 0.020983
0.522683 0.515406 0.011955
0.544237 0.512224 0.010299
0.566814 0.507795 0.017485
0.587823 0.506684 0.018252
0.608971 0.502214 0.008677
0.630172 0.495227 0.017626
0.651707 0.490553 0.019844
0.671825 0.484220 0.013715
0.695156 0.478327 0.015882
0.715024 0.471927 0.018669
0.737351 0.464717 0.018049
0.758404 0.458401 0.014692
0.777976 0.450891 0.013918
0.801487 0.440140 0.016210
0.823857 0.430958 0.017390
0.843471 0.425430 0.014028
0.867162 0.415266 0.011837
0.890622 0.408453 0.017626
0.910463 0.401319 0.018405
0.091920 0.497316 0.019155
0.112294 0.493457 0.013315
0.131456 0.492263 0.021656
0.151105 0.488482 0.025000
0.173808 0.487481 0.011789
0.196203 0.484766 0.016287
0.214808 0.485775 0.017536
0.238856 0.484765 0.006540
0.261701 0.482302 0.013306
0.279808 0.485234 0.009804
0.301591 0.484583 0.012700
0.324543 0.484304 0.009210
0.365134 0.485146 0.014094
0.387929 0.486359 0.013300
0.410520 0.486548 0.019646
0.431109 0.485183 0.014139
0.451147 0.482349 0.017534
0.472554 0.484014 0.016737
0.495829 0.480431 0.014338
0.516385 0.479900 0.014175
0.538309 0.475604 0.018396
0.560431 0.473515 0.017802
0.582329 0.467811 0.019921
0.601676 0.467185 0.011554
0.625769 0.461220 0.016682
0.647623 0.457242 0.014524
0.667406 0.452156 0.015461
0.690632 0.443970 0.018231
0.710094 0.441797 0.021889
0.732935 0.431608 0.008787
0.754656 0.424273 0.011607
0.777031 0.416765 0.019274
0.795201 0.406204 0.016844
0.819509 0.399021 0.021999
0.839997 0.393562 0.018894
0.861262 0.382472 0.015942
0.882290 0.376059 0.017458
0.906306 0.367364 0.024053
0.081077 0.463839 0.013423
0.104218 0.457365 0.015318
0.124905 0.456044 0.009106
0.146544 0.453778 0.013519
0.167878 0.451477 0.016082
0.188255 0.452447 0.014273
0.211879 0.450132 0.016125
0.231479 0.448840 0.009450
0.252932 0.449196 0.013772
0.275241 0.448126 0.015030
0.296668 0.447342 0.015071
0.316181 0.452341 0.021456
0.340145 0.449579 0.007680
0.361731 0.449758 0.019197
0.382987 0.449508 0.017992
0.403539 0.450101 0.007085
0.425264 0.448429 0.010773
0.447601 0.447835 0.017180
0.469049 0.447093 0.022161
0.490037 0.446971 0.011638
0.511895 0.443883 0.014045
0.534116 0.441870 0.015575
0.554080 0.440737 0.010300
0.576538 0.438302 0.016684
0.597748 0.432776 0.021138
0.619030 0.428818 0.012993
0.643046 0.422744 0.009562
0.660983 0.415302 0.016271
0.684817 0.410954 0.015064
0.707719 0.405646 0.007291
0.730314 0.399886 0.019620
0.751857 0.389110 0.019236
0.773150 0.383250 0.015947
0.794516 0.375808 0.015812
0.815937 0.367313 0.015489
0.838820 0.357129 0.014817
0.861975 0.347896 0.016352
0.880817 0.342143 0.010322
0.902648 0.333861 0.014392
0.079583 0.448771 0.005658
0.085284 0.446488 0.007391
0.091904 0.446248 0.006684
0.097022 0.444515 0.005955
0.103663 0.443193 0.005957
0.108387 0.443303 0.008846
0.076312 0.428322 0.016878
0.099618 0.425357 0.015099
0.142679 0.420390 0.017219
0.162439 0.418381 0.010076
0.182651 0.415758 0.017182
0.204678 0.414397 0.018520
0.226946 0.413776 0.003370
0.249251 0.416409 0.017441
0.267485 0.414010 0.023542
0.292927 0.414180 0.014284
0.313200 0.411465 0.022293
0.334371 0.414397 0.009535
0.356850 0.413870 0.010973
0.376304 0.415207 0.017286
0.400894 0.415080 0.011560
0.420854 0.415768 0.021853
0.442046 0.413542 0.020202
0.465243 0.413494 0.012094
0.486518 0.410145 0.016913
0.508900 0.410562 0.020078
0.532640 0.409297 0.018588
0.551657 0.404845 0.019528
0.574398 0.401646 0.014525
0.594968 0.398539 0.012738
0.615654 0.392694 0.018215
0.639577 0.389183 0.009239
0.658913 0.382305 0.015781
0.682199 0.377254 0.017911
0.704523 0.371663 0.011664
0.726382 0.363027 0.012962
0.749701 0.358061 0.021252
0.770044 0.349602 0.011887
0.790984 0.339746 0.015378
0.812527 0.333755 0.015266
0.835667 0.324207 0.016965
0.858463 0.316659 0.012236
0.881612 0.308267 0.016997
0.899962 0.300585 0.009675
0.072213 0.393600 0.008093
0.092330 0.389351 0.025100
0.114808 0.386100 0.023028
0.134970 0.384464 0.008644
0.157643 0.383337 0.014377
0.178938 0.381787 0.011779
0.201289 0.378583 0.014986
0.221639 0.378393 0.015842
0.244466 0.375337 0.013312
0.267303 0.378364 0.021312
0.287080 0.376525 0.010852
0.309804 0.372519 0.009317
0.334312 0.377184 0.015882
0.351719 0.377607 0.020558
0.375261 0.378691 0.003041
0.397661 0.382496 0.017828
0.418871 0.379038 0.015376
0.441443 0.379271 0.018511
0.464535 0.376973 0.019744
0.483362 0.376881 0.012903
0.505957 0.372250 0.019026
0.527961 0.371491 0.015728
0.543687 0.368067 0.014817
0.569953 0.367513 0.012620
0.591245 0.363775 0.011208
0.611550 0.360166 0.021568
0.637776 0.355490 0.011884
0.657596 0.349214 0.014321
0.679810 0.340881 0.017568
0.700867 0.337993 0.009151
0.724727 0.331284 0.012826
0.748042 0.321462 0.011680
0.767354 0.315941 0.015910
0.789147 0.306187 0.012986
0.810128 0.300747 0.012970
0.832924 0.291100 0.009918
0.855143 0.282859 0.013859
0.876938 0.274061 0.014938
0.896896 0.267331 0.015978
0.067274 0.358240 0.011501
0.088163 0.356047 0.013342
0.111571 0.353041 0.016686
0.133362 0.348281 0.015283
0.154072 0.348337 0.008344
0.175920 0.345722 0.011531
0.198501 0.344045 0.015655
0.242037 0.341659 0.021461
0.262103 0.341831 0.015170
0.283558 0.341942 0.010235
0.306873 0.343994 0.011775
0.328331 0.343784 0.015565
0.351238 0.343278 0.011701
0.372829 0.343465 0.013975
0.396592 0.344311 0.012481
0.416773 0.343097 0.015278
0.436823 0.343749 0.016441
0.458551 0.342140 0.014983
0.478163 0.342287 0.020464
0.503278 0.339668 0.007234
0.524399 0.339372 0.015802
0.546752 0.335435 0.015210
0.565134 0.330173 0.015217
0.589895 0.331750 0.010642
0.611539 0.325873 0.012096
0.633502 0.321568 0.021785
0.656379 0.314896 0.018423
0.677832 0.310902 0.017166
0.698601 0.302483 0.019051
0.720699 0.296568 0.009272
0.743718 0.287131 0.019888
0.764379 0.281944 0.009250
0.785677 0.275212 0.010175
0.805928 0.268046 0.013651
0.829938 0.257006 0.019023
0.850990 0.248152 0.010595
0.870087 0.240864 0.018673
0.896545 0.231645 0.022122
0.065315 0.325221 0.019760
0.086453 0.321293 0.016514
0.107246 0.317496 0.009869
0.129694 0.315204 0.012628
0.152639 0.314393 0.010943
0.173451 0.309500 0.013934
0.195660 0.309661 0.014163
0.217127 0.308286 0.012455
0.241720 0.308136 0.021895
0.256076 0.306714 0.021807
0.284046 0.308174 0.016356
0.325846 0.306228 0.018170
0.346715 0.306971 0.015585
0.368780 0.308545 0.004968
0.392616 0.306714 0.013880
0.410386 0.308300 0.015320
0.434750 0.308739 0.018746
0.454199 0.305007 0.018750
0.478356 0.305426 0.009164
0.500127 0.304462 0.009498
0.523451 0.301716 0.011282
0.542984 0.301343 0.015136
0.565385 0.298624 0.004561
0.607483 0.290870 0.011961
0.629747 0.286124 0.009414
0.676654 0.274756 0.019148
0.695091 0.269237 0.011412
0.716999 0.262616 0.011866
0.737554 0.255930 0.011008
0.760170 0.247050 0.015595
0.805693 0.232493 0.013182
0.821343 0.225278 0.018351
0.845520 0.217921 0.019806
0.865442 0.207132 0.018057
0.886586 0.199838 0.016818
0.060261 0.290823 0.014096
0.084300 0.286934 0.013018
0.103789 0.282179 0.021237
0.124360 0.278942 0.013725
0.147927 0.277574 0.014737
0.172460 0.274546 0.024242
0.192377 0.274616 0.014351
0.214965 0.275302 0.016171
0.236225 0.273731 0.014330
0.259964 0.274944 0.019819
0.300536 0.273049 0.015056
0.324374 0.274671 0.018720
0.342847 0.275819 0.008065
0.364223 0.271423 0.018028
0.387561 0.272378 0.009458
0.409588 0.271783 0.015922
0.433602 0.272929 0.021575
0.452962 0.273299 0.013051
0.474524 0.268661 0.020305
0.496534 0.270038 0.022628
0.538930 0.268988 0.020172
0.561357 0.264475 0.015427
0.582997 0.265120 0.016576
0.605045 0.254709 0.012306
0.626655 0.251985 0.011288
0.647823 0.247498 0.014683
0.670148 0.241001 0.018168
0.690620 0.237096 0.009828
0.712921 0.227417 0.010678
0.735752 0.221424 0.018013
0.755279 0.217082 0.017709
0.776387 0.208738 0.016008
0.799858 0.198727 0.011377
0.818878 0.193173 0.017789
0.839026 0.182036 0.016300
0.862983 0.175495 0.008349
0.884813 0.166831 0.009596
0.059401 0.258228 0.018418
0.080352 0.253066 0.012699
0.102171 0.247871 0.020347
0.124516 0.247237 0.022660
0.145629 0.247045 0.011024
0.167983 0.240602 0.023515
0.190845 0.238737 0.012777
0.211489 0.239073 0.015148
0.232570 0.236707 0.019011
0.256023 0.235439 0.021757
0.275109 0.238086 0.015718
0.298132 0.237634 0.016477
0.318679 0.237958 0.011770
0.339899 0.235589 0.020063
0.360530 0.235691 0.019112
0.385487 0.238216 0.019170
0.406340 0.237761 0.009023
0.427018 0.237240 0.018487
0.448785 0.235368 0.018187
0.471880 0.238025 0.020416
0.492836 0.235340 0.005550
0.512305 0.234801 0.018602
0.533344 0.230538 0.011769
0.557218 0.230229 0.015277
0.577106 0.224466 0.014543
0.599883 0.222424 0.009850
0.620470 0.219406 0.018021
0.645267 0.212179 0.024941
0.661171 0.208734 0.021942
0.684897 0.199803 0.019794
0.707511 0.197548 0.018442
0.727599 0.188191 0.015487
0.749012 0.179223 0.012844
0.772268 0.173882 0.013734
0.793565 0.166365 0.016120
0.813884 0.158131 0.010953
0.835781 0.149273 0.010034
0.855439 0.140853 0.008350
0.877490 0.131111 0.011662
0.056008 0.221690 0.017020
0.075525 0.218772 0.022169
0.098287 0.215116 0.011225
0.120664 0.210567 0.008598
0.142910 0.209212 0.015237
0.164165 0.205889 0.015169
0.186587 0.206265 0.020944
0.207684 0.202593 0.014123
0.229175 0.201543 0.019698
0.250449 0.202361 0.018501
0.292689 0.199597 0.016574
0.315375 0.202635 0.020410
0.336920 0.203109 0.012026
0.357040 0.199257 0.021244
0.378454 0.203379 0.014854
0.399745 0.200310 0.015445
0.421598 0.200620 0.014940
0.443832 0.202078 0.011429
0.465340 0.204377 0.016603
0.487283 0.200926 0.008694
0.508097 0.198134 0.012603
0.528474 0.197304 0.011119
0.551238 0.196576 0.016567
0.573098 0.192948 0.017994
0.593669 0.186845 0.010987
0.615918 0.180998 0.025117
0.636877 0.178523 0.009024
0.659218 0.174273 0.015468
0.677773 0.167070 0.012673
0.702850 0.160376 0.017516
0.720419 0.155483 0.016816
0.743760 0.147662 0.014081
0.763217 0.144139 0.008718
0.786405 0.130809 0.013420
0.810049 0.123632 0.016442
0.828824 0.116175 0.013555
0.852116 0.107041 0.014535
0.870249 0.099237 0.004795
0.488780 0.094281 0.012032
0.503811 0.097203 0.022319
0.518093 0.095050 0.020238
0.545531 0.094753 0.002480
0.560450 0.096543 0.023964
0.574058 0.095082 0.014026
0.589113 0.094773 0.014989
0.627004 0.094039 0.011843
0.642402 0.095295 0.013753
0.654967 0.094712 0.013451
0.670444 0.093780 0.013859
0.683745 0.095348 0.012966
0.696542 0.094322 0.011394
0.710556 0.096056 0.017414
0.725394 0.094399 0.016550
0.827052 0.517231 0.004301
0.826813 0.522851 0.004322
0.827308 0.528377 0.004321
0.826830 0.534518 0.004324
0.825892 0.539624 0.004330
0.824992 0.545440 0.004314
0.824513 0.550961 0.004323
0.824244 0.557155 0.004318
0.837721 0.517179 0.004323
0.837116 0.522635 0.004319
0.837606 0.528386 0.004300
0.837300 0.534250 0.004313
0.836657 0.540244 0.004313
0.835629 0.546126 0.004302
0.835007 0.551574 0.004330
0.834877 0.557466 0.004321
