1662.68 236.20 16
1656.05 255.21 13
1716.30 253.32 20
1709.29 273.88 13
1705.48 290.06 15
1697.02 312.29 15
1690.64 326.75 16
1682.76 346.85 16
1684.01 364.23 17
1677.54 388.57 15
1678.15 408.23 17
1674.46 428.02 18
1667.98 447.22 19
1665.90 463.14 16
1662.79 486.59 17
1656.66 505.99 11
1654.60 522.07 18
1649.55 543.98 13
1645.83 562.04 18
1650.98 581.31 20
1637.49 619.06 13
1627.51 640.41 15
1626.10 658.24 15
1618.68 679.39 16
1613.63 697.83 16
1605.58 718.37 14
1599.33 735.14 13
1770.93 273.99 21
1756.57 298.31 15
1754.43 311.44 16
1748.30 331.58 12
1745.80 350.57 18
1741.47 371.04 14
1734.81 390.95 16
1734.98 413.68 17
1730.05 425.44 15
1723.24 446.36 19
1722.30 463.70 16
1719.44 489.46 13
1713.35 511.12 13
1711.98 525.01 16
1707.63 549.81 13
1702.24 567.66 13
1701.26 587.77 12
1696.71 604.73 15
1690.47 632.64 15
1686.62 644.55 16
1682.80 662.38 14
1674.83 682.65 10
1667.38 700.64 14
1664.97 722.19 17
1655.42 741.79 19
1648.73 758.41 15
1643.96 775.80 13
1634.80 797.10 17
1629.17 814.45 13
1620.07 832.06 15
1614.17 847.82 17
1603.68 864.77 16
1595.02 888.19 17
1588.05 904.76 14
1572.70 940.93 14
1562.11 959.75 16
1816.15 302.31 16
1805.93 317.82 17
1799.62 337.60 20
1793.78 357.51 14
1785.91 375.43 21
1783.45 396.13 17
1777.14 414.32 15
1774.23 434.43 14
1768.93 448.46 14
1765.53 469.88 11
1760.97 487.91 13
1757.81 505.42 18
1753.51 527.29 17
1750.47 548.50 13
1746.39 566.55 14
1740.71 587.72 16
1739.80 603.89 14
1733.60 629.94 18
1728.89 647.09 18
1724.62 664.22 16
1721.35 683.93 17
1716.06 701.81 22
1709.14 723.64 14
1704.39 743.72 15
1698.54 758.97 13
1693.65 773.84 17
1684.66 798.92 17
1676.15 816.92 14
1669.73 836.83 17
1663.37 855.01 16
1655.24 872.48 19
1647.74 890.85 17
1641.67 908.56 14
1634.45 929.60 12
1617.76 965.59 20
1609.79 981.92 12
1843.15 315.42 20
1833.14 331.32 16
1824.00 351.73 16
1816.17 366.20 9
1807.85 383.89 10
1800.03 401.01 13
1792.85 417.33 13
1784.76 438.14 16
1776.80 460.56 21
1772.81 471.39 17
1767.61 487.49 12
1761.20 509.97 13
1756.62 526.39 16
1752.12 543.62 17
1745.99 571.53 17
1739.15 604.61 16
1735.87 623.40 17
1732.33 643.75 18
1728.93 663.26 16
1725.52 683.46 12
1721.52 705.99 10
1717.95 724.91 16
1714.61 746.45 13
1712.95 764.85 17
1707.39 783.56 18
1703.99 806.13 15
1697.82 828.02 15
1695.46 844.82 20
1689.89 870.88 19
1683.55 888.27 17
1679.02 906.35 20
1671.40 927.37 16
1666.10 943.04 18
1660.28 964.76 17
1656.72 985.71 12
1651.78 1000.27 17
1878.10 333.45 12
1869.46 350.89 15
1856.35 365.10 19
1845.13 381.45 15
1842.01 402.68 13
1834.48 419.12 14
1825.69 436.98 19
1815.80 451.76 15
1805.24 474.12 23
1805.49 490.18 12
1795.37 506.44 11
1794.04 527.23 18
1784.74 541.36 14
1784.86 566.29 12
1777.27 586.00 16
1778.16 600.75 19
1768.83 623.80 20
1771.47 641.04 19
1764.09 660.70 17
1765.91 683.65 12
1764.30 706.06 9
1764.63 727.12 18
1756.81 748.47 14
1760.22 767.62 13
1759.84 790.93 16
1753.52 815.02 13
1745.34 834.31 16
1744.70 853.80 18
1747.88 868.89 16
1741.34 896.96 17
1733.75 916.90 18
1726.00 933.52 13
1727.49 953.85 12
1723.59 976.32 15
1713.19 993.23 14
1705.28 1013.28 18
1702.65 1032.46 13
1958.83 369.24 14
1951.08 389.08 11
1940.26 406.27 14
1931.68 423.77 15
1932.28 442.00 18
1925.29 459.05 16
1919.30 485.51 14
1889.32 512.85 14
1916.33 520.28 17
1903.72 539.78 8
1893.01 557.56 15
1891.20 577.23 16
1892.14 596.76 10
1885.47 617.70 15
1883.02 635.25 20
1887.64 655.24 18
1884.13 680.44 15
1878.95 699.65 12
1876.43 719.87 13
1876.39 732.31 17
1869.65 754.23 12
1866.58 781.80 18
1859.54 794.05 17
1851.45 808.65 20
1850.07 832.38 13
1843.48 852.90 12
1838.66 869.22 17
1830.86 888.13 17
1825.98 900.44 16
1817.70 926.53 14
1809.87 942.42 14
1803.90 961.67 14
1797.52 980.32 16
1792.97 1003.31 14
1780.59 1020.73 16
1779.50 1041.33 19
1768.39 1056.92 13
2007.09 383.57 2
2004.21 389.21 2
2003.22 393.87 3
2001.73 399.18 3
1999.26 405.16 2
1996.97 410.79 3
1993.29 421.85 3
1991.72 426.85 3
2025.27 387.45 17
2020.46 407.95 12
2013.94 422.83 16
2016.97 444.48 16
2006.82 465.94 15
2003.75 484.92 18
1997.60 502.02 13
1993.28 523.54 15
1990.01 541.38 13
1981.17 558.23 14
1981.99 581.47 17
1976.09 595.75 18
1975.56 618.80 19
1975.07 640.58 20
1966.36 661.65 13
1968.13 680.68 18
1960.28 698.25 11
1956.80 715.75 21
1952.98 739.15 20
1945.52 752.33 17
1943.01 776.61 13
1939.61 795.67 15
1931.77 814.48 12
1929.77 833.50 15
1923.10 850.72 18
1913.47 868.95 11
1903.79 887.31 15
1897.07 907.17 16
1890.06 925.11 15
1876.59 963.03 17
1867.25 978.98 18
1854.62 1001.47 15
1850.90 1017.85 15
1842.78 1035.65 17
1834.00 1052.78 16
1832.97 1066.36 16
2089.91 392.95 19
2084.41 411.86 12
2076.88 437.18 14
2070.75 446.51 15
2067.07 470.47 14
2062.35 490.04 13
2054.87 507.84 15
2055.95 529.84 15
2051.35 549.27 14
2045.24 565.24 16
2037.61 588.11 16
2037.11 608.96 15
2035.94 627.39 14
2030.74 650.23 15
2028.80 666.88 20
2023.89 689.39 14
2020.62 706.86 10
2015.73 724.38 15
2013.57 744.78 13
2008.73 761.77 13
2002.97 782.38 15
1998.03 801.62 14
1993.00 816.38 17
1985.10 842.54 13
1980.61 857.59 15
1981.03 875.19 15
1965.67 894.68 14
1945.25 912.27 15
1946.58 932.66 20
1941.44 952.74 18
1934.74 967.91 16
1922.17 990.77 17
1918.19 1005.67 15
1908.15 1021.24 15
1901.80 1040.47 14
1891.15 1060.74 13
1886.99 1079.10 17
2147.26 400.60 13
2133.95 420.73 14
2132.81 437.98 16
2131.55 456.80 19
2125.43 479.00 19
2117.59 495.71 12
2113.19 512.98 18
2117.37 531.62 18
2106.11 556.82 16
2102.90 572.36 14
2098.37 595.76 21
2097.48 610.82 17
2094.90 630.29 15
2089.10 653.49 16
2086.71 668.10 19
2087.35 691.23 16
2078.87 713.31 18
2079.44 728.90 14
2072.28 748.65 17
2070.03 767.63 17
2056.09 791.88 22
2052.92 806.47 13
2048.76 824.86 12
2048.24 842.01 17
2014.17 875.64 17
2031.29 880.17 16
2027.05 898.34 11
2013.12 918.63 18
2006.69 939.96 15
1998.42 954.03 16
1992.56 975.16 16
1984.88 989.58 16
1976.42 1010.98 18
1960.28 1052.29 16
1958.40 1042.43 20
1947.85 1066.17 16
1935.47 1080.31 20
2205.86 404.63 11
2197.19 426.33 13
2178.21 465.34 14
2183.27 466.57 15
2182.98 481.03 11
2177.39 501.92 16
2172.73 522.41 11
2167.13 539.60 14
2168.13 558.37 17
2160.72 583.89 18
2158.95 602.73 16
2153.30 616.31 14
2149.27 643.06 13
2146.21 661.54 14
2147.31 679.98 18
2141.55 698.79 18
2140.20 719.03 17
2131.95 742.41 19
2130.07 754.15 15
2121.79 776.29 14
2117.46 795.70 16
2115.65 817.25 19
2108.66 831.96 15
2100.05 852.44 17
2088.55 867.43 21
2089.73 889.62 11
2082.02 905.98 11
2074.57 926.47 14
2066.35 941.79 17
2057.05 962.75 17
2049.77 981.31 16
2043.37 998.46 15
2035.14 1019.63 16
2025.07 1035.06 16
2017.35 1052.77 15
2012.41 1071.32 22
1999.29 1088.67 17
322.28 1191.00 10
345.27 1192.58 10
367.46 1192.66 9
389.46 1194.43 10
413.79 1192.19 9
438.29 1193.15 9
460.50 1191.84 9
481.82 1193.56 9
505.58 1194.50 9
530.56 1192.06 10
552.50 1193.59 10
320.73 1126.58 9
343.75 1126.25 9
366.25 1126.76 9
391.20 1127.68 9
412.93 1125.63 10
436.16 1126.91 9
460.54 1126.48 9
483.36 1125.84 9
506.60 1125.17 10
529.45 1128.39 9
552.92 1126.52 10
320.81 1062.95 9
345.50 1062.81 10
367.66 1062.20 9
389.80 1062.53 10
413.85 1062.66 10
437.13 1062.28 10
460.27 1061.88 10
483.07 1061.19 9
507.65 1061.14 9
530.03 1060.92 9
551.20 1061.46 10
323.32 1019.87 10
346.33 1022.35 10
370.73 1023.74 10
393.69 1024.90 9
415.07 1024.93 9
440.33 1024.16 9
462.16 1022.90 9
485.90 1020.63 9
508.18 1018.16 9
533.26 1014.80 10
565.45 1011.57 10
324.29 988.38 10
348.25 996.52 10
372.99 1004.20 9
397.58 1009.49 9
420.57 1014.40 9
443.06 1016.52 9
467.48 1016.63 9
489.25 1014.68 9
512.57 1009.12 9
533.53 1003.52 9
559.21 995.25 9
323.20 889.05 9
345.55 893.48 10
370.90 897.71 9
393.15 903.52 10
416.18 904.15 10
465.90 913.55 9
486.89 913.62 10
509.82 912.22 9
534.01 912.21 10
557.15 910.31 9
322.35 797.41 10
343.20 797.32 10
367.02 796.93 9
389.88 798.27 10
414.59 799.74 10
437.74 800.17 9
460.57 800.99 9
484.89 799.29 10
506.65 800.36 10
529.99 800.74 9
552.93 801.20 10
319.27 726.94 10
342.61 726.79 10
368.90 728.32 10
391.85 728.22 10
413.53 728.91 9
437.43 728.07 9
459.11 728.98 10
483.08 729.70 10
504.39 729.01 10
529.97 727.73 10
553.99 730.25 9
1719.84 191.57 17
1734.08 189.14 16
1750.76 194.28 15
1771.79 202.28 16
1793.48 201.53 17
1811.36 206.29 14
1826.36 205.69 15
1843.30 194.36 15
1861.52 197.01 18
1882.87 193.83 16
1714.06 167.34 14
1735.73 159.42 15
1750.01 166.62 17
1766.55 166.96 16
1789.54 175.93 15
1804.49 178.80 15
1825.88 174.85 15
1843.25 171.20 13
1861.62 157.54 15
1882.51 163.00 17
1718.65 131.87 17
1730.08 131.13 17
1752.11 138.52 15
1774.53 139.22 16
1787.18 147.28 15
1808.63 151.44 16
1823.20 144.22 14
1838.86 139.17 15
1865.42 135.12 13
1878.66 131.39 14
1712.11 108.46 17
1731.22 102.65 15
1752.29 108.63 16
1771.73 108.70 15
1787.05 116.94 15
1804.23 118.58 17
1822.29 117.43 15
1838.58 117.37 17
1862.28 106.42 13
1876.54 105.88 16
1715.15 74.29 16
1731.17 75.54 16
1757.56 77.74 16
1771.00 78.70 16
1790.98 83.45 14
1806.59 89.63 14
1824.47 92.63 15
1841.73 84.06 17
1858.52 79.42 15
1876.91 74.86 16
1718.93 46.35 15
1738.43 47.48 18
1721.57 19.51 14
1738.89 15.04 15
1755.08 17.59 15
1769.84 21.32 18
1789.19 25.85 18
1810.03 31.91 16
1825.26 28.15 17
1842.54 25.01 14
1859.24 15.80 18
1883.73 18.61 16
884.44 7.56 19
885.74 64.04 17
885.17 121.05 18
889.82 177.24 20
886.55 231.54 17
892.36 288.79 18
892.21 345.66 18
891.31 459.16 17
893.58 512.50 17
892.65 570.42 17
894.34 626.32 19
895.11 683.24 18
895.99 740.26 17
897.23 795.60 18
898.11 852.47 17
899.21 909.05 17
900.29 964.15 15
900.74 1020.43 17
901.71 1076.66 15
974.08 1029.61 15
977.44 1084.99 17
1054.22 588.21 16
1054.57 641.79 17
1055.78 701.17 17
1056.57 758.53 19
1058.47 812.34 19
1057.50 869.05 16
1059.76 981.09 16
1060.09 1039.22 16
1059.96 1095.18 18
1387.22 797.87 13
1394.44 776.17 13
1394.05 755.82 10
1398.82 738.89 14
1396.67 715.26 13
1396.64 696.81 11
1393.81 674.71 11
1395.14 655.45 9
1391.44 636.77 9
1389.06 617.94 10
1384.93 595.56 10
1384.97 576.81 15
1381.27 555.61 10
1379.67 536.43 12
1381.58 517.41 9
1382.60 491.12 15
1350.49 774.84 10
1355.30 753.91 12
1356.19 732.79 15
1356.52 717.67 10
1357.50 695.45 16
1358.13 676.76 13
1354.76 654.93 10
1351.48 635.56 12
1350.92 617.02 10
1347.74 596.48 10
1344.68 577.07 8
1342.32 555.77 12
1341.78 535.31 10
1341.16 516.14 10
1342.16 497.89 10
1308.46 794.64 12
1315.20 774.85 12
1320.39 752.42 10
1321.33 731.99 10
1334.73 714.52 12
1336.31 696.14 10
1329.36 674.14 11
1325.14 651.75 15
1319.12 632.24 11
1310.88 615.26 12
1312.27 592.80 12
1303.53 571.79 12
1301.15 552.56 12
1301.17 534.79 14
1299.72 512.63 13
1302.66 493.00 12
1269.60 788.48 13
1271.27 773.11 12
1277.39 751.57 12
1276.36 733.44 13
1277.81 689.46 15
1275.85 670.28 12
1275.41 652.09 14
1273.77 633.37 15
1269.24 614.71 12
1267.81 590.27 13
1265.61 572.34 8
1264.63 552.91 14
1265.30 533.66 14
1263.78 495.43 14
251.60 416.14 17
293.44 424.57 17
343.70 431.89 16
389.30 433.60 16
437.07 434.60 16
485.13 433.99 16
524.67 439.69 17
574.10 447.89 16
623.20 455.91 17
212.55 311.27 17
256.87 322.83 16
310.08 336.28 17
357.47 344.04 17
403.07 349.04 16
454.49 348.12 17
500.29 351.84 16
549.54 349.11 16
594.31 354.18 17
638.42 362.57 17
178.47 164.72 16
231.69 188.08 16
282.26 196.92 17
332.42 205.57 16
384.36 207.41 16
435.50 204.91 16
485.20 204.77 17
537.96 211.64 17
589.54 221.92 16
640.47 230.85 16
190.15 44.20 17
234.00 59.35 16
281.21 69.88 17
327.17 75.93 16
376.40 80.36 16
425.45 82.82 17
471.62 86.73 17
519.29 84.74 17
566.60 92.39 16
615.99 103.26 16
1126.81 166.22 15
1155.83 172.68 17
1187.23 173.16 18
1217.33 182.89 14
1245.39 186.98 18
1275.85 193.44 15
1308.29 199.73 21
1335.99 206.64 14
1365.23 211.34 19
1397.04 218.79 14
1122.05 124.89 23
1155.24 134.01 17
1186.81 144.69 20
1216.65 155.11 19
1243.88 157.31 19
1276.89 158.87 18
1303.61 160.61 16
1332.52 166.81 18
1366.52 173.22 18
1394.98 176.14 16
1122.43 83.53 15
1150.41 89.50 20
1182.18 96.47 16
1214.43 103.59 16
1241.61 109.00 18
1272.65 115.93 16
1301.25 122.18 20
1333.84 127.22 23
1365.46 136.55 18
1392.04 139.63 20
