0.237875 0.360491 0.007081
0.248141 0.363103 0.007038
0.269076 0.367575 0.007412
0.279550 0.367925 0.007205
0.289035 0.369045 0.007358
0.299461 0.370509 0.007390
0.311344 0.372767 0.007042
0.321411 0.373657 0.007089
0.332962 0.374933 0.006932
0.340929 0.375870 0.007106
0.352388 0.371976 0.006974
0.363953 0.379905 0.007590
0.373921 0.380045 0.007146
0.384751 0.382623 0.006931
0.394965 0.383037 0.007119
0.404263 0.384814 0.007309
0.415727 0.387311 0.007194
0.425478 0.388856 0.006731
0.437450 0.388255 0.007579
0.447761 0.391353 0.007215
0.458768 0.392216 0.007029
0.469263 0.394720 0.006986
0.478279 0.396279 0.007008
0.490236 0.396067 0.007086
0.499949 0.397788 0.007252
0.510274 0.400733 0.007257
0.521599 0.400869 0.007179
0.530495 0.402933 0.007022
0.542283 0.403689 0.007335
0.553137 0.406370 0.007169
0.563230 0.407303 0.007096
0.572096 0.409423 0.006664
0.584775 0.410467 0.007173
0.594081 0.411800 0.007251
0.605139 0.413075 0.007291
0.615768 0.415130 0.006874
0.236956 0.346369 0.007166
0.248727 0.348048 0.007094
0.259954 0.349462 0.007116
0.269856 0.350825 0.007099
0.278636 0.352329 0.007112
0.289489 0.353340 0.007018
0.301310 0.354907 0.007026
0.311058 0.356210 0.006860
0.320539 0.359246 0.007105
0.332887 0.360261 0.007124
0.343475 0.361708 0.006922
0.354407 0.362306 0.007114
0.367368 0.367160 0.007318
0.374619 0.365698 0.006946
0.383795 0.367778 0.006848
0.394654 0.367772 0.007467
0.406239 0.369327 0.006983
0.417019 0.372260 0.006771
0.425567 0.373501 0.006959
0.437550 0.373135 0.007251
0.446857 0.376336 0.006930
0.457872 0.377298 0.006981
0.469558 0.379023 0.006801
0.479599 0.381043 0.007242
0.489505 0.381496 0.006921
0.500023 0.383489 0.006899
0.510406 0.384578 0.007195
0.520854 0.385918 0.006835
0.530961 0.387263 0.007381
0.542881 0.390188 0.007146
0.553550 0.390632 0.007090
0.564282 0.392427 0.007243
0.573614 0.394104 0.006925
0.584329 0.394687 0.006959
0.594587 0.397041 0.007330
0.604848 0.397871 0.007151
0.616256 0.399112 0.006780
0.238233 0.331330 0.007410
0.249180 0.332863 0.007071
0.259004 0.334012 0.007168
0.270000 0.335996 0.007146
0.280447 0.337854 0.007267
0.291444 0.338712 0.007165
0.300660 0.339662 0.006890
0.312579 0.342402 0.007260
0.321755 0.342750 0.006852
0.331733 0.346195 0.007176
0.343263 0.346194 0.007095
0.353327 0.348157 0.007012
0.365256 0.348725 0.006986
0.373874 0.350134 0.007024
0.385064 0.350801 0.006920
0.396161 0.354203 0.007247
0.406268 0.355848 0.007251
0.416090 0.357429 0.007172
0.426877 0.358050 0.006891
0.438494 0.359828 0.007266
0.448269 0.360275 0.006755
0.459278 0.362238 0.007255
0.469315 0.363241 0.007336
0.479598 0.364952 0.007045
0.489858 0.366460 0.007153
0.500198 0.367792 0.007242
0.511722 0.370000 0.007219
0.521479 0.370923 0.006860
0.532527 0.372934 0.007191
0.541789 0.373892 0.007071
0.553930 0.376615 0.007129
0.563080 0.377121 0.006868
0.574389 0.378372 0.007174
0.584637 0.380751 0.007402
0.238023 0.316780 0.007564
0.249578 0.318070 0.007110
0.258476 0.318487 0.007001
0.269627 0.321365 0.007223
0.280713 0.322387 0.007345
0.290599 0.323989 0.007005
0.300741 0.325306 0.006767
0.312296 0.326604 0.007152
0.322216 0.327456 0.007077
0.333973 0.330095 0.006998
0.342880 0.329713 0.007216
0.354757 0.332960 0.007189
0.364063 0.333053 0.007147
0.375309 0.335554 0.006947
0.385748 0.336654 0.007034
0.396513 0.338179 0.007426
0.406379 0.340817 0.006927
0.417000 0.342098 0.007082
0.427245 0.343295 0.007039
0.437842 0.346507 0.007142
0.448773 0.345190 0.006867
0.458995 0.347566 0.007154
0.469618 0.348477 0.007161
0.480167 0.349636 0.007327
0.500801 0.352599 0.006885
0.510508 0.355511 0.006754
0.522436 0.356189 0.007119
0.531884 0.358549 0.007019
0.543069 0.359635 0.006954
0.553185 0.359858 0.006900
0.564034 0.361702 0.006981
0.574177 0.363971 0.007343
0.585812 0.365886 0.007041
0.595620 0.367388 0.007493
0.605774 0.366852 0.006947
0.617914 0.368955 0.007197
0.239770 0.301362 0.007131
0.248589 0.302563 0.007223
0.261029 0.303534 0.007441
0.265704 0.307502 0.007194
0.280618 0.306565 0.007335
0.291018 0.307977 0.007174
0.302141 0.310500 0.007057
0.312457 0.311112 0.007135
0.322920 0.312586 0.006967
0.333467 0.314487 0.007130
0.343767 0.316312 0.007286
0.354963 0.318694 0.007006
0.364870 0.318965 0.007467
0.374675 0.320407 0.006662
0.385169 0.321159 0.007225
0.397031 0.323637 0.007104
0.407416 0.325294 0.007008
0.417771 0.326632 0.007012
0.428523 0.327529 0.007259
0.438207 0.329131 0.007146
0.447829 0.330469 0.007266
0.459526 0.332280 0.007414
0.469374 0.332326 0.006736
0.481367 0.335079 0.006682
0.490639 0.335620 0.006938
0.501262 0.337439 0.007140
0.511933 0.340301 0.007083
0.522559 0.341160 0.006855
0.533426 0.342726 0.007014
0.542869 0.344528 0.007062
0.554843 0.345349 0.007085
0.564851 0.347116 0.006970
0.574546 0.347606 0.007368
0.584166 0.348666 0.006714
0.595853 0.352119 0.007081
0.606300 0.352009 0.007019
0.616832 0.353793 0.006938
0.239595 0.285513 0.006859
0.249724 0.286696 0.006792
0.260063 0.288724 0.007086
0.271053 0.291567 0.006902
0.281764 0.292242 0.006890
0.292116 0.294105 0.006812
0.301630 0.295701 0.007000
0.312590 0.296326 0.006904
0.321941 0.297949 0.007336
0.333698 0.299354 0.007001
0.344209 0.301013 0.006971
0.354967 0.302477 0.007150
0.365057 0.303464 0.006881
0.375999 0.304837 0.007156
0.386156 0.307068 0.007141
0.396976 0.308291 0.007021
0.406760 0.309828 0.006985
0.417672 0.311921 0.007060
0.428958 0.312104 0.007190
0.438594 0.314746 0.007292
0.449191 0.314757 0.006838
0.458734 0.316764 0.007087
0.469312 0.317514 0.007152
0.480160 0.319826 0.007018
0.491067 0.321915 0.007267
0.502022 0.322155 0.007005
0.512839 0.324773 0.006945
0.522653 0.325576 0.006909
0.533012 0.326171 0.006709
0.543562 0.328421 0.007315
0.554761 0.328763 0.006958
0.563842 0.331101 0.007321
0.574151 0.333120 0.007248
0.585079 0.334238 0.006972
0.595857 0.335617 0.007208
0.606310 0.336901 0.006823
0.616250 0.339458 0.006801
0.239347 0.279347 0.001448
0.241313 0.279827 0.001400
0.243412 0.280114 0.001426
0.245375 0.280339 0.001398
0.247101 0.280652 0.001442
0.249137 0.280708 0.001398
0.253782 0.281565 0.001444
0.255493 0.281568 0.001482
0.257825 0.282235 0.001445
0.259398 0.282400 0.001445
0.261414 0.282602 0.001407
0.263401 0.283022 0.001367
0.265183 0.283019 0.001399
0.267254 0.283419 0.001369
0.268929 0.283718 0.001408
0.273808 0.284288 0.001478
0.275763 0.284591 0.001471
0.277724 0.284815 0.001430
0.279565 0.285200 0.001421
0.239235 0.270850 0.007128
0.250165 0.272056 0.007133
0.260262 0.274584 0.007135
0.271181 0.275486 0.007213
0.281965 0.276323 0.007382
0.292457 0.278783 0.006842
0.302620 0.278281 0.006695
0.313932 0.280931 0.007115
0.323142 0.281517 0.006851
0.333636 0.283761 0.007005
0.344352 0.286207 0.007194
0.354555 0.287205 0.007091
0.364814 0.288357 0.007201
0.376222 0.290790 0.007083
0.387088 0.291320 0.006842
0.397599 0.293908 0.007107
0.406702 0.294112 0.007269
0.417991 0.295085 0.007129
0.431030 0.297029 0.006775
0.438830 0.299152 0.007238
0.449281 0.299541 0.007206
0.459237 0.301504 0.007159
0.470053 0.303833 0.007164
0.480157 0.304596 0.006935
0.490807 0.306214 0.007091
0.502405 0.307598 0.007168
0.512623 0.308913 0.007191
0.523598 0.311632 0.007174
0.532555 0.311737 0.007154
0.543355 0.313838 0.006953
0.554215 0.314650 0.006905
0.564414 0.317673 0.007142
0.574849 0.318318 0.007027
0.586137 0.319305 0.007131
0.596499 0.320537 0.006851
0.606891 0.322471 0.006948
0.616692 0.324439 0.007240
0.239790 0.255366 0.007320
0.249757 0.256419 0.007090
0.261286 0.258837 0.007046
0.271499 0.259718 0.006854
0.281871 0.262888 0.007171
0.292763 0.263946 0.007404
0.303185 0.265153 0.007015
0.313712 0.267434 0.007462
0.323414 0.267198 0.007126
0.333479 0.268452 0.006923
0.344257 0.269679 0.007093
0.354310 0.271049 0.007182
0.365784 0.274076 0.006805
0.375670 0.275016 0.006976
0.387097 0.277044 0.007059
0.398235 0.279094 0.007222
0.407650 0.278345 0.007186
0.417915 0.280426 0.007202
0.429007 0.282862 0.007168
0.440397 0.284567 0.007281
0.449567 0.284577 0.007179
0.461158 0.287004 0.007263
0.469830 0.288754 0.007187
0.480797 0.289371 0.007240
0.491867 0.290838 0.007072
0.502232 0.292444 0.007167
0.513344 0.294082 0.006991
0.523029 0.295839 0.007242
0.533348 0.297183 0.007165
0.544892 0.298636 0.007092
0.554756 0.300008 0.007153
0.565966 0.302393 0.007264
0.575699 0.302887 0.007205
0.585147 0.303746 0.007119
0.596792 0.306674 0.007464
0.605091 0.299624 0.007111
0.617589 0.309168 0.007096
0.240884 0.239616 0.006857
0.250410 0.241448 0.007162
0.262283 0.243345 0.006998
0.271972 0.245837 0.007111
0.282854 0.246239 0.007222
0.292233 0.248575 0.007040
0.303065 0.249568 0.007133
0.313330 0.251103 0.007153
0.324817 0.252839 0.007142
0.335087 0.254081 0.007551
0.343926 0.254956 0.006922
0.355268 0.256413 0.007300
0.366196 0.258456 0.007346
0.376864 0.260460 0.007137
0.386913 0.260483 0.007178
0.397697 0.263427 0.007275
0.408387 0.264321 0.007067
0.418131 0.265520 0.007181
0.429701 0.266929 0.006806
0.439392 0.268407 0.007028
0.450722 0.269997 0.007125
0.460995 0.271271 0.007230
0.471710 0.272511 0.007330
0.481575 0.275455 0.007002
0.492346 0.276278 0.007370
0.502558 0.275311 0.006890
0.513563 0.279183 0.006627
0.522640 0.280042 0.007268
0.534426 0.282307 0.007149
0.544062 0.283304 0.007214
0.555156 0.284394 0.007074
0.564469 0.285660 0.006984
0.576158 0.287814 0.007186
0.585988 0.290462 0.007234
0.596510 0.290032 0.007355
0.607594 0.292694 0.007258
0.617680 0.294626 0.007148
0.240010 0.225494 0.006756
0.251136 0.228087 0.007342
0.262363 0.228753 0.007167
0.272784 0.229571 0.006890
0.282168 0.230454 0.006846
0.292436 0.233065 0.007680
0.303241 0.233868 0.007208
0.314775 0.235802 0.007153
0.323988 0.236961 0.007336
0.335060 0.238760 0.006932
0.345257 0.239640 0.007272
0.354791 0.242020 0.007144
0.366558 0.242309 0.006728
0.376967 0.243821 0.007193
0.386154 0.246567 0.006916
0.397908 0.247021 0.006991
0.408223 0.250255 0.007235
0.418718 0.250684 0.007245
0.429703 0.252203 0.006906
0.438365 0.253741 0.006974
0.450296 0.255880 0.007153
0.461209 0.257986 0.007217
0.470347 0.258270 0.007044
0.481096 0.259251 0.006795
0.492650 0.259907 0.007212
0.503632 0.264232 0.007274
0.512995 0.264317 0.007365
0.524556 0.265729 0.007181
0.534206 0.266208 0.007037
0.545854 0.268215 0.006967
0.555303 0.269480 0.007171
0.566867 0.271272 0.007528
0.575994 0.271567 0.007165
0.586667 0.274517 0.007260
0.597745 0.275552 0.007037
0.607898 0.276177 0.007697
0.619667 0.278898 0.007191
0.240372 0.209835 0.007427
0.252131 0.212523 0.007069
0.262276 0.213244 0.006903
0.273069 0.214138 0.007383
0.282382 0.215016 0.007266
0.293626 0.217729 0.007086
0.304260 0.218878 0.007126
0.314309 0.220144 0.007308
0.325733 0.221793 0.007193
0.334805 0.224211 0.007623
0.345752 0.225844 0.007300
0.356375 0.225407 0.007224
0.367547 0.228229 0.006854
0.377375 0.229527 0.007166
0.387702 0.230466 0.007090
0.398431 0.232855 0.007207
0.408495 0.233989 0.007072
0.419019 0.235838 0.007314
0.429734 0.236971 0.007320
0.440017 0.238576 0.007416
0.449643 0.240749 0.007140
0.461057 0.242072 0.007442
0.471570 0.242980 0.007085
0.481998 0.244656 0.007438
0.492654 0.247204 0.007081
0.502502 0.247680 0.006884
0.512764 0.247642 0.007260
0.523836 0.248934 0.006937
0.534422 0.251691 0.007087
0.545140 0.252576 0.007130
0.555591 0.254598 0.007109
0.566529 0.256191 0.007341
0.577368 0.259204 0.007032
0.587271 0.258749 0.007011
0.597459 0.261563 0.007202
0.607883 0.262375 0.007386
0.619234 0.262720 0.007002
0.241378 0.195019 0.007250
0.251632 0.197485 0.006932
0.262045 0.198655 0.006816
0.276695 0.198387 0.007189
0.241413 0.186831 0.001799
0.244507 0.187393 0.001815
0.247256 0.187706 0.001772
0.249998 0.188119 0.001830
0.253011 0.188270 0.001800
0.255944 0.189251 0.001839
0.258439 0.189384 0.001825
0.261540 0.189566 0.001703
0.264295 0.190438 0.001795
0.270011 0.190714 0.001751
0.273016 0.191418 0.001791
0.275931 0.191728 0.001846
0.278577 0.192066 0.001794
0.281885 0.192688 0.001844
0.284316 0.192991 0.001824
0.287300 0.193408 0.001741
0.290168 0.194016 0.001827
0.293343 0.194243 0.001807
0.295916 0.194639 0.001856
0.301803 0.195362 0.001786
0.304484 0.195832 0.001707
0.307409 0.196242 0.001824
0.310243 0.196778 0.001779
0.239746 0.180016 0.007102
0.250707 0.180461 0.007129
0.263310 0.183444 0.006946
0.273511 0.184363 0.007181
0.283475 0.186841 0.006753
0.294776 0.188055 0.007031
0.303963 0.189241 0.006942
0.315830 0.190948 0.007031
0.325396 0.191962 0.007260
0.335548 0.193815 0.007129
0.346832 0.194635 0.006844
0.356206 0.196573 0.007162
0.366582 0.198718 0.007296
0.377102 0.200511 0.007125
0.389853 0.200770 0.006921
0.398912 0.201973 0.007545
0.409530 0.203834 0.007223
0.420527 0.205615 0.007173
0.429510 0.205676 0.007204
0.440595 0.208202 0.006783
0.451637 0.209376 0.007224
0.461330 0.210114 0.006859
0.472182 0.212032 0.007192
0.482837 0.214564 0.007206
0.492635 0.215568 0.007400
0.502827 0.216782 0.007137
0.515286 0.219748 0.007273
0.525185 0.218838 0.006892
0.534784 0.221696 0.007218
0.546940 0.223663 0.007089
0.557138 0.223951 0.007050
0.566355 0.226669 0.007290
0.578002 0.228176 0.006919
0.598253 0.229755 0.006789
0.608604 0.232423 0.006645
0.620301 0.233993 0.006967
0.241353 0.165103 0.006956
0.253502 0.166789 0.007272
0.263669 0.167620 0.007186
0.272317 0.169560 0.007014
0.284001 0.170467 0.007044
0.294579 0.172250 0.007225
0.305516 0.172954 0.007265
0.315830 0.174967 0.006996
0.326129 0.176449 0.007395
0.336409 0.178812 0.007131
0.345763 0.179866 0.007348
0.357549 0.181449 0.007312
0.368779 0.183885 0.007095
0.378588 0.184152 0.007112
0.388911 0.185223 0.007155
0.399343 0.187249 0.007543
0.408925 0.188402 0.007203
0.420487 0.189408 0.007142
0.430650 0.191335 0.007047
0.441148 0.193902 0.006850
0.451702 0.194017 0.007116
0.462202 0.195918 0.006932
0.472020 0.197526 0.007493
0.483672 0.198997 0.007243
0.493342 0.200346 0.007190
0.504173 0.201822 0.007131
0.514566 0.203668 0.007104
0.526827 0.205391 0.006965
0.535215 0.206536 0.007142
0.546745 0.208536 0.006977
0.556961 0.208711 0.007360
0.568203 0.211252 0.007206
0.578284 0.212889 0.007064
0.587182 0.213724 0.007171
0.599032 0.214626 0.006977
0.608188 0.216787 0.006954
0.620171 0.218959 0.007255
0.242120 0.153472 0.001021
0.243493 0.153538 0.001066
0.244981 0.153761 0.001112
0.246169 0.154034 0.001075
0.247703 0.154219 0.001079
0.249167 0.154329 0.001098
0.250310 0.154451 0.001097
0.251656 0.154565 0.001073
0.253122 0.155018 0.001046
0.254433 0.155102 0.001123
0.258941 0.155742 0.001049
0.260438 0.156016 0.001062
0.261638 0.156203 0.001074
0.263000 0.156380 0.001126
0.264370 0.156435 0.001061
0.265910 0.156774 0.001082
0.267031 0.157009 0.001066
0.242700 0.150889 0.007207
0.252028 0.150350 0.007134
0.262979 0.153803 0.006969
0.273350 0.155314 0.007108
0.284656 0.154948 0.006716
0.295736 0.156786 0.007416
0.305218 0.158763 0.007110
0.315823 0.159772 0.007123
0.326642 0.161090 0.007244
0.337060 0.163609 0.007023
0.345754 0.164295 0.006986
0.356867 0.167438 0.007090
0.367884 0.167012 0.007074
0.378720 0.170095 0.006685
0.387074 0.170248 0.007070
0.399919 0.171721 0.007160
0.411006 0.172386 0.007120
0.421115 0.175040 0.007154
0.432333 0.176164 0.007130
0.442136 0.177209 0.007185
0.451400 0.179528 0.007069
0.463285 0.179708 0.007498
0.473056 0.182978 0.006959
0.483920 0.183456 0.007408
0.493862 0.186666 0.007331
0.503948 0.186996 0.006951
0.515054 0.187101 0.007038
0.525974 0.189430 0.007229
0.536716 0.191315 0.007060
0.546235 0.193225 0.006827
0.557861 0.195341 0.007102
0.567175 0.195525 0.006923
0.577978 0.197165 0.007097
0.588123 0.198465 0.006756
0.599027 0.200425 0.007239
0.609773 0.201294 0.006806
0.620649 0.202348 0.007239
0.242119 0.134665 0.007172
0.253400 0.136193 0.007025
0.263601 0.138320 0.007136
0.273842 0.138860 0.007385
0.283962 0.139735 0.007033
0.295171 0.142357 0.007339
0.306169 0.143554 0.007102
0.315466 0.145681 0.007076
0.326447 0.147533 0.007303
0.336883 0.147841 0.006857
0.347780 0.149946 0.007050
0.357587 0.150158 0.007162
0.369086 0.152967 0.007437
0.379494 0.155112 0.007226
0.389757 0.156555 0.007303
0.400206 0.157211 0.007014
0.409875 0.158203 0.006842
0.420526 0.159906 0.007246
0.431719 0.160457 0.007100
0.441768 0.162664 0.006968
0.452655 0.163609 0.006989
0.461600 0.166911 0.006977
0.473163 0.167619 0.006897
0.483323 0.170060 0.007355
0.493935 0.169793 0.007143
0.503858 0.172491 0.006994
0.515157 0.172285 0.007119
0.525830 0.174023 0.007129
0.535655 0.176671 0.007256
0.547259 0.178082 0.007024
0.557389 0.178395 0.007318
0.567201 0.180010 0.007226
0.578690 0.182086 0.006796
0.589164 0.184568 0.007125
0.599102 0.185228 0.007096
0.609024 0.187268 0.006891
0.620757 0.187627 0.006803
0.242477 0.123883 0.002715
0.246793 0.124732 0.002543
0.250819 0.125103 0.002456
0.243119 0.118985 0.006967
0.252551 0.120923 0.007023
0.263417 0.122541 0.007029
0.273094 0.123319 0.007537
0.285398 0.126362 0.007094
0.295053 0.126576 0.007262
0.305390 0.129112 0.007027
0.315836 0.128586 0.007339
0.327419 0.131929 0.007125
0.338173 0.132818 0.007385
0.347166 0.134047 0.006933
0.358156 0.135970 0.007226
0.369293 0.138067 0.007204
0.379439 0.138969 0.007127
0.388412 0.140522 0.006927
0.400137 0.141602 0.006837
0.411521 0.144091 0.007173
0.421147 0.143706 0.006936
0.431431 0.145580 0.007062
0.435539 0.148545 0.007120
0.452789 0.149437 0.007119
0.462879 0.150185 0.006942
0.474086 0.153349 0.007227
0.483287 0.152502 0.006840
0.494170 0.155692 0.007069
0.505673 0.156632 0.007230
0.515154 0.157780 0.006979
0.526545 0.158420 0.007118
0.537028 0.161085 0.007237
0.547142 0.162049 0.007093
0.556888 0.163981 0.007088
0.568027 0.165066 0.007447
0.578213 0.166897 0.007154
0.589773 0.168786 0.007312
0.598899 0.169393 0.006808
0.610145 0.170739 0.007316
0.621030 0.172636 0.007163
0.243113 0.109785 0.000988
0.244524 0.109978 0.000945
0.246096 0.110317 0.000984
0.247739 0.110386 0.000957
0.249197 0.110774 0.000981
0.250720 0.110921 0.000975
0.252158 0.111173 0.000958
0.253830 0.111476 0.000975
0.255387 0.111361 0.000997
0.257002 0.111805 0.000983
0.260148 0.112313 0.000964
0.261685 0.112355 0.001006
0.263237 0.112713 0.000952
0.264736 0.112962 0.001000
0.266228 0.112956 0.000978
0.268029 0.113330 0.000976
0.269564 0.113522 0.001025
0.270812 0.113823 0.000997
0.272541 0.114078 0.000969
0.274022 0.114055 0.000954
0.242139 0.104378 0.007194
0.253058 0.106298 0.007200
0.263867 0.107230 0.007023
0.274175 0.108341 0.007107
0.284392 0.110359 0.006999
0.296003 0.111968 0.007127
0.306146 0.113238 0.007019
0.315344 0.114637 0.007348
0.327012 0.116240 0.007249
0.337341 0.117425 0.007451
0.348175 0.119456 0.007279
0.358706 0.119712 0.007161
0.367707 0.121345 0.007243
0.379832 0.124781 0.006977
0.389739 0.125564 0.007147
0.400660 0.127568 0.007013
0.410586 0.128099 0.007354
0.421685 0.128425 0.007150
0.432052 0.131742 0.007048
0.442057 0.132012 0.007199
0.453261 0.134261 0.006807
0.462705 0.135184 0.007161
0.473889 0.137162 0.007275
0.484397 0.138110 0.007043
0.495644 0.139678 0.007100
0.505283 0.140516 0.007502
0.515888 0.143319 0.006955
0.526585 0.144559 0.007266
0.537129 0.145620 0.007198
0.547101 0.147422 0.007448
0.557229 0.148539 0.007042
0.568422 0.150252 0.007258
0.579881 0.153165 0.006814
0.589053 0.153743 0.006994
0.599942 0.154502 0.007132
0.610091 0.155899 0.007133
0.620906 0.158461 0.007394
0.243892 0.090554 0.007087
0.254658 0.090696 0.007371
0.264048 0.092415 0.007495
0.273835 0.094411 0.007022
0.285205 0.095638 0.006888
0.294885 0.096779 0.006908
0.306045 0.098319 0.007196
0.316348 0.099437 0.006924
0.327303 0.100969 0.007268
0.337143 0.102758 0.007197
0.347539 0.104224 0.007066
0.359427 0.105921 0.006970
0.368784 0.106880 0.007227
0.379515 0.107216 0.007235
0.390404 0.110701 0.006857
0.402339 0.112374 0.007494
0.410934 0.112509 0.007143
0.422281 0.114895 0.007502
0.432410 0.115916 0.007182
0.441862 0.117423 0.007003
0.453677 0.118676 0.007270
0.464282 0.119697 0.006861
0.473302 0.122171 0.006930
0.483849 0.123856 0.007024
0.495299 0.125101 0.006947
0.506176 0.125791 0.007363
0.517034 0.127708 0.006935
0.526916 0.129775 0.006914
0.538087 0.130900 0.006912
0.547596 0.130638 0.007438
0.559222 0.133185 0.006636
0.569089 0.135216 0.006879
0.580090 0.136619 0.007189
0.588952 0.138434 0.007256
0.599282 0.139668 0.006699
0.609974 0.140971 0.007119
0.620533 0.143205 0.007271
0.243573 0.073762 0.007093
0.254386 0.075722 0.007108
0.264870 0.077124 0.007366
0.275938 0.078548 0.007298
0.285158 0.078845 0.007247
0.295491 0.082734 0.007212
0.305830 0.083847 0.006916
0.318124 0.084786 0.007066
0.326855 0.085691 0.007481
0.338873 0.088232 0.007582
0.348297 0.089469 0.007806
0.359154 0.090504 0.006904
0.369547 0.092264 0.007009
0.380095 0.093826 0.007053
0.389709 0.095428 0.007264
0.401973 0.096998 0.007623
0.410463 0.096659 0.007181
0.431849 0.101537 0.007140
0.443786 0.102370 0.007202
0.453697 0.103325 0.006736
0.465104 0.105747 0.006913
0.474484 0.106322 0.007545
0.484697 0.108452 0.007005
0.495458 0.109592 0.007144
0.505872 0.111641 0.007026
0.516959 0.113839 0.007090
0.526526 0.113668 0.007215
0.537264 0.116391 0.007141
0.547226 0.117481 0.006890
0.559310 0.119330 0.006828
0.569614 0.119438 0.007027
0.579671 0.121902 0.007019
0.589937 0.121721 0.006934
0.600163 0.124765 0.006976
0.610225 0.126544 0.006789
0.620789 0.126989 0.006877
0.243778 0.066258 0.001678
0.243049 0.063603 0.001609
0.248709 0.066882 0.001687
0.251272 0.067201 0.001659
0.253762 0.067516 0.001628
0.256421 0.067925 0.001679
0.261434 0.068930 0.001663
0.263923 0.068889 0.001660
0.266316 0.069483 0.001700
0.268999 0.069669 0.001708
0.271442 0.070091 0.001671
0.273398 0.070452 0.001701
0.244097 0.058424 0.006992
0.254088 0.060241 0.007168
0.265106 0.061884 0.006842
0.274708 0.063157 0.006923
0.286278 0.064545 0.007049
0.296149 0.066970 0.007350
0.306000 0.067165 0.006988
0.317853 0.069210 0.007183
0.328543 0.070914 0.007255
0.338666 0.072440 0.007201
0.348661 0.074403 0.007110
0.359090 0.076062 0.007040
0.370402 0.076281 0.007407
0.380664 0.078631 0.007248
0.390330 0.080046 0.007076
0.402400 0.081060 0.006984
0.411684 0.082281 0.007158
0.422652 0.084322 0.007142
0.432809 0.085700 0.007101
0.443449 0.086871 0.006967
0.454144 0.088551 0.007318
0.463852 0.090721 0.007501
0.474462 0.091613 0.007196
0.485368 0.091252 0.007489
0.495561 0.093905 0.007069
0.505610 0.096275 0.007198
0.515976 0.097277 0.007085
0.528127 0.100064 0.006921
0.537963 0.099932 0.007177
0.547428 0.102495 0.007486
0.558112 0.102879 0.007278
0.569359 0.104249 0.007425
0.579249 0.106556 0.007066
0.589618 0.108659 0.006972
0.600919 0.109425 0.006708
0.611324 0.110135 0.006950
0.622967 0.111741 0.007069
0.244317 0.044045 0.007036
0.254978 0.045973 0.006865
0.265245 0.048015 0.006898
0.273996 0.047822 0.007019
0.286904 0.050291 0.007455
0.298065 0.051703 0.007029
0.307970 0.052673 0.007117
0.317613 0.054833 0.007320
0.329555 0.056058 0.007114
0.339311 0.056693 0.007155
0.349584 0.058646 0.007269
0.360580 0.060662 0.007053
0.369958 0.060466 0.007340
0.379880 0.063448 0.007380
0.391593 0.064724 0.006896
0.402468 0.066564 0.007134
0.412842 0.067734 0.007248
0.421251 0.069062 0.007174
0.433326 0.070694 0.007041
0.443464 0.071482 0.006972
0.454095 0.073581 0.007398
0.465037 0.074343 0.007122
0.475351 0.075559 0.006825
0.485023 0.077258 0.007212
0.496353 0.079853 0.007315
0.507409 0.080194 0.006974
0.518077 0.082343 0.007005
0.527343 0.084790 0.007274
0.538365 0.084583 0.007315
0.548363 0.086948 0.006960
0.558540 0.087873 0.007001
0.569767 0.089583 0.007230
0.579284 0.092176 0.007009
0.590844 0.092655 0.007019
0.600465 0.094765 0.006977
0.610968 0.096272 0.007004
0.622421 0.097484 0.007240
0.721002 0.425813 0.003869
0.729534 0.424762 0.004882
0.738034 0.424259 0.004115
0.746464 0.423104 0.004612
0.754901 0.421982 0.003219
0.763878 0.420837 0.003832
0.771714 0.420325 0.005150
0.780947 0.418893 0.004013
0.789610 0.417979 0.003357
0.797775 0.417289 0.004536
0.806455 0.415982 0.004503
0.721829 0.416767 0.004362
0.729982 0.415006 0.003231
0.739376 0.414378 0.004744
0.747396 0.413572 0.003755
0.755558 0.411761 0.004457
0.764876 0.411068 0.003791
0.772797 0.409914 0.003638
0.781996 0.409286 0.005238
0.790150 0.408020 0.003161
0.799025 0.406667 0.004192
0.806672 0.405484 0.005687
0.723198 0.405204 0.005398
0.731612 0.405081 0.004595
0.740276 0.403833 0.004861
0.749431 0.403220 0.004934
0.756590 0.401472 0.004807
0.765817 0.400268 0.004878
0.774194 0.400433 0.004316
0.782891 0.398665 0.004833
0.791577 0.397403 0.003127
0.799525 0.397154 0.002891
0.808555 0.395642 0.004213
0.723991 0.395008 0.004024
0.732261 0.394727 0.004197
0.741452 0.393851 0.004582
0.749417 0.392447 0.003780
0.758234 0.391538 0.005121
0.774901 0.389599 0.004094
0.783120 0.388659 0.004273
0.792859 0.387250 0.003845
0.800628 0.386236 0.003700
0.808766 0.385415 0.005064
0.724359 0.386709 0.006033
0.733199 0.384584 0.004312
0.741654 0.383000 0.004122
0.750140 0.382513 0.004915
0.758868 0.381247 0.003577
0.775827 0.379600 0.005006
0.784472 0.378094 0.004217
0.793428 0.377363 0.003105
0.802189 0.376047 0.003810
0.810808 0.374589 0.005651
0.725549 0.375462 0.003582
0.734442 0.374600 0.003935
0.743457 0.373987 0.006247
0.751990 0.371915 0.005469
0.760152 0.370645 0.004949
0.768489 0.371036 0.005736
0.777405 0.369171 0.004536
0.786472 0.368426 0.004164
0.793811 0.367712 0.006056
0.802331 0.366037 0.004663
0.811770 0.364706 0.003363
0.727399 0.365270 0.005132
0.735441 0.364728 0.004623
0.743864 0.363045 0.004495
0.752513 0.362137 0.004678
0.760931 0.361277 0.004565
0.769821 0.359927 0.003598
0.778404 0.359389 0.003709
0.786591 0.358478 0.003465
0.790960 0.357292 0.005799
0.803691 0.355695 0.005313
0.040775 0.285780 0.001359
0.043455 0.285130 0.001346
0.046060 0.284690 0.001292
0.048442 0.283826 0.001311
0.051245 0.283260 0.001321
0.053811 0.282549 0.001324
0.056456 0.282014 0.001329
0.058882 0.281329 0.001341
0.061513 0.280675 0.001343
0.064091 0.279985 0.001286
0.066624 0.279459 0.001342
0.069361 0.279130 0.001321
0.039079 0.279845 0.001332
0.041929 0.279448 0.001318
0.044454 0.278657 0.001363
0.047131 0.278084 0.001349
0.049726 0.277469 0.001312
0.052364 0.276880 0.001347
0.054965 0.276317 0.001357
0.057488 0.275601 0.001339
0.060133 0.275172 0.001337
0.062799 0.274393 0.001325
0.065311 0.273772 0.001328
0.067667 0.273036 0.001325
0.037874 0.274133 0.001371
0.040253 0.273512 0.001314
0.043129 0.272868 0.001332
0.045503 0.272346 0.001332
0.048398 0.271754 0.001331
0.050635 0.271214 0.001320
0.053372 0.270299 0.001308
0.055864 0.269812 0.001322
0.058585 0.269164 0.001337
0.061141 0.268541 0.001326
0.063817 0.267937 0.001331
0.066272 0.267249 0.001340
0.036330 0.268554 0.001356
0.038917 0.267704 0.001335
0.041512 0.267092 0.001330
0.044116 0.266530 0.001323
0.046555 0.265720 0.001328
0.049224 0.265210 0.001338
0.051805 0.264613 0.001333
0.054444 0.263933 0.001339
0.057030 0.263178 0.001346
0.059761 0.262962 0.001297
0.062257 0.262271 0.001340
0.064803 0.261606 0.001328
0.801068 0.251498 0.001442
0.803018 0.252226 0.001506
0.805046 0.252403 0.001356
0.807170 0.252708 0.001367
0.809532 0.253096 0.001360
0.811884 0.253727 0.001506
0.813863 0.253403 0.001568
0.815681 0.253285 0.001231
0.800595 0.247222 0.001107
0.803011 0.247755 0.001565
0.804925 0.248405 0.001370
0.807254 0.249225 0.001168
0.809421 0.249155 0.001191
0.811177 0.249683 0.001405
0.813278 0.249639 0.001350
0.815325 0.249072 0.001443
0.800172 0.243100 0.001190
0.802403 0.243612 0.001528
0.804068 0.244028 0.001407
0.806810 0.244732 0.001457
0.808847 0.245303 0.001566
0.810960 0.245233 0.001433
0.813014 0.245732 0.001320
0.814782 0.245216 0.001459
0.798867 0.238716 0.001439
0.801153 0.239319 0.001245
0.803009 0.239502 0.001191
0.805677 0.240700 0.001408
0.807387 0.240564 0.001264
0.809505 0.240927 0.001413
0.811942 0.240951 0.001405
0.814321 0.241305 0.001272
0.720537 0.499627 0.002786
0.725023 0.499152 0.002814
0.729928 0.498829 0.002718
0.734198 0.498784 0.002438
0.738430 0.498942 0.002772
0.743416 0.498972 0.002517
0.748068 0.498899 0.002763
0.752533 0.498913 0.002754
0.756995 0.499162 0.002724
0.761228 0.499198 0.002736
0.766182 0.499525 0.002548
0.774426 0.500435 0.002807
0.775526 0.499276 0.002614
0.780096 0.499120 0.002639
0.784154 0.499327 0.002792
0.788755 0.499139 0.002682
0.793480 0.498703 0.002551
0.797807 0.499112 0.002586
0.802177 0.499304 0.002889
0.720428 0.488727 0.002599
0.725045 0.489134 0.002642
0.729909 0.489111 0.002653
0.734489 0.488961 0.002796
0.738948 0.488616 0.002700
0.743496 0.489252 0.002678
0.747907 0.489358 0.002662
0.752545 0.489128 0.002857
0.757390 0.488956 0.002835
0.761869 0.488965 0.002658
0.766057 0.488787 0.002607
0.770517 0.488711 0.002669
0.775086 0.488418 0.002666
0.780039 0.488680 0.002729
0.784313 0.488935 0.002742
0.788872 0.489403 0.002795
0.793389 0.489156 0.002505
0.797852 0.489127 0.002637
0.802665 0.488858 0.002642
0.720519 0.478774 0.002614
0.725393 0.479118 0.002853
0.729324 0.479095 0.002696
0.734491 0.478717 0.002708
0.738897 0.478830 0.002698
0.743259 0.479070 0.002523
0.748052 0.479330 0.002809
0.752571 0.478997 0.002704
0.757030 0.479331 0.002767
0.761734 0.479574 0.002524
0.765650 0.478386 0.002701
0.770861 0.478487 0.002659
0.775487 0.478815 0.002609
0.779729 0.478776 0.002977
0.784576 0.478780 0.002685
0.789116 0.478289 0.002796
0.793602 0.478714 0.002456
0.797976 0.478595 0.002720
0.802334 0.478919 0.002647
0.720296 0.468641 0.002632
0.725155 0.468752 0.002805
0.729890 0.468712 0.002569
0.733980 0.469185 0.002629
0.739026 0.469160 0.002622
0.743525 0.468702 0.002876
0.747878 0.468825 0.002806
0.752686 0.469038 0.002613
0.756870 0.468702 0.002519
0.761571 0.468695 0.002837
0.765878 0.468555 0.002496
0.770757 0.468696 0.002550
0.775226 0.468804 0.002572
0.779870 0.468472 0.002611
0.784289 0.468607 0.002719
0.788709 0.468830 0.002789
0.793816 0.468337 0.002590
0.797733 0.468947 0.002634
0.802324 0.468563 0.002706
0.720497 0.458626 0.002467
0.725173 0.458285 0.002724
0.729622 0.458757 0.002651
0.734522 0.458804 0.002543
0.738936 0.458550 0.002783
0.743598 0.458789 0.002568
0.748261 0.458719 0.002720
0.751840 0.459072 0.002806
0.757110 0.458918 0.002651
0.761798 0.458397 0.002533
0.766136 0.458469 0.002607
0.771015 0.458395 0.002627
0.775396 0.458574 0.002592
0.779993 0.459008 0.002690
0.784294 0.459139 0.002885
0.788643 0.458621 0.003011
0.793281 0.458036 0.002734
0.798159 0.458590 0.002624
0.802247 0.458228 0.002804
0.720140 0.448549 0.002712
0.725543 0.448259 0.002860
0.729065 0.448190 0.002523
0.734218 0.448541 0.002672
0.738962 0.448533 0.002788
0.742991 0.448174 0.002572
0.747295 0.448397 0.002638
0.751984 0.448683 0.002627
0.757093 0.448434 0.002809
0.761968 0.448725 0.002489
0.766438 0.448044 0.002835
0.770966 0.448587 0.002642
0.775228 0.448747 0.002734
0.779589 0.448634 0.002906
0.784067 0.448438 0.002656
0.788914 0.448504 0.002751
0.793489 0.448640 0.002640
0.797616 0.449039 0.002663
0.802264 0.448190 0.002551
0.720193 0.437771 0.002718
0.724902 0.438432 0.002679
0.729774 0.438318 0.002935
0.734122 0.437807 0.002741
0.738425 0.438039 0.002461
0.743358 0.438743 0.002814
0.748028 0.438322 0.002627
0.752450 0.438416 0.002665
0.757364 0.438581 0.002563
0.761578 0.438489 0.002491
0.766252 0.438376 0.002784
0.770601 0.438693 0.002455
0.775486 0.438398 0.002835
0.779780 0.438114 0.002728
0.784026 0.438181 0.002774
0.789026 0.438445 0.002381
0.793134 0.438594 0.002499
0.798042 0.438513 0.002733
0.802482 0.438258 0.002713
0.875286 0.141175 0.008858
0.875486 0.155570 0.008901
0.876421 0.170921 0.009769
0.874358 0.185962 0.008514
0.875844 0.199610 0.008549
0.871440 0.216298 0.009060
0.871078 0.228894 0.008878
0.866562 0.246374 0.008481
0.865246 0.259042 0.008741
0.862125 0.272840 0.009298
0.856547 0.288564 0.008459
0.853025 0.304080 0.009211
0.849558 0.316678 0.008215
0.844366 0.331568 0.009449
0.839595 0.346863 0.008205
0.836041 0.364035 0.008994
0.917469 0.136449 0.008763
0.914502 0.153863 0.008124
0.915121 0.168028 0.008884
0.913796 0.185599 0.010337
0.912126 0.200278 0.009171
0.911340 0.215615 0.008734
0.910012 0.231982 0.008391
0.906214 0.244019 0.008907
0.904114 0.258781 0.008663
0.899486 0.272161 0.008517
0.896751 0.287800 0.008275
0.890870 0.302625 0.009324
0.887693 0.316858 0.008760
0.882258 0.330369 0.008060
0.879329 0.345489 0.008264
0.874275 0.360835 0.008887
0.108636 0.436580 0.008365
0.121523 0.438033 0.011412
0.132921 0.438436 0.011773
0.147438 0.440845 0.012454
0.158351 0.441941 0.008932
0.168738 0.441862 0.012364
0.182862 0.443420 0.011303
0.193940 0.446296 0.008235
0.205715 0.447254 0.011668
0.218683 0.448405 0.008949
0.232828 0.449429 0.012493
0.242475 0.448914 0.009625
0.254081 0.448302 0.009470
0.266376 0.445489 0.009992
0.280373 0.443948 0.010212
0.290447 0.443605 0.013366
0.302218 0.441430 0.012694
0.178762 0.421966 0.009129
0.192085 0.421120 0.010386
0.203772 0.424348 0.015560
0.216581 0.422771 0.011127
0.228468 0.427015 0.011971
0.241193 0.425706 0.012926
0.253406 0.425356 0.010117
0.264647 0.423153 0.010170
0.277418 0.421693 0.008577
0.287381 0.419243 0.012730
0.302732 0.417282 0.011245
0.107990 0.390703 0.010535
0.118428 0.390631 0.008796
0.130059 0.390975 0.011360
0.142275 0.392521 0.008941
0.153759 0.393618 0.011967
0.166768 0.395278 0.011072
0.178764 0.396901 0.006609
0.191219 0.399293 0.010342
0.201970 0.399665 0.010858
0.214697 0.401725 0.010482
0.225531 0.401929 0.012562
0.239074 0.402408 0.010112
0.250193 0.398964 0.013343
0.263896 0.401112 0.011877
0.275222 0.398195 0.009494
0.288129 0.397086 0.010450
0.300579 0.395657 0.012950
