0.447129 0.343536 0.006097
0.455985 0.343418 0.005860
0.465396 0.342430 0.006452
0.473866 0.343454 0.005871
0.482805 0.342649 0.006376
0.492429 0.342950 0.005965
0.501756 0.342834 0.006452
0.511099 0.341425 0.006500
0.526072 0.343931 0.007006
0.529435 0.341402 0.005638
0.539381 0.340086 0.006136
0.548937 0.340359 0.006362
0.558095 0.338508 0.006020
0.567054 0.338770 0.006815
0.576277 0.337993 0.006065
0.585885 0.337568 0.006510
0.594805 0.337375 0.006213
0.605305 0.338026 0.006137
0.613491 0.336210 0.006042
0.622223 0.335279 0.006448
0.632056 0.336836 0.006259
0.642224 0.337009 0.005541
0.650608 0.336398 0.005740
0.659860 0.335794 0.006283
0.669289 0.337100 0.005804
0.678340 0.337588 0.007209
0.687958 0.338240 0.006205
0.697271 0.338421 0.006003
0.706641 0.339227 0.006466
0.716374 0.339342 0.005835
0.726067 0.340092 0.006042
0.443598 0.326459 0.006521
0.451874 0.327011 0.006402
0.461915 0.326579 0.005814
0.471978 0.326327 0.005873
0.481272 0.326774 0.005921
0.489682 0.326548 0.005517
0.499538 0.326260 0.006014
0.508925 0.326176 0.006302
0.518048 0.325168 0.006187
0.526905 0.324436 0.006602
0.535986 0.324205 0.006876
0.546313 0.322800 0.005690
0.556080 0.323090 0.006875
0.564063 0.321216 0.006418
0.578045 0.322520 0.006312
0.582337 0.321639 0.006171
0.594070 0.317541 0.006596
0.601441 0.320898 0.006186
0.611105 0.321010 0.006819
0.620483 0.319713 0.005804
0.629883 0.319492 0.005666
0.639321 0.319609 0.006710
0.648541 0.320622 0.005841
0.657953 0.320800 0.006004
0.667524 0.320417 0.005697
0.676704 0.321242 0.006223
0.680575 0.325920 0.006722
0.695524 0.322804 0.005896
0.704388 0.321983 0.006996
0.713552 0.324461 0.006096
0.722700 0.323841 0.006649
0.441746 0.315795 0.001503
0.446063 0.315837 0.001374
0.450565 0.316067 0.001416
0.457224 0.316064 0.001608
0.461907 0.316216 0.001489
0.466204 0.316053 0.001625
0.470626 0.315982 0.001498
0.475189 0.316122 0.001601
0.479593 0.315877 0.001453
0.484191 0.315749 0.001562
0.488744 0.315612 0.001616
0.492960 0.315703 0.001506
0.499732 0.315219 0.001439
0.504217 0.315261 0.001664
0.440732 0.310384 0.006230
0.450536 0.310864 0.005779
0.458655 0.310220 0.006591
0.469067 0.311008 0.006607
0.477854 0.310615 0.005915
0.486445 0.310462 0.005874
0.496851 0.310068 0.005584
0.505873 0.308892 0.005831
0.515666 0.309127 0.005526
0.524175 0.308327 0.006423
0.534130 0.308095 0.006684
0.543256 0.307358 0.006120
0.552113 0.306189 0.005992
0.561695 0.305445 0.006309
0.570563 0.304939 0.006023
0.580197 0.305035 0.005399
0.589747 0.305506 0.005832
0.600018 0.303587 0.005878
0.608138 0.303469 0.006232
0.617139 0.303197 0.006046
0.627303 0.303742 0.006331
0.635908 0.302699 0.006026
0.644567 0.303694 0.005762
0.656095 0.304298 0.006930
0.664061 0.305006 0.006173
0.672366 0.304343 0.006212
0.683754 0.305501 0.006210
0.691871 0.305884 0.005030
0.701188 0.306510 0.006022
0.710671 0.306575 0.006201
0.719238 0.307736 0.006192
0.438561 0.295341 0.006082
0.447383 0.294497 0.006050
0.456927 0.295003 0.005953
0.466235 0.294781 0.006269
0.474889 0.294821 0.006357
0.484582 0.294779 0.006842
0.493824 0.293660 0.005774
0.502871 0.293061 0.006953
0.512105 0.293242 0.006850
0.521987 0.293126 0.006439
0.531580 0.292715 0.006198
0.540809 0.291716 0.005758
0.558992 0.289881 0.005855
0.568855 0.288844 0.006154
0.577606 0.288194 0.006659
0.587185 0.288119 0.005827
0.595580 0.288270 0.006282
0.604718 0.288638 0.006483
0.615294 0.288361 0.005980
0.624524 0.287720 0.005659
0.634386 0.287510 0.006454
0.642092 0.288392 0.006637
0.652157 0.288011 0.005629
0.661832 0.289189 0.005887
0.671544 0.289692 0.006076
0.680344 0.289575 0.006221
0.689051 0.290530 0.006697
0.698516 0.290634 0.005961
0.707228 0.291735 0.006543
0.717138 0.291496 0.006343
0.435077 0.279991 0.005991
0.446248 0.280586 0.005929
0.454634 0.280611 0.005937
0.463969 0.280788 0.006170
0.472649 0.280680 0.005819
0.482587 0.280305 0.006040
0.491443 0.279921 0.005954
0.501057 0.279153 0.005904
0.510797 0.279679 0.005975
0.522427 0.274382 0.005964
0.528568 0.278304 0.005865
0.538751 0.276888 0.005948
0.548030 0.276248 0.006390
0.556482 0.275074 0.005761
0.566180 0.274727 0.006562
0.575452 0.274484 0.006157
0.584884 0.273589 0.005823
0.593882 0.273190 0.006045
0.604031 0.272920 0.006327
0.612711 0.273345 0.006128
0.621628 0.273001 0.006054
0.631120 0.272584 0.007254
0.640972 0.273857 0.006598
0.658493 0.273656 0.005534
0.667805 0.273929 0.006337
0.677366 0.274106 0.006839
0.687078 0.274746 0.006589
0.695215 0.275498 0.006232
0.705866 0.276389 0.006532
0.715939 0.277125 0.005218
0.434463 0.270119 0.006065
0.443830 0.270472 0.006203
0.452911 0.270666 0.006579
0.462468 0.270356 0.006449
0.471316 0.270028 0.005443
0.480706 0.269607 0.006704
0.490533 0.269237 0.006398
0.499473 0.268502 0.005405
0.509417 0.268166 0.005876
0.518557 0.267439 0.006569
0.527741 0.266406 0.005957
0.537006 0.265673 0.006837
0.546098 0.265130 0.006129
0.555698 0.264204 0.005455
0.564465 0.263569 0.006436
0.573642 0.262318 0.006114
0.583312 0.262312 0.006480
0.592225 0.261592 0.005790
0.611544 0.261098 0.005303
0.620831 0.261255 0.006286
0.629013 0.260896 0.006192
0.638419 0.260652 0.005920
0.648666 0.261157 0.006176
0.658428 0.261994 0.006225
0.666849 0.261618 0.006235
0.675653 0.261658 0.006580
0.685715 0.262188 0.006040
0.695248 0.263411 0.005708
0.704003 0.263928 0.006106
0.712991 0.264304 0.006104
0.433688 0.262928 0.005177
0.443377 0.262952 0.005690
0.452674 0.262873 0.005784
0.462422 0.262789 0.006366
0.470901 0.262812 0.006129
0.480386 0.262116 0.006643
0.489398 0.261799 0.005625
0.499815 0.260558 0.006418
0.508305 0.260111 0.006297
0.517682 0.259142 0.006399
0.526731 0.258854 0.005885
0.536656 0.257901 0.006364
0.546049 0.257130 0.006197
0.554539 0.255955 0.005886
0.564083 0.255740 0.006303
0.573104 0.255065 0.005882
0.582933 0.254353 0.006573
0.592593 0.253287 0.006265
0.600987 0.253021 0.006780
0.610180 0.252850 0.005321
0.619636 0.252831 0.005982
0.629847 0.252424 0.005557
0.638719 0.252571 0.006450
0.648477 0.252318 0.006165
0.656522 0.252845 0.006226
0.665802 0.253377 0.006626
0.675641 0.253451 0.005963
0.684604 0.253427 0.006174
0.693838 0.254644 0.006584
0.703324 0.254495 0.005606
0.712577 0.254950 0.006443
0.433989 0.257520 0.005822
0.442301 0.252227 0.005817
0.451515 0.252642 0.006594
0.461560 0.252918 0.005273
0.470824 0.252587 0.006174
0.480334 0.251971 0.005544
0.488251 0.251157 0.006764
0.498534 0.250772 0.006143
0.507848 0.250508 0.005932
0.517411 0.250422 0.005949
0.525739 0.249290 0.006050
0.535920 0.249295 0.006356
0.545413 0.247661 0.006213
0.554888 0.247034 0.006151
0.563012 0.247196 0.006601
0.573282 0.246129 0.005563
0.581571 0.245893 0.005870
0.590226 0.245437 0.006256
0.600848 0.245097 0.005909
0.609580 0.244553 0.006457
0.619374 0.244094 0.005744
0.628280 0.245114 0.007053
0.637857 0.244237 0.005866
0.646982 0.244601 0.005542
0.656548 0.244462 0.006582
0.665466 0.245605 0.005790
0.675263 0.245458 0.006634
0.684532 0.245687 0.006659
0.694370 0.246771 0.006219
0.703801 0.246848 0.006061
0.712218 0.247509 0.006265
0.431883 0.233516 0.006646
0.441759 0.233111 0.005984
0.451108 0.235110 0.005731
0.460672 0.233832 0.006587
0.469352 0.234461 0.006241
0.478432 0.234306 0.006299
0.487846 0.233263 0.005281
0.497476 0.233540 0.005923
0.506759 0.234346 0.006393
0.516148 0.232937 0.006173
0.525106 0.231959 0.005992
0.534817 0.231499 0.006121
0.544247 0.231103 0.005418
0.553924 0.229915 0.005708
0.562922 0.230291 0.006680
0.572367 0.228444 0.005581
0.581327 0.230148 0.006260
0.590804 0.230255 0.005975
0.600468 0.228621 0.006185
0.609284 0.229254 0.006435
0.619200 0.229018 0.006108
0.628210 0.229753 0.006354
0.637476 0.228714 0.006526
0.646047 0.230503 0.006632
0.656475 0.230682 0.005690
0.665692 0.230617 0.006391
0.674860 0.230963 0.005319
0.683813 0.232202 0.005853
0.693428 0.233048 0.006332
0.701793 0.233853 0.006204
0.712115 0.234140 0.006532
0.432390 0.212053 0.005972
0.441752 0.213001 0.006158
0.451075 0.212893 0.006444
0.459729 0.213189 0.006933
0.469885 0.212976 0.006041
0.479498 0.213123 0.006200
0.487782 0.212718 0.006185
0.497813 0.212184 0.006196
0.506613 0.211964 0.005756
0.515881 0.211498 0.006216
0.525466 0.211485 0.006473
0.534340 0.210719 0.006166
0.544350 0.210173 0.006653
0.553340 0.209898 0.005807
0.563660 0.209461 0.006078
0.572017 0.209164 0.006814
0.580811 0.209358 0.005754
0.590254 0.208541 0.005910
0.600410 0.208932 0.006518
0.610394 0.209115 0.006009
0.618471 0.209210 0.006471
0.627504 0.208879 0.006283
0.637484 0.209274 0.005557
0.645906 0.209788 0.005967
0.656045 0.210600 0.005870
0.665588 0.211467 0.005890
0.674150 0.211582 0.005657
0.683261 0.212057 0.005857
0.692935 0.213261 0.006450
0.702318 0.213818 0.006526
0.711317 0.214903 0.006321
0.431305 0.230965 0.006361
0.440432 0.230980 0.005928
0.450028 0.231601 0.005123
0.459268 0.231732 0.005910
0.472590 0.228642 0.005761
0.476650 0.231732 0.006417
0.487563 0.231530 0.005710
0.496132 0.230997 0.006251
0.505794 0.230886 0.006037
0.514880 0.230569 0.005650
0.523906 0.229965 0.006469
0.534065 0.229436 0.006766
0.542346 0.229235 0.005954
0.555907 0.221215 0.005788
0.561338 0.228295 0.006494
0.571236 0.227982 0.005992
0.580343 0.227686 0.005925
0.591777 0.224288 0.005479
0.598148 0.227397 0.005431
0.607911 0.227268 0.006100
0.617294 0.227417 0.005644
0.635653 0.228030 0.005144
0.645317 0.228491 0.006176
0.655089 0.228945 0.005729
0.664297 0.229654 0.006353
0.672661 0.230263 0.005846
0.682724 0.230754 0.006244
0.691916 0.231773 0.006133
0.700111 0.232488 0.005979
0.710726 0.233286 0.005804
0.434265 0.186414 0.005781
0.444245 0.183333 0.005918
0.453692 0.181701 0.006520
0.462687 0.183115 0.006475
0.470766 0.186633 0.005624
0.481360 0.184620 0.006436
0.490654 0.182007 0.005810
0.498820 0.182685 0.005214
0.509249 0.181949 0.006311
0.518236 0.182985 0.006033
0.527823 0.180968 0.006214
0.537451 0.179642 0.005968
0.546913 0.180669 0.006000
0.555999 0.176811 0.006600
0.565278 0.176242 0.006090
0.574411 0.176163 0.006237
0.584024 0.176113 0.006047
0.593325 0.174563 0.006611
0.601907 0.173952 0.005865
0.611796 0.173502 0.006375
0.620680 0.176559 0.005842
0.630676 0.175817 0.006213
0.640038 0.171959 0.006159
0.649115 0.174144 0.006410
0.658527 0.175369 0.005320
0.667503 0.176502 0.006049
0.677243 0.174404 0.005592
0.686120 0.176400 0.006190
0.696285 0.174993 0.006007
0.704829 0.178555 0.006762
0.714967 0.177089 0.005910
0.440397 0.149850 0.005644
0.449001 0.150616 0.006660
0.457558 0.149599 0.006116
0.468024 0.151015 0.005637
0.477043 0.149743 0.005911
0.486438 0.150347 0.006331
0.496047 0.148052 0.006493
0.505796 0.148026 0.005892
0.514047 0.149257 0.006731
0.523873 0.147439 0.006116
0.533240 0.147250 0.005894
0.542992 0.146416 0.006287
0.550777 0.145773 0.005848
0.561653 0.144924 0.005689
0.570552 0.145635 0.005704
0.580082 0.144090 0.005208
0.589065 0.144394 0.005739
0.598207 0.143200 0.006190
0.608330 0.142181 0.005829
0.616691 0.143514 0.005829
0.626222 0.143267 0.006545
0.635398 0.142885 0.005394
0.644262 0.142987 0.006163
0.653610 0.143246 0.006453
0.663265 0.143614 0.006069
0.672914 0.144733 0.005931
0.682824 0.144854 0.005549
0.689943 0.145067 0.006416
0.701134 0.145714 0.006169
0.710456 0.145640 0.006514
0.720378 0.146028 0.006495
0.441800 0.138912 0.000859
0.443890 0.138921 0.000759
0.445794 0.139012 0.000799
0.447470 0.139168 0.000877
0.449609 0.139195 0.000878
0.443616 0.131986 0.006143
0.452700 0.132224 0.005794
0.461639 0.132766 0.006056
0.470570 0.133268 0.006021
0.480499 0.132264 0.006602
0.488744 0.132340 0.006307
0.499603 0.131577 0.005483
0.508055 0.131999 0.006284
0.517523 0.130722 0.006511
0.537023 0.129910 0.005422
0.545959 0.129405 0.006190
0.554819 0.129138 0.005993
0.564944 0.128021 0.006434
0.573171 0.127065 0.006140
0.583321 0.126741 0.005937
0.591889 0.127038 0.005969
0.602358 0.126077 0.006063
0.610716 0.125289 0.006396
0.620410 0.125405 0.006256
0.629898 0.125809 0.006214
0.637929 0.126525 0.006371
0.648599 0.125709 0.006126
0.657051 0.125432 0.006688
0.666754 0.127121 0.006920
0.675702 0.127576 0.005886
0.685196 0.127256 0.006628
0.694303 0.128495 0.005474
0.703952 0.128705 0.005488
0.713459 0.128757 0.006769
0.723013 0.129599 0.005088
0.445691 0.115959 0.006243
0.454803 0.116803 0.006448
0.464010 0.116481 0.006182
0.473475 0.116493 0.006464
0.482808 0.116894 0.005594
0.492035 0.116067 0.005541
0.511484 0.115688 0.006760
0.520000 0.115357 0.005839
0.529809 0.114118 0.006625
0.539275 0.113619 0.006309
0.547495 0.113262 0.006244
0.557331 0.112627 0.006355
0.566823 0.111488 0.006857
0.576669 0.110622 0.006493
0.585739 0.110789 0.005507
0.594808 0.110858 0.005895
0.603662 0.109325 0.006360
0.612613 0.110517 0.006680
0.622931 0.108985 0.005987
0.632108 0.108957 0.005697
0.641325 0.109205 0.006984
0.651014 0.109620 0.006517
0.659592 0.110572 0.006569
0.669254 0.111627 0.006278
0.679673 0.110785 0.006408
0.688605 0.111144 0.006158
0.697706 0.111721 0.005719
0.706183 0.112454 0.006076
0.715637 0.113686 0.006133
0.725740 0.113830 0.005807
0.730376 0.294852 0.010402
0.746119 0.296594 0.008168
0.762427 0.297989 0.010045
0.780690 0.299593 0.009427
0.797737 0.301106 0.010583
0.816822 0.301217 0.009703
0.831406 0.300519 0.010594
0.850557 0.298315 0.009153
0.867553 0.296752 0.009481
0.887156 0.294019 0.010608
0.730022 0.279923 0.009662
0.745071 0.285442 0.009579
0.762709 0.289023 0.009403
0.782264 0.289051 0.009481
0.798452 0.289952 0.010967
0.815121 0.293175 0.010593
0.832140 0.293199 0.010233
0.852866 0.289215 0.010984
0.867050 0.285786 0.011513
0.888686 0.282620 0.011248
0.736700 0.219788 0.009236
0.754341 0.222511 0.008983
0.771748 0.222077 0.010355
0.789387 0.225546 0.010172
0.805298 0.228396 0.010326
0.823126 0.225571 0.010431
0.840658 0.224682 0.008882
0.858957 0.222910 0.009745
0.888659 0.216710 0.010202
0.892609 0.218329 0.010663
0.730058 0.182897 0.009494
0.746581 0.184324 0.010196
0.763355 0.184781 0.009110
0.782488 0.190267 0.010009
0.798764 0.189224 0.009917
0.815906 0.188187 0.010522
0.834782 0.187590 0.009135
0.851984 0.185733 0.011257
0.870916 0.184401 0.011230
0.887518 0.183518 0.010237
