838.76 478.62 45
872.56 473.19 44
930.00 473.09 35
964.92 483.94 31
1006.86 486.07 17
1046.60 493.30 45
1091.64 499.85 45
1123.78 502.12 31
1167.62 510.93 35
1210.40 510.21 34
1257.41 516.19 50
1292.18 527.99 33
1333.47 530.79 33
1375.65 524.20 41
1411.60 537.67 38
1457.43 541.60 45
1499.66 547.86 33
1537.87 557.20 28
1578.33 560.97 43
1624.25 557.43 27
1704.29 571.19 29
1747.48 576.50 50
1786.58 581.95 45
1832.08 584.22 41
1867.28 591.03 26
1911.84 599.89 36
1949.62 596.59 32
1995.13 610.49 47
2033.42 607.82 31
2077.34 612.27 54
2117.00 626.77 40
2158.26 627.76 41
2192.75 623.51 50
2238.03 632.76 46
2276.79 644.26 38
2310.24 643.12 38
2364.18 650.74 38
2408.09 657.39 36
2440.60 665.53 47
2483.66 662.70 26
2517.07 673.40 26
2565.02 674.47 38
854.09 427.09 35
893.72 425.62 31
928.00 430.20 37
975.08 440.51 33
1014.19 445.86 32
1057.81 447.46 37
1097.56 451.39 49
1137.00 454.63 28
1174.95 460.51 35
1220.93 469.20 33
1260.08 472.69 36
1305.74 473.45 46
1338.98 485.36 36
1383.38 490.08 43
1425.14 493.71 41
1460.06 500.91 32
1501.93 505.85 37
1556.21 505.21 42
1585.30 503.86 44
1626.29 525.94 58
1674.52 524.86 43
1708.75 529.06 46
1751.15 528.65 29
1802.88 539.68 63
1838.18 543.78 36
1876.41 544.83 47
1914.98 549.57 43
1957.98 556.61 37
1987.35 552.30 29
2043.44 563.79 43
2085.98 569.34 39
2128.51 578.36 28
2163.54 578.49 41
2199.88 585.36 38
2252.52 597.86 54
2282.25 592.64 36
2330.83 595.73 43
2363.75 606.39 36
2414.99 608.34 37
2448.60 612.35 32
2492.51 624.84 37
2539.35 624.09 40
2598.19 641.89 28
861.10 381.14 40
899.30 383.62 36
936.59 394.73 38
983.61 399.83 47
1027.79 399.86 34
1063.04 397.29 43
1107.36 409.64 36
1144.70 414.24 48
1177.59 416.98 44
1233.31 420.79 57
1268.98 430.59 28
1313.10 435.43 31
1348.45 439.33 40
1391.38 448.73 44
1432.37 447.16 39
1476.15 454.28 38
1517.46 452.46 38
1552.83 458.72 33
1594.97 466.86 23
1637.42 471.02 38
1682.27 480.96 48
1724.14 483.29 42
1762.60 486.61 26
1802.41 488.79 21
1852.28 497.24 42
1890.02 500.13 50
1925.71 504.54 38
1966.70 515.51 43
2005.90 517.93 47
2041.44 522.75 34
2088.14 523.56 26
2129.08 528.32 37
2168.01 529.06 36
2210.30 542.73 45
2262.73 542.43 49
2295.54 546.37 30
2336.10 555.56 34
2369.94 561.91 45
2415.54 565.71 32
2461.54 564.31 44
2539.42 583.76 40
2588.61 589.05 42
868.38 335.26 31
911.06 333.80 42
948.90 343.05 44
986.77 348.41 30
1031.69 344.33 44
1071.93 360.75 35
1113.83 362.64 30
1156.12 369.85 36
1194.59 364.44 49
1231.21 374.25 39
1275.42 374.02 38
1318.52 388.03 49
1354.13 390.10 29
1405.47 396.88 45
1442.52 401.11 39
1486.59 404.91 29
1522.71 410.75 23
1560.40 421.38 39
1603.58 419.72 39
1642.55 424.01 33
1693.61 426.11 42
1725.91 435.77 42
1761.95 449.65 44
1804.75 442.62 32
1858.33 443.86 35
1891.93 458.62 23
1935.68 460.47 44
1970.62 468.08 44
2016.30 465.89 45
2053.95 480.96 35
2098.42 478.36 28
2137.90 491.18 46
2178.93 489.97 39
2222.23 495.11 39
2261.74 496.12 32
2297.49 500.71 42
2336.70 504.89 32
2387.58 511.83 41
2429.61 523.25 35
2468.74 527.74 38
2511.47 529.80 36
2546.18 533.68 37
2590.89 538.79 46
873.72 292.10 31
919.54 298.03 41
960.64 297.77 25
999.47 303.31 32
1039.75 309.82 46
1075.02 313.10 34
1116.95 319.26 33
1161.15 326.47 38
1204.56 326.75 38
1244.86 334.92 41
1289.78 336.40 38
1324.57 346.47 45
1369.74 348.10 40
1412.23 356.32 41
1450.98 359.49 33
1492.69 364.58 46
1532.55 369.77 38
1572.04 374.30 45
1608.49 378.03 36
1654.50 378.19 41
1695.48 388.00 42
1736.13 387.28 40
1773.98 401.54 44
1816.74 397.89 42
1862.99 399.59 29
1902.29 413.25 51
1937.45 418.05 45
1983.13 418.81 51
2015.76 431.61 39
2062.73 428.18 37
2109.20 443.37 50
2145.43 438.13 31
2182.95 446.20 34
2229.76 452.19 35
2269.77 455.96 64
2311.91 464.60 34
2343.65 456.40 37
2390.19 474.65 45
2429.78 477.03 41
2477.64 475.50 38
2519.65 476.77 47
2555.77 485.69 41
2597.15 492.05 44
885.77 244.65 35
926.86 252.57 35
965.66 255.98 41
1006.70 259.20 36
1037.98 268.50 37
1083.93 278.01 53
1129.44 275.12 51
1173.84 277.75 39
1213.80 284.68 44
1222.78 256.94 32
1292.64 298.96 46
1335.41 301.78 38
1373.86 303.44 37
1423.39 306.28 51
1461.75 310.93 40
1494.66 314.40 41
1539.62 324.38 35
1568.83 332.93 46
1625.74 331.40 43
1657.11 333.96 47
1701.53 340.44 45
1742.25 348.96 32
1798.29 351.58 46
1825.11 349.52 29
1867.87 371.80 37
1908.77 364.15 43
1951.97 370.52 31
1988.69 374.04 43
2038.78 377.67 47
2077.48 386.12 42
2110.66 386.49 43
2154.97 391.69 32
2197.50 400.21 47
2239.69 405.32 46
2279.11 405.02 36
2316.76 412.28 29
2359.64 420.97 30
2394.33 424.16 40
2443.25 433.40 52
2487.22 433.88 32
2523.29 434.10 42
2571.43 443.95 43
2605.35 447.22 34
888.69 198.56 37
931.08 197.86 27
972.53 212.48 34
1015.41 210.74 22
1045.92 221.91 47
1094.01 224.88 25
1138.95 227.56 27
1188.13 251.47 37
1223.01 237.78 33
1260.01 243.73 36
1305.38 242.40 32
1350.41 240.71 49
1386.93 261.73 53
1428.49 262.16 42
1471.72 266.15 54
1508.68 261.52 40
1548.54 280.45 36
1591.92 281.54 27
1629.05 282.04 29
1670.88 290.05 39
1716.87 309.37 40
1747.29 292.74 52
1795.49 312.61 47
1839.75 301.81 26
1873.61 316.42 43
1912.43 321.89 39
1946.48 328.75 49
1999.29 325.76 30
2039.68 338.51 40
2082.92 344.07 49
2122.81 344.79 24
2162.59 346.86 31
2212.10 357.12 41
2249.12 350.47 50
2287.84 364.02 24
2323.66 372.96 48
2370.31 374.65 32
2410.86 369.61 42
2446.52 389.65 48
2490.74 390.85 37
2528.52 390.18 37
2576.13 394.81 37
2612.08 400.96 42
895.97 151.99 31
941.13 157.94 42
983.94 167.14 33
1024.52 163.79 45
1060.00 174.40 42
1106.82 176.66 32
1142.03 177.75 35
1182.75 182.16 42
1227.75 193.01 33
1265.77 190.15 37
1305.95 204.94 50
1349.22 207.83 41
1394.23 209.60 36
1433.15 213.71 46
1474.15 217.97 34
1515.71 228.59 33
1556.27 236.31 42
1592.15 233.66 43
1639.73 241.00 37
1682.30 246.05 45
1714.66 249.18 40
1764.89 256.93 45
1792.78 262.58 32
1839.04 269.32 35
1890.99 268.90 44
1923.37 271.51 48
1965.76 277.96 39
2010.71 284.98 22
2047.56 285.89 35
2089.34 295.68 33
2133.51 302.33 40
2167.31 301.69 42
2212.15 307.80 49
2258.51 307.57 31
2298.08 320.10 52
2332.65 324.63 33
2379.49 329.35 41
2414.11 334.71 29
2455.73 344.01 43
2494.24 338.11 39
2541.93 344.87 38
2577.92 345.75 44
2620.75 357.61 37
909.54 106.73 27
945.62 122.11 42
984.22 121.62 41
1035.80 122.88 28
1075.61 127.09 30
1109.14 133.72 41
1144.12 140.12 47
1198.88 137.22 37
1241.98 146.40 43
1277.21 153.76 30
1320.48 160.97 36
1362.11 160.96 38
1397.07 162.73 31
1445.29 171.53 24
1485.01 173.47 36
1518.36 180.00 47
1565.64 184.45 29
1594.51 190.79 36
1647.32 193.39 29
1693.11 205.41 42
1726.46 200.39 45
1761.89 209.83 41
1812.82 216.59 36
1846.34 220.66 31
1893.00 223.12 31
1933.82 215.31 53
1972.91 241.76 53
2018.31 235.04 20
2054.06 237.67 49
2093.44 247.39 43
2138.98 255.22 26
2183.53 259.83 38
2220.75 263.39 26
2261.84 260.50 43
2300.36 279.21 41
2339.54 272.33 30
2387.28 274.74 55
2423.29 282.93 41
2463.96 286.39 31
2509.13 298.08 43
2551.15 297.30 45
2592.65 307.74 36
2633.06 310.28 53
919.51 63.72 30
960.70 66.50 40
995.67 70.53 41
1045.73 82.18 46
1080.49 78.49 29
1129.09 84.92 31
1164.52 88.17 39
1205.81 93.56 29
1247.13 104.90 31
1287.82 107.57 37
1326.49 111.84 34
1368.67 116.36 47
1408.70 122.86 29
1446.87 121.20 39
1488.69 125.74 32
1537.18 132.94 49
1572.67 134.42 41
1610.68 143.84 29
1653.91 147.65 34
1698.88 149.09 36
1736.14 161.27 38
1769.61 155.98 65
1813.09 167.84 27
1863.38 171.47 37
1898.06 182.51 51
1935.43 185.53 41
1985.46 190.84 36
2024.94 196.79 53
2062.94 201.70 42
2110.36 204.68 40
2148.59 211.16 47
2181.71 207.43 40
2223.20 215.69 43
2260.96 215.36 36
2309.22 226.09 37
2347.28 239.38 44
2390.45 235.36 37
2435.27 241.26 38
2475.75 244.40 24
2513.98 234.61 39
2554.44 255.45 28
2609.36 261.66 50
2598.20 271.42 51
898.70 41.07 3
902.88 41.08 3
906.73 42.24 3
910.88 42.77 2
914.09 43.50 4
917.82 43.08 4
922.14 43.49 5
926.30 43.81 4
937.81 46.04 4
940.83 45.49 5
946.15 46.41 3
949.18 46.97 5
953.58 46.97 5
956.55 47.85 4
