0.918220 0.241592 0.002401
0.920816 0.236020 0.002290
0.926791 0.224056 0.002219
0.929776 0.219376 0.002340
0.145117 0.525213 0.012906
0.160324 0.527940 0.015349
0.174660 0.526511 0.012559
0.188549 0.525916 0.015537
0.203215 0.525735 0.013572
0.215524 0.526481 0.015306
0.230802 0.527182 0.014600
0.246262 0.526430 0.013498
0.261033 0.527591 0.012783
0.275224 0.526714 0.012006
0.289897 0.527207 0.015157
0.305159 0.526787 0.015073
0.317888 0.527014 0.014862
0.332620 0.528332 0.014446
0.349521 0.527390 0.013613
0.360814 0.527693 0.014583
0.376346 0.527227 0.013719
0.391112 0.527649 0.014190
0.406415 0.526111 0.012013
0.421535 0.528121 0.016694
0.435459 0.526320 0.012792
0.450672 0.527437 0.014902
0.464648 0.526920 0.015933
0.478233 0.525521 0.016205
0.493649 0.527384 0.015101
0.510265 0.527415 0.013687
0.522428 0.525817 0.014775
0.536724 0.528046 0.013385
0.552970 0.526999 0.014267
0.567181 0.527452 0.015092
0.580857 0.526489 0.013552
0.596015 0.527308 0.016020
0.610093 0.526137 0.013760
0.625045 0.526679 0.014198
0.638858 0.526426 0.011645
0.653014 0.527914 0.015645
0.668758 0.527560 0.014240
0.682351 0.527509 0.015524
0.696700 0.526723 0.011558
0.712370 0.526542 0.013491
0.727520 0.527691 0.016010
0.740305 0.526941 0.014934
0.753960 0.527430 0.014541
0.770800 0.526275 0.013488
0.785481 0.526330 0.012956
0.797799 0.527193 0.014640
0.812971 0.527402 0.016224
0.828873 0.529076 0.013069
0.842058 0.525692 0.014858
0.857518 0.527625 0.013102
0.144468 0.495510 0.015643
0.159576 0.496482 0.015254
0.173670 0.496580 0.013526
0.186096 0.496833 0.015010
0.203095 0.497965 0.012903
0.217427 0.496755 0.014201
0.232271 0.495631 0.014994
0.246046 0.496522 0.013721
0.260257 0.496985 0.013374
0.275447 0.496583 0.014391
0.290028 0.497716 0.013621
0.303592 0.498290 0.013667
0.317900 0.498162 0.013333
0.332360 0.495284 0.015204
0.350258 0.498057 0.017153
0.361502 0.497770 0.013606
0.377030 0.496534 0.014215
0.392116 0.496335 0.015280
0.406816 0.496858 0.012968
0.419990 0.497660 0.013909
0.434975 0.497337 0.013770
0.450177 0.498098 0.015737
0.464734 0.496404 0.013344
0.479634 0.496768 0.014532
0.493885 0.498406 0.012888
0.508202 0.497963 0.012306
0.522142 0.498489 0.013080
0.537018 0.497995 0.014321
0.552744 0.496420 0.017770
0.566940 0.496258 0.016270
0.579928 0.497964 0.016262
0.594923 0.499222 0.013031
0.608685 0.498051 0.013042
0.625194 0.497427 0.012711
0.639396 0.497787 0.014404
0.653005 0.497781 0.014444
0.669189 0.499170 0.014346
0.682985 0.497778 0.015124
0.697392 0.497433 0.015273
0.711525 0.498315 0.013591
0.725487 0.499466 0.014213
0.740314 0.497264 0.014644
0.757122 0.496630 0.014662
0.769273 0.499103 0.013415
0.784662 0.497818 0.012821
0.799295 0.497916 0.014367
0.812983 0.498842 0.014734
0.826210 0.497898 0.014022
0.843101 0.497630 0.013643
0.143751 0.466213 0.015003
0.159322 0.466227 0.013278
0.173007 0.467602 0.013813
0.187675 0.467435 0.011894
0.202562 0.467973 0.011689
0.215554 0.466086 0.013969
0.231443 0.467284 0.014463
0.247367 0.465969 0.012407
0.262674 0.468242 0.012379
0.275309 0.467136 0.011793
0.290106 0.468025 0.014519
0.304153 0.468358 0.013517
0.317959 0.468678 0.012523
0.332106 0.468619 0.013617
0.348113 0.468017 0.014479
0.377447 0.468682 0.014819
0.392435 0.467833 0.012714
0.406543 0.468358 0.012481
0.420549 0.469636 0.014464
0.433564 0.468646 0.015936
0.449895 0.468912 0.013320
0.465439 0.469101 0.012718
0.478939 0.469470 0.011129
0.493820 0.467263 0.013008
0.508644 0.471172 0.016131
0.522046 0.468529 0.015893
0.539310 0.469880 0.013940
0.553083 0.469584 0.015269
0.567938 0.468956 0.015391
0.580036 0.469306 0.015508
0.595044 0.469609 0.014824
0.611467 0.470824 0.014159
0.625913 0.468838 0.014101
0.637988 0.470087 0.013844
0.653600 0.469267 0.013714
0.668182 0.469564 0.014172
0.682620 0.469249 0.013014
0.697288 0.469706 0.014128
0.711143 0.469511 0.013488
0.726664 0.468877 0.012806
0.743074 0.470669 0.014405
0.757177 0.468095 0.015319
0.770205 0.469266 0.013777
0.783434 0.469757 0.013751
0.799063 0.467832 0.013916
0.813799 0.467712 0.015377
0.827875 0.469402 0.015636
0.843119 0.468001 0.013689
0.144552 0.436997 0.014253
0.159270 0.438807 0.013247
0.173915 0.437531 0.013204
0.188614 0.437450 0.012260
0.202905 0.439218 0.015171
0.217198 0.436698 0.012631
0.231500 0.437881 0.012179
0.246823 0.437850 0.014115
0.261620 0.439468 0.013497
0.275335 0.438406 0.014262
0.290719 0.438077 0.014437
0.305377 0.439075 0.014865
0.318940 0.439101 0.012742
0.334170 0.439015 0.013846
0.348416 0.439048 0.014349
0.363378 0.440760 0.013082
0.378049 0.440322 0.012216
0.391492 0.438195 0.013685
0.405759 0.441205 0.014842
0.418900 0.439833 0.012517
0.435978 0.440851 0.014313
0.450891 0.441029 0.013953
0.463973 0.439007 0.013812
0.479230 0.440111 0.013095
0.493681 0.442149 0.015358
0.508847 0.441851 0.011759
0.521893 0.442612 0.015672
0.537236 0.442654 0.013979
0.551364 0.442747 0.016218
0.566697 0.443182 0.014321
0.581162 0.442537 0.014463
0.593031 0.443758 0.015483
0.609269 0.443020 0.012961
0.625577 0.444307 0.014608
0.638345 0.443277 0.013312
0.654503 0.443158 0.013243
0.668951 0.442637 0.015912
0.683079 0.442885 0.013542
0.697367 0.441649 0.014342
0.711908 0.443197 0.014490
0.726210 0.441702 0.015202
0.741445 0.442933 0.016637
0.754665 0.441271 0.014705
0.770976 0.440461 0.011305
0.193989 0.454108 0.005137
0.214290 0.453957 0.004971
0.234911 0.454154 0.004169
0.255264 0.453855 0.005532
0.275393 0.453602 0.005279
0.296037 0.454249 0.004920
0.316160 0.454379 0.005004
0.336667 0.454737 0.005219
0.385141 0.454957 0.004757
0.405625 0.455260 0.004585
0.425626 0.455014 0.004901
0.446734 0.455334 0.005220
0.466698 0.456283 0.004649
0.486836 0.456353 0.003718
0.507501 0.456340 0.005058
0.527649 0.456535 0.004833
0.547354 0.457329 0.004850
0.144704 0.409041 0.013996
0.160020 0.407679 0.015595
0.173416 0.407811 0.012735
0.189821 0.407308 0.014090
0.203550 0.407215 0.014262
0.216609 0.410224 0.014858
0.231523 0.408006 0.012145
0.245547 0.409030 0.012626
0.261980 0.410237 0.015725
0.274571 0.410144 0.015659
0.288407 0.409158 0.014646
0.304956 0.409485 0.014747
0.319451 0.409897 0.010818
0.332782 0.409729 0.015168
0.347747 0.409850 0.014658
0.364288 0.409476 0.015505
0.376393 0.411845 0.014233
0.391746 0.409868 0.011974
0.405189 0.410899 0.015249
0.421146 0.411770 0.014130
0.436604 0.412394 0.014175
0.449452 0.412486 0.014486
0.466094 0.413100 0.014298
0.478751 0.412059 0.014753
0.492909 0.413194 0.013483
0.508797 0.416502 0.013223
0.524215 0.414673 0.013413
0.536104 0.415124 0.014051
0.549633 0.415787 0.015271
0.567113 0.417115 0.013153
0.579337 0.417441 0.013408
0.595638 0.416226 0.014161
0.608478 0.417302 0.013817
0.623960 0.417578 0.013302
0.638538 0.417958 0.015063
0.653194 0.416731 0.012646
0.668399 0.415354 0.013246
0.684562 0.417069 0.015354
0.696509 0.416507 0.012244
0.710819 0.415984 0.013592
0.726905 0.416558 0.014931
0.740642 0.415914 0.013206
0.754149 0.414259 0.013592
0.770221 0.413020 0.012631
0.785419 0.413641 0.015048
0.800791 0.412948 0.013044
0.145484 0.378103 0.013261
0.159045 0.377258 0.011965
0.174494 0.378384 0.015145
0.188098 0.378774 0.013686
0.204140 0.379522 0.014277
0.217891 0.379422 0.012485
0.232098 0.380741 0.014899
0.246426 0.378695 0.013828
0.260918 0.379747 0.013514
0.274318 0.380434 0.014197
0.289281 0.379193 0.014666
0.304578 0.381076 0.013376
0.318425 0.381075 0.012860
0.332076 0.381165 0.014471
0.347150 0.379262 0.014728
0.363455 0.381831 0.012995
0.378065 0.379893 0.015140
0.391323 0.382340 0.014531
0.405408 0.382642 0.013789
0.422083 0.383177 0.014729
0.435520 0.383469 0.015521
0.449906 0.384117 0.015907
0.463240 0.386388 0.014613
0.477461 0.386471 0.015243
0.491833 0.387800 0.013462
0.507488 0.387126 0.015140
0.523210 0.390691 0.013490
0.536601 0.390220 0.014294
0.551679 0.390291 0.011292
0.565463 0.390456 0.014326
0.580823 0.391499 0.014595
0.593822 0.392051 0.014303
0.611259 0.390553 0.012895
0.624189 0.390756 0.014353
0.638239 0.391296 0.013452
0.653503 0.391620 0.014174
0.667652 0.391716 0.013461
0.682998 0.390021 0.013604
0.697481 0.390783 0.012957
0.712829 0.388980 0.014126
0.724316 0.388602 0.013590
0.741739 0.388048 0.011907
0.755567 0.386692 0.011908
0.768983 0.386901 0.014864
0.785279 0.386145 0.013389
0.799577 0.384985 0.013345
0.812578 0.383377 0.015273
0.829200 0.384243 0.013688
0.144497 0.350126 0.013556
0.158638 0.349840 0.013123
0.172730 0.349913 0.012832
0.187875 0.349267 0.014480
0.201721 0.349526 0.013922
0.217341 0.348384 0.012852
0.232236 0.349698 0.013195
0.247187 0.349770 0.013333
0.261414 0.349819 0.013191
0.275102 0.348966 0.013089
0.289419 0.350077 0.014892
0.303913 0.351154 0.015953
0.319839 0.350803 0.012002
0.333021 0.351475 0.013615
0.347324 0.350668 0.013585
0.363392 0.353309 0.013652
0.375557 0.354473 0.014313
0.392220 0.353496 0.013713
0.407231 0.353674 0.013908
0.420463 0.355871 0.014981
0.434830 0.356778 0.014499
0.448900 0.356572 0.013188
0.464181 0.358094 0.012596
0.479416 0.359159 0.014426
0.493621 0.359295 0.014229
0.508797 0.361234 0.015509
0.523473 0.359901 0.014880
0.535968 0.362784 0.015114
0.553061 0.363682 0.013412
0.566203 0.362893 0.014864
0.578600 0.363805 0.014973
0.595335 0.363876 0.013489
0.608863 0.363617 0.011925
0.624472 0.364028 0.013655
0.639449 0.364361 0.015117
0.653194 0.363678 0.012174
0.668524 0.362195 0.013187
0.682478 0.363177 0.015900
0.696691 0.363668 0.014185
0.711466 0.360086 0.015139
0.726107 0.360033 0.011332
0.740245 0.358162 0.013555
0.755474 0.359240 0.014397
0.769479 0.357584 0.011557
0.785716 0.359040 0.014510
0.798973 0.355460 0.014490
0.813488 0.355337 0.014235
0.830339 0.354157 0.014453
0.529076 0.352512 0.003512
0.542529 0.353143 0.003241
0.555835 0.353875 0.003100
0.568945 0.353974 0.003153
0.582116 0.354390 0.002695
0.595267 0.354451 0.002648
0.608866 0.354733 0.002744
0.143749 0.319646 0.013795
0.159758 0.318447 0.013769
0.173729 0.318824 0.014743
0.187847 0.319095 0.012981
0.201137 0.319558 0.011009
0.217205 0.320215 0.013831
0.231090 0.319259 0.015561
0.245633 0.318796 0.014044
0.260109 0.320150 0.013903
0.276029 0.321777 0.013161
0.291077 0.320438 0.013235
0.304190 0.320668 0.012872
0.321081 0.321327 0.013845
0.332966 0.323499 0.015733
0.347718 0.322060 0.013122
0.362278 0.322549 0.015173
0.375628 0.325258 0.012893
0.391302 0.323882 0.013884
0.406476 0.326389 0.014957
0.420240 0.326657 0.015214
0.436217 0.326530 0.013621
0.450570 0.330087 0.014153
0.464164 0.328729 0.014403
0.478046 0.329657 0.012514
0.493650 0.330956 0.012684
0.507492 0.331436 0.012065
0.524512 0.332692 0.015292
0.537923 0.333330 0.013942
0.551348 0.331698 0.013659
0.564114 0.332869 0.014836
0.580420 0.333448 0.014607
0.595517 0.333400 0.012619
0.608265 0.333649 0.013213
0.624726 0.333098 0.014656
0.637495 0.331437 0.016323
0.653584 0.332565 0.015797
0.667070 0.332468 0.013884
0.681948 0.331268 0.012869
0.696739 0.330940 0.016475
0.712090 0.330487 0.012039
0.726210 0.327700 0.014631
0.739446 0.328484 0.012553
0.755221 0.328546 0.015945
0.770150 0.327685 0.013750
0.783652 0.326202 0.016342
0.799794 0.323742 0.012951
0.814006 0.325348 0.013759
0.826162 0.325023 0.014962
0.844012 0.325457 0.016698
0.144243 0.290867 0.013152
0.158369 0.291683 0.013214
0.173168 0.290286 0.014804
0.188641 0.288712 0.013822
0.203671 0.289734 0.013012
0.217015 0.289555 0.013971
0.232856 0.290587 0.013285
0.247125 0.290853 0.013001
0.260845 0.288653 0.015996
0.274956 0.290752 0.013524
0.289978 0.290608 0.015194
0.305136 0.292113 0.015247
0.320294 0.291491 0.013986
0.334453 0.290916 0.015909
0.349422 0.292579 0.012833
0.363130 0.292681 0.015402
0.377568 0.294048 0.015806
0.391892 0.293536 0.014756
0.405124 0.295884 0.012010
0.433462 0.295464 0.015586
0.450190 0.294952 0.014292
0.465382 0.298192 0.014362
0.479136 0.297516 0.015468
0.494383 0.300454 0.016253
0.508235 0.298959 0.012713
0.524234 0.299445 0.015442
0.536457 0.300346 0.014464
0.551082 0.300497 0.010410
0.566175 0.300444 0.014414
0.580427 0.301077 0.014454
0.594480 0.302085 0.012726
0.609494 0.300188 0.014722
0.624724 0.301251 0.012436
0.638464 0.301372 0.014084
0.651771 0.300289 0.013738
0.666046 0.301121 0.014287
0.681648 0.298633 0.013322
0.696697 0.299403 0.014263
0.711796 0.298057 0.014824
0.724684 0.298600 0.015010
0.740562 0.297353 0.014193
0.754966 0.296294 0.012290
0.770263 0.296488 0.013300
0.783289 0.295363 0.013997
0.799133 0.293311 0.013976
0.812550 0.293314 0.012781
0.143782 0.260829 0.013965
0.159853 0.259733 0.013833
0.174753 0.261794 0.013008
0.188872 0.261183 0.014509
0.202059 0.261597 0.013736
0.217536 0.259655 0.012725
0.233314 0.260450 0.014449
0.246955 0.260814 0.014683
0.261169 0.260461 0.015755
0.276342 0.262402 0.013896
0.290200 0.260481 0.013469
0.304144 0.260465 0.014695
0.318806 0.261410 0.012041
0.334933 0.262723 0.012805
0.363640 0.262589 0.011960
0.377711 0.262543 0.013369
0.391582 0.263577 0.014083
0.406923 0.263858 0.014066
0.419843 0.262983 0.013704
0.435987 0.264489 0.016073
0.448490 0.265204 0.014456
0.465610 0.264072 0.017295
0.479217 0.266397 0.013954
0.507496 0.264606 0.013239
0.522307 0.267212 0.014059
0.538381 0.268381 0.013926
0.552175 0.266333 0.013968
0.565514 0.268070 0.013688
0.581355 0.267982 0.014155
0.594642 0.268170 0.013053
0.609190 0.266790 0.012026
0.623589 0.267342 0.012486
0.639141 0.266882 0.014072
0.652418 0.266784 0.014738
0.667225 0.265642 0.014345
0.681273 0.265470 0.012713
0.698100 0.266186 0.013860
0.713619 0.265826 0.013882
0.727677 0.264737 0.013087
0.741199 0.264506 0.012865
0.753846 0.263708 0.014478
0.770348 0.264585 0.014123
0.785251 0.262918 0.015083
0.799449 0.262154 0.013623
0.814975 0.263225 0.014669
0.828002 0.262712 0.013393
0.842309 0.262712 0.013330
0.144685 0.231118 0.012948
0.159319 0.230726 0.013946
0.173318 0.230661 0.013552
0.188197 0.234175 0.014361
0.204099 0.231524 0.014169
0.216279 0.230210 0.015109
0.230867 0.231952 0.015945
0.259875 0.231492 0.015152
0.275316 0.231389 0.011316
0.290284 0.230735 0.013899
0.303344 0.231615 0.017512
0.319918 0.231033 0.014145
0.334155 0.233359 0.014530
0.360127 0.231064 0.014341
0.379387 0.231818 0.014345
0.392639 0.233817 0.015827
0.406577 0.232871 0.012686
0.420044 0.230445 0.015163
0.437015 0.234588 0.013320
0.450841 0.232629 0.015331
0.463055 0.232895 0.016871
0.478473 0.233393 0.013408
0.494257 0.234374 0.013969
0.506411 0.232739 0.014450
0.522010 0.233862 0.013236
0.538820 0.234765 0.014287
0.551168 0.234403 0.015726
0.567192 0.233068 0.014823
0.579535 0.234341 0.013660
0.595598 0.234137 0.014872
0.609561 0.234531 0.013064
0.624400 0.235111 0.014168
0.640600 0.233299 0.015075
0.653071 0.234223 0.013689
0.667975 0.233466 0.014218
0.683900 0.232795 0.016544
0.695875 0.233307 0.014275
0.711722 0.234412 0.014582
0.727376 0.233291 0.014166
0.742007 0.231836 0.013111
0.145370 0.201297 0.013052
0.160127 0.199946 0.013998
0.174077 0.200225 0.014601
0.188549 0.200244 0.013465
0.201585 0.198854 0.014214
0.216917 0.199984 0.014985
0.231927 0.201539 0.014023
0.246649 0.200346 0.013734
0.259823 0.201519 0.014424
0.274852 0.202382 0.013225
0.290218 0.201532 0.015243
0.305030 0.201305 0.015604
0.318360 0.200669 0.014201
0.333211 0.202344 0.012727
0.346754 0.201538 0.012181
0.364093 0.201571 0.014971
0.378137 0.202100 0.012919
0.391735 0.201784 0.016021
0.406595 0.201216 0.014368
0.419969 0.201844 0.012967
0.435961 0.202654 0.015406
0.450294 0.200957 0.014233
0.464411 0.201945 0.016120
0.478130 0.201092 0.012422
0.494853 0.200377 0.012186
0.508528 0.201919 0.015594
0.523671 0.201431 0.012885
0.535661 0.202831 0.014867
0.551514 0.200691 0.013818
0.566883 0.201870 0.015721
0.580301 0.202132 0.013932
0.595025 0.203535 0.014007
0.611301 0.203584 0.013870
0.624354 0.201454 0.015880
0.639602 0.203874 0.011869
0.652788 0.201253 0.012791
0.668848 0.203141 0.015511
0.683244 0.202457 0.013703
0.697163 0.202500 0.012106
0.710894 0.202625 0.015037
0.725688 0.203025 0.015078
0.740328 0.202760 0.016210
0.754319 0.201055 0.015545
0.770011 0.201971 0.014892
0.785586 0.202840 0.013372
0.144999 0.171346 0.013802
0.159213 0.171174 0.016678
0.172698 0.172722 0.014825
0.189130 0.170833 0.014788
0.204268 0.171712 0.014627
0.215646 0.172207 0.014572
0.232243 0.171564 0.013834
0.245836 0.172777 0.014260
0.260956 0.171599 0.013946
0.275839 0.170857 0.015746
0.289879 0.172736 0.013759
0.304991 0.171544 0.014856
0.318392 0.170646 0.011537
0.333230 0.170050 0.014529
0.346725 0.172302 0.013575
0.363324 0.172128 0.013151
0.377978 0.171044 0.012605
0.393235 0.170352 0.014769
0.406537 0.171533 0.014896
0.420781 0.171580 0.011992
0.435382 0.172313 0.014381
0.449590 0.170678 0.012530
0.466223 0.172939 0.014567
0.478367 0.171417 0.014149
0.493025 0.172353 0.012131
0.508606 0.172331 0.013369
0.523195 0.170845 0.012707
0.536318 0.173065 0.013620
0.552253 0.171644 0.013304
0.567234 0.171428 0.014010
0.580706 0.171374 0.014026
0.595824 0.172397 0.012944
0.609390 0.171417 0.013626
0.624490 0.171475 0.015608
0.640734 0.171321 0.016689
0.653315 0.172149 0.013459
0.668762 0.170815 0.013498
0.683619 0.172380 0.013412
0.696154 0.172831 0.015335
0.710984 0.171502 0.013956
0.727897 0.171395 0.013883
0.740373 0.171928 0.013418
0.754299 0.171055 0.014662
0.770675 0.171103 0.013980
0.784855 0.172203 0.015329
0.800141 0.171521 0.012379
0.814310 0.172174 0.012846
0.828955 0.172569 0.012965
0.145099 0.141906 0.013851
0.159242 0.141148 0.014442
0.172680 0.141089 0.013922
0.186770 0.141057 0.013010
0.202544 0.142603 0.014204
0.216082 0.141701 0.014256
0.230856 0.141614 0.013541
0.244592 0.140366 0.014640
0.259216 0.142118 0.015522
0.275692 0.142458 0.013805
0.291033 0.141774 0.014104
0.305280 0.141906 0.012672
0.318718 0.142708 0.012976
0.334568 0.143089 0.013415
0.348953 0.140992 0.011514
0.362662 0.141857 0.015281
0.377892 0.141661 0.012975
0.390934 0.141841 0.016570
0.407345 0.140956 0.013950
0.421674 0.141613 0.011815
0.434756 0.144184 0.011541
0.447492 0.142502 0.016141
0.465927 0.141472 0.014814
0.480529 0.141471 0.013328
0.493008 0.142164 0.016127
0.506856 0.141077 0.013812
0.522972 0.143028 0.014011
0.536633 0.141036 0.014879
0.552440 0.143192 0.014982
0.567477 0.142620 0.014899
0.580970 0.142415 0.015115
0.595782 0.142475 0.014405
0.611827 0.143947 0.014145
0.625263 0.141590 0.013486
0.638905 0.142591 0.013621
0.655768 0.141368 0.013828
0.667168 0.143040 0.015495
0.681764 0.142521 0.015405
0.697480 0.140482 0.012188
0.712337 0.141400 0.012477
0.727011 0.141473 0.014179
0.741526 0.141480 0.011877
0.755583 0.139072 0.014310
0.769850 0.141839 0.013406
0.056688 0.436303 0.003695
0.055353 0.441584 0.003854
0.053705 0.446494 0.004157
0.053235 0.452020 0.004528
0.051918 0.456530 0.004715
0.050517 0.461518 0.003618
0.048754 0.466889 0.004423
0.047495 0.472289 0.005089
0.046650 0.477277 0.005802
0.046547 0.482164 0.004788
0.045364 0.487810 0.004041
0.066913 0.437996 0.003826
0.065662 0.443376 0.005759
0.064902 0.448873 0.004879
0.064102 0.454379 0.005004
0.063119 0.459456 0.004119
0.059674 0.469705 0.004726
0.059088 0.474813 0.004373
0.058475 0.479370 0.004586
0.056659 0.484924 0.004263
0.055792 0.490087 0.005381
0.077651 0.441828 0.004531
0.076894 0.445824 0.006718
0.075449 0.452477 0.004398
0.074087 0.456778 0.003925
0.073179 0.461269 0.004863
0.071954 0.466577 0.002856
0.070918 0.471562 0.004761
0.069687 0.477098 0.004770
0.068879 0.482713 0.005364
0.067993 0.487679 0.003580
0.066832 0.492473 0.003678
0.089237 0.443857 0.004118
0.087245 0.449117 0.004159
0.084981 0.454755 0.005825
0.084170 0.458787 0.004569
0.081043 0.463577 0.005580
0.079045 0.468962 0.004075
0.077454 0.474723 0.005797
0.076365 0.479252 0.003716
0.076715 0.484130 0.004267
0.077519 0.489923 0.004962
0.078146 0.495463 0.003702
0.099774 0.446717 0.004118
0.098698 0.452182 0.005403
0.096872 0.456354 0.004198
0.094867 0.461758 0.004704
0.092700 0.466804 0.004088
0.090717 0.471449 0.006361
0.089248 0.476573 0.003306
0.089062 0.483045 0.004789
0.089037 0.488120 0.002623
0.088861 0.493071 0.004555
0.089032 0.498069 0.004753
0.110212 0.448991 0.004453
0.108521 0.454966 0.005333
0.107962 0.459956 0.004092
0.106987 0.464735 0.004099
0.104600 0.469474 0.002347
0.103683 0.475051 0.003787
0.102486 0.480082 0.005879
0.102023 0.485206 0.003582
0.100798 0.490999 0.005333
0.100921 0.496109 0.003359
0.099670 0.501561 0.004160
0.122360 0.451122 0.004028
0.121860 0.455671 0.004101
0.120476 0.461800 0.003409
0.118869 0.466551 0.005256
0.117258 0.471760 0.004482
0.116152 0.476603 0.003873
0.115257 0.482400 0.004963
0.113165 0.487087 0.003292
0.112788 0.492829 0.003676
0.111807 0.498441 0.005958
0.111089 0.502696 0.005285
0.132497 0.451997 0.004024
0.133568 0.457850 0.004834
0.131333 0.462611 0.002377
0.130623 0.467968 0.004680
0.129036 0.473415 0.005818
0.128026 0.477908 0.005727
0.126806 0.483808 0.005499
0.125028 0.488432 0.004599
0.124056 0.494287 0.005229
0.123654 0.498813 0.004798
0.122384 0.503597 0.004679
0.237917 0.115910 0.009417
0.270405 0.121127 0.011176
0.303676 0.123456 0.010361
0.334758 0.124515 0.011201
0.368406 0.126646 0.009641
0.399416 0.127288 0.012297
0.433485 0.126841 0.008513
0.470195 0.131329 0.010275
0.501542 0.130165 0.008683
0.235271 0.059893 0.011734
0.269233 0.062882 0.008878
0.298867 0.063828 0.007338
0.336579 0.066854 0.009907
0.370081 0.066293 0.011291
0.402952 0.070102 0.009993
0.435087 0.071064 0.011067
0.468851 0.070932 0.012037
0.498137 0.072471 0.008703
0.042942 0.389189 0.002531
0.055101 0.387763 0.003698
0.085525 0.384227 0.003155
0.097500 0.383092 0.004115
