505.89 905.07 35
531.15 909.47 31
570.83 904.13 31
606.42 898.36 33
638.96 894.64 34
665.52 892.09 32
703.66 888.09 33
743.90 882.02 33
776.53 879.95 34
806.47 872.02 33
841.31 874.42 34
870.08 871.51 30
907.48 872.90 33
939.91 872.52 31
976.03 869.53 34
1000.26 874.02 33
1040.63 872.79 35
1075.17 873.48 33
1106.61 876.87 33
1140.93 879.14 33
1174.68 878.41 34
1207.37 881.18 32
1238.82 879.88 31
1276.28 887.84 31
1310.46 889.68 33
1350.98 877.25 35
1377.88 893.01 31
1416.15 900.89 34
1444.37 905.80 30
1477.78 910.45 34
1510.85 909.87 32
1548.36 918.10 33
1575.56 924.80 35
1606.46 925.64 36
1640.62 931.07 32
1680.27 938.61 31
1711.11 947.77 31
1741.29 938.52 33
499.53 859.55 32
539.61 853.29 32
566.00 848.87 31
602.60 847.27 32
638.45 840.54 32
667.38 842.35 34
704.22 836.54 32
737.41 833.78 35
772.37 828.98 34
803.90 822.83 34
838.42 817.18 33
869.77 824.55 31
902.31 816.54 34
940.00 823.32 35
974.05 820.21 32
1003.87 821.88 30
1038.74 819.00 31
1078.53 814.33 31
1108.06 818.31 31
1141.31 822.05 35
1171.30 822.90 33
1207.79 828.49 34
1242.12 832.00 31
1271.02 827.82 34
1304.86 833.25 34
1340.52 835.72 34
1376.84 848.13 31
1408.41 851.27 32
1438.60 848.20 31
1475.80 858.38 30
1506.92 855.84 31
1549.31 865.86 32
1579.41 868.51 32
1614.97 880.46 31
1646.92 878.58 31
1668.91 885.71 34
1712.20 886.76 33
1747.56 894.33 34
1778.07 895.67 33
1809.28 898.18 33
1844.52 901.24 34
1877.78 903.22 33
1911.45 908.86 32
504.32 809.79 33
531.06 795.00 34
567.23 801.64 31
605.48 791.97 32
641.85 790.93 31
672.68 784.39 33
704.63 781.57 32
733.47 773.75 35
771.92 773.84 31
806.26 771.57 33
835.60 772.84 35
866.64 767.24 36
904.91 766.51 29
938.06 768.20 33
974.58 767.58 30
1006.07 763.50 31
1037.21 762.61 33
1071.63 769.02 33
1106.90 773.03 36
1141.12 772.30 32
1170.24 773.42 34
1209.61 777.13 34
1245.02 772.26 34
1271.87 780.83 32
1313.93 783.97 34
1338.71 788.03 30
1373.93 788.99 31
1401.73 791.22 32
1445.47 801.25 34
1480.84 803.12 32
1510.95 808.46 33
1543.60 816.26 36
1574.95 819.70 31
1611.77 824.73 33
1647.49 822.13 33
1676.46 833.47 28
1711.37 838.08 30
1742.66 844.89 32
1777.92 846.73 32
1810.00 841.75 30
1851.65 859.46 32
1881.53 856.32 33
1905.52 853.65 33
501.71 776.78 7
510.65 775.86 7
518.08 774.65 7
527.36 774.21 6
535.02 773.41 7
543.84 772.50 7
551.78 772.14 7
559.09 769.98 7
579.98 767.76 6
588.48 765.15 7
595.33 765.51 7
501.15 750.95 30
539.03 750.41 32
571.63 741.12 30
601.35 738.40 32
640.79 736.74 31
674.91 733.43 32
712.92 731.51 31
740.41 726.56 34
769.61 724.82 34
803.32 723.06 34
842.40 722.52 34
867.95 722.06 31
904.09 712.87 32
938.36 714.73 33
977.01 716.28 33
1004.66 712.56 32
1039.21 716.11 32
1074.92 714.69 32
1107.73 716.80 34
1144.07 723.93 31
1180.59 719.85 35
1210.69 725.02 32
1240.14 721.13 33
1277.10 728.18 32
1310.24 732.33 33
1344.18 736.20 34
1379.17 732.87 35
1406.43 747.10 32
1445.00 743.48 33
1478.42 748.39 34
1508.34 755.99 33
1552.48 763.46 30
1575.38 760.87 35
1613.45 770.03 32
1639.18 775.27 34
1677.88 779.33 33
1711.42 783.03 37
1742.58 793.21 32
1782.64 789.64 34
1810.47 795.28 35
1847.42 794.20 33
1881.82 798.15 30
1915.26 797.17 33
504.75 731.77 12
522.95 728.62 13
542.79 726.71 12
560.87 724.93 12
581.33 721.03 12
598.07 721.28 14
618.32 717.65 14
631.56 716.98 12
677.07 710.92 13
696.94 708.54 13
715.23 708.07 12
508.57 701.29 33
541.21 696.39 31
569.47 692.84 34
608.62 687.92 34
640.50 683.37 33
674.52 681.04 34
702.93 676.95 35
741.50 679.28 31
775.81 672.74 32
807.16 669.03 32
846.83 664.19 32
870.25 670.27 35
908.80 661.51 33
941.99 661.63 34
976.84 662.00 33
1008.61 661.46 32
1048.48 661.64 33
1079.42 659.47 33
1114.34 661.96 31
1147.89 668.12 31
1176.11 667.89 33
1214.96 667.60 31
1246.67 674.65 32
1281.00 674.37 32
1310.42 680.65 34
1351.02 682.10 32
1373.30 684.96 36
1415.45 690.42 31
1445.91 694.95 32
1482.08 698.98 32
1518.20 703.98 34
1550.03 711.04 30
1577.60 717.84 34
1614.42 716.07 34
1651.11 719.28 33
1680.16 727.50 33
1711.35 727.21 30
1745.17 734.80 33
1780.17 737.32 31
1818.33 744.24 34
1848.75 743.18 32
1885.83 748.91 32
1917.63 749.63 31
512.75 648.13 32
537.43 646.03 33
572.20 641.43 34
608.60 633.00 33
647.99 631.00 32
678.55 618.39 34
710.14 622.61 31
744.47 623.21 35
778.56 615.25 32
810.73 617.89 31
843.39 612.44 32
872.68 608.53 33
913.02 611.06 32
950.30 606.03 32
977.20 604.53 34
1014.38 607.33 32
1050.04 608.16 33
1081.09 610.29 32
1108.83 607.49 30
1150.04 614.31 31
1183.16 610.82 33
1214.81 617.98 32
1248.32 619.13 32
1286.40 622.05 33
1313.48 624.18 31
1348.70 632.36 31
1387.06 629.64 32
1421.16 640.28 36
1448.12 645.48 31
1481.29 644.51 30
1515.10 645.38 31
1553.08 654.04 33
1579.89 658.81 33
1616.38 663.84 35
1647.83 667.08 36
1681.92 669.95 34
1721.29 681.07 32
1787.19 687.30 32
1813.50 691.19 34
1850.05 694.58 30
1883.05 694.80 32
1919.00 697.45 34
512.23 599.10 34
545.25 589.17 32
571.40 582.92 31
615.37 575.60 35
650.22 581.53 31
676.55 575.68 31
715.41 568.25 34
754.75 568.74 31
779.07 561.53 34
811.84 564.20 34
846.10 558.99 33
881.95 555.26 32
916.86 557.38 31
952.60 558.33 31
976.78 552.31 33
1015.71 557.28 34
1047.42 561.52 32
1078.27 561.47 31
1110.06 558.06 32
1153.92 565.29 32
1180.18 565.10 32
1212.40 562.00 32
1245.57 563.22 31
1276.76 573.50 32
1317.49 571.73 35
1349.79 572.79 32
1384.40 582.15 33
1423.61 588.36 36
1453.94 590.85 33
1486.26 593.42 31
1516.12 598.83 32
1547.58 600.10 32
1584.83 605.42 34
1622.97 614.33 33
1655.37 618.91 32
1689.77 619.03 31
1718.33 629.29 32
1756.02 630.67 35
1790.55 635.58 34
1818.53 635.37 31
1855.49 638.43 31
1887.76 644.77 34
1922.95 651.04 31
512.48 565.13 11
532.89 560.87 11
550.64 560.68 13
568.51 557.16 11
589.60 555.09 11
626.71 551.97 12
644.59 547.99 11
664.90 545.86 11
685.74 544.63 11
724.32 540.40 11
741.71 537.61 12
760.73 535.15 11
780.60 537.45 11
796.82 533.45 12
820.94 532.43 12
836.57 531.73 12
857.83 531.11 12
872.83 528.87 11
510.26 544.24 34
548.27 538.61 35
581.54 535.74 32
613.43 532.25 31
646.03 528.76 34
680.01 523.21 31
715.01 519.27 35
746.37 519.17 32
779.85 515.18 33
816.14 516.41 34
850.04 506.91 33
882.60 512.76 30
912.93 501.22 36
947.83 502.03 32
984.12 503.73 32
1015.86 507.30 32
1051.93 502.70 33
1086.48 511.07 33
1116.33 503.01 31
1148.31 503.77 30
1186.10 514.00 31
1219.13 504.20 32
1250.92 515.49 32
1281.37 519.27 31
1318.76 519.83 33
1349.65 527.96 29
1382.91 532.75 31
1419.08 531.26 31
1453.29 534.93 33
1483.28 544.39 33
1522.28 545.42 29
1551.13 547.44 31
1590.33 560.32 36
1616.22 561.16 31
1653.97 568.80 29
1687.19 570.77 32
1727.68 573.81 35
1752.01 580.06 32
1787.68 584.67 31
1820.87 586.17 32
1857.23 593.76 33
1890.81 594.07 33
1927.66 595.01 32
508.72 490.90 35
542.18 493.37 31
576.56 484.27 33
613.42 477.32 32
654.45 475.99 32
681.98 469.91 33
713.00 471.09 34
742.39 464.94 31
777.02 463.73 32
813.26 460.81 33
848.23 458.04 31
878.00 459.15 30
916.42 452.40 33
943.15 454.70 32
987.60 456.87 34
1011.68 450.89 34
1051.35 450.49 33
1080.98 454.94 33
1115.54 455.32 35
1146.41 446.83 35
1178.69 453.38 34
1218.06 456.95 31
1249.43 462.68 34
1284.54 467.16 33
1309.32 465.05 35
1354.33 469.83 31
1382.91 474.08 31
1422.25 478.46 33
1454.03 484.28 32
1485.28 485.57 32
1524.82 496.90 33
1555.15 502.62 31
1585.45 504.11 32
1617.18 499.97 32
1654.14 511.53 28
1687.72 520.00 30
1721.03 521.25 31
1753.34 527.99 31
1786.27 531.49 33
1818.73 528.51 34
1854.58 540.57 31
1892.20 539.38 34
1922.74 540.27 34
505.06 439.13 31
537.47 434.83 33
575.31 428.40 31
613.56 425.56 33
646.87 427.83 36
675.13 418.48 33
713.16 416.60 32
744.16 412.82 31
779.45 406.75 32
808.42 408.45 30
842.65 401.98 35
881.04 400.55 32
907.32 403.37 35
951.56 397.05 35
983.91 397.73 30
1015.84 396.92 31
1046.48 398.51 30
1083.94 406.26 31
1113.56 401.25 31
1151.25 401.46 32
1185.44 405.35 34
1212.06 405.45 34
1245.19 407.61 36
1278.01 414.30 34
1314.18 412.87 30
1353.84 418.58 34
1380.94 425.75 34
1417.40 431.21 32
1448.90 431.09 30
1479.97 431.93 33
1520.49 442.92 33
1552.50 448.12 32
1583.97 449.55 34
1617.00 455.42 31
1648.53 460.36 31
1681.10 469.24 32
1716.32 467.35 31
1747.68 470.43 35
1788.98 473.67 33
1821.30 482.82 34
1852.61 481.37 33
1889.10 480.45 34
1918.11 486.97 34
507.37 388.43 34
541.40 376.90 33
579.42 374.77 38
609.19 376.54 33
641.50 372.15 34
676.07 367.19 32
709.75 363.36 35
745.02 361.34 36
770.70 360.12 32
813.47 350.53 33
843.18 350.39 33
876.16 350.66 33
912.36 351.44 35
949.57 343.21 34
971.57 350.43 34
1018.48 350.22 32
1041.53 346.45 32
1078.83 342.51 32
1113.59 350.41 33
1146.89 354.57 32
1179.47 356.24 34
1212.39 361.01 32
1239.02 356.37 31
1278.54 361.60 29
1311.41 366.54 35
1345.62 367.33 37
1379.12 369.24 34
1415.50 376.78 33
1449.66 376.60 30
1475.56 383.63 32
1509.09 391.99 31
1548.34 395.74 34
1581.23 397.63 34
1615.70 402.49 35
1645.10 404.70 32
1686.46 413.45 32
1718.38 415.29 30
1754.40 422.11 32
1782.14 424.45 35
1811.18 431.17 33
1847.99 428.59 31
1884.59 435.98 34
1914.35 438.37 32
694.56 1017.39 14
714.38 1019.95 20
734.38 1019.12 10
752.28 1018.99 14
773.60 1020.10 12
792.25 1019.59 13
812.43 1017.97 13
831.17 1017.73 9
2281.50 1021.84 28
2282.73 990.47 27
2279.08 963.40 28
2273.32 932.35 28
2263.16 902.98 31
2258.88 877.21 30
2247.94 844.56 28
2248.49 817.02 27
2252.55 786.61 26
2261.82 758.00 27
2266.81 731.11 26
2246.27 1014.70 28
2250.50 983.05 27
2245.03 952.43 27
2237.14 921.86 27
2226.94 894.55 27
2221.11 866.15 28
2210.31 832.99 27
2209.81 802.60 29
2220.63 777.00 29
2225.17 749.29 25
2231.42 716.50 25
2208.37 996.96 29
2210.68 967.76 25
2207.64 937.73 29
2198.89 908.91 29
2186.21 875.66 26
2182.86 851.73 29
2177.88 820.71 28
2177.03 790.79 27
2182.94 759.01 27
2189.51 729.31 27
2193.56 713.70 29
2170.11 986.11 28
2173.98 955.77 27
2170.83 925.49 30
2161.32 897.80 27
2152.64 869.39 28
2144.66 839.53 29
2139.03 809.64 28
2141.03 777.63 27
2149.29 749.38 29
2155.77 725.09 28
2160.33 694.18 30
2136.61 983.03 29
2135.99 954.04 27
2132.79 926.62 28
2125.37 896.48 25
2112.37 865.00 27
2107.19 837.94 26
2104.91 807.42 30
2107.19 782.23 30
2111.17 751.66 25
2119.13 720.74 25
2127.10 692.81 28
2101.67 991.00 30
2102.47 960.00 27
2094.90 933.68 30
2087.82 904.59 27
2077.21 876.72 26
2071.12 843.96 28
2066.87 816.52 28
2068.53 788.52 28
2075.39 758.63 28
2086.53 733.15 28
2091.66 700.76 27
2065.29 997.08 27
2064.37 968.82 28
2056.53 937.02 27
2046.51 909.03 29
2041.45 881.93 25
2030.36 851.78 28
2031.04 824.83 26
2034.51 795.45 27
2042.79 764.27 27
2046.56 734.51 26
2055.06 702.70 27
2028.98 995.57 29
2026.72 964.79 28
2020.31 932.70 27
2012.56 905.25 27
2005.26 877.41 29
1995.15 844.05 29
1995.81 817.84 25
1998.00 789.90 27
2007.34 760.58 27
2012.37 728.16 29
2016.38 702.15 27
1918.10 393.56 19
1912.49 375.62 15
1906.20 357.70 20
1903.77 338.23 15
1898.42 318.27 17
1893.23 300.91 10
1886.36 281.60 23
1881.33 262.03 22
1876.26 245.42 14
1871.43 226.74 19
1868.45 210.64 20
1861.69 191.77 15
1855.00 173.20 20
1852.85 156.37 26
1846.27 136.51 24
1840.79 119.41 23
1836.95 101.38 16
1831.60 81.74 21
1825.28 61.51 17
1888.79 399.34 24
1885.07 381.50 16
1874.97 365.18 22
1871.25 346.17 17
1868.37 328.38 17
1862.27 310.42 19
1857.65 291.08 19
1848.50 271.16 21
1846.82 255.47 10
1841.00 235.48 21
1834.58 217.20 22
1830.08 203.26 21
1822.77 182.14 23
1820.24 163.83 24
1815.57 143.71 14
1807.43 127.64 14
1806.42 109.28 21
1799.54 90.82 17
1795.18 74.20 22
1856.05 412.66 22
1850.78 392.61 20
1847.46 371.94 17
1839.42 355.06 22
1834.34 335.10 18
1829.48 318.23 23
1825.44 301.21 19
1818.70 281.34 22
1815.33 264.64 17
1811.05 246.57 21
1800.52 224.17 20
1797.64 208.72 18
1793.78 190.56 23
1788.00 172.77 18
1782.36 156.07 15
1775.59 135.31 16
1773.19 117.78 21
1766.58 99.73 19
1760.46 80.94 21
1826.10 419.15 18
1820.80 402.29 17
1817.09 384.77 17
1809.46 366.42 17
1804.70 345.52 19
1798.21 326.94 19
1793.34 308.91 20
1790.16 291.83 21
1782.20 269.81 17
1779.01 254.44 17
1774.38 235.26 18
1768.94 215.45 16
1764.21 199.84 18
1757.71 180.91 17
1754.03 161.41 22
1746.79 145.04 19
1741.42 125.52 15
1738.30 107.68 18
1729.96 87.32 19
1742.13 246.77 22
1737.26 225.86 20
1731.28 209.21 15
1725.45 190.84 19
1724.42 170.09 20
1712.27 150.64 21
1710.23 135.51 17
1705.56 116.12 17
1699.71 98.61 24
2203.72 32.16 19
2225.97 31.26 11
2247.62 30.31 11
2267.20 33.57 20
2292.40 31.46 18
2313.44 31.73 10
2336.83 32.56 18
2358.45 31.34 10
2413.41 30.29 15
2437.45 29.83 14
2458.25 31.80 12
2481.18 30.57 15
2501.63 31.19 12
2526.59 31.73 15
2549.09 31.60 19
2569.18 30.92 12
