1013.37 86.36 16
1044.55 79.68 16
1073.26 72.70 15
1103.96 65.01 15
1135.25 61.20 15
1164.57 54.04 15
1195.63 47.22 15
1226.83 39.48 15
1288.90 26.40 16
1319.08 18.93 15
1348.70 13.31 15
1380.61 5.19 15
1410.26 -2.72 15
1438.94 -5.67 15
1471.97 -12.49 14
1017.51 117.88 15
1048.95 110.86 14
1078.70 103.38 15
1112.76 98.91 15
1140.21 91.17 16
1171.65 82.50 15
1202.91 76.39 15
1233.24 70.79 15
1261.92 62.34 15
1294.52 54.27 14
1326.67 50.45 15
1355.47 42.90 16
1386.63 35.12 15
1416.95 28.67 15
1447.76 21.87 14
1480.36 15.82 16
1024.42 147.89 15
1057.56 141.68 15
1085.51 134.68 15
1116.68 126.58 15
1147.29 121.46 16
1180.71 115.77 16
1209.71 107.36 15
1240.63 99.79 15
1270.73 92.69 16
1302.03 88.11 15
1330.35 79.13 15
1364.94 74.19 15
1394.72 67.75 15
1424.76 60.43 15
1454.90 53.96 15
1485.28 45.62 15
1061.99 171.32 15
1094.27 162.93 15
1124.98 156.65 16
1155.69 150.43 15
1185.99 144.29 16
1213.77 137.56 15
1248.25 130.62 15
1276.65 125.48 15
1308.01 118.53 16
1336.17 109.43 15
1369.64 103.28 16
1398.41 96.31 15
1430.77 91.14 15
1462.95 83.09 15
1491.67 77.51 15
1039.98 209.52 15
1069.68 203.40 15
1102.07 194.72 15
1129.29 188.21 15
1159.15 183.28 16
1192.38 176.45 15
1222.92 169.68 15
1252.83 162.40 15
1285.21 155.48 15
1317.37 149.84 15
1345.17 141.90 16
1377.20 134.60 15
1407.02 128.27 15
1437.16 120.65 15
1467.55 114.35 14
1498.90 109.13 15
1046.40 241.42 16
1076.59 232.63 16
1108.85 224.55 16
1137.81 220.55 15
1167.02 212.69 16
1198.07 206.26 16
1261.26 192.54 15
1290.18 186.81 16
1322.72 180.22 16
1352.74 172.08 15
1383.35 166.76 15
1414.60 161.10 14
1443.31 152.73 15
1474.33 146.27 14
1506.32 138.88 16
1051.61 270.60 16
1083.37 261.92 15
1112.65 256.17 16
1146.84 249.77 16
1173.20 243.31 15
1207.15 237.12 15
1236.78 230.42 15
1266.83 223.81 15
1297.17 217.40 16
1326.77 210.38 17
1358.73 200.36 15
1388.41 195.38 15
1418.55 189.27 15
1451.48 182.67 15
1480.67 175.97 15
1510.60 168.72 14
1058.20 301.12 16
1090.45 292.37 15
1117.88 285.67 16
1151.41 280.81 15
1182.52 274.02 16
1212.19 266.26 15
1242.45 258.67 15
1272.52 254.12 15
1303.53 246.93 15
1333.38 240.53 15
1365.22 233.21 15
1394.54 226.80 15
1427.48 219.67 15
1457.61 212.38 16
1487.04 206.32 15
1519.46 200.26 15
1064.97 333.51 15
1096.13 326.92 16
1125.90 319.11 15
1159.00 312.34 16
1188.22 304.09 15
1218.37 297.60 15
1249.41 291.80 16
1280.08 285.60 15
1310.16 277.09 16
1342.53 272.25 15
1372.30 263.97 15
1401.70 257.03 15
1433.33 249.37 15
1464.09 243.79 15
1494.37 237.83 16
1525.33 229.99 14
1073.96 364.55 15
1104.55 356.68 15
1133.39 349.83 14
1165.05 343.96 15
1194.45 333.76 15
1225.38 328.80 15
1257.56 320.47 15
1287.75 314.81 16
1317.68 308.50 16
1347.94 300.98 15
1377.86 295.00 15
1409.09 289.69 16
1439.78 281.19 15
1470.10 274.44 15
1503.00 270.20 15
1533.72 260.80 15
1081.63 391.65 15
1107.91 387.71 16
1139.07 379.50 14
1169.53 372.75 15
1201.22 365.79 15
1232.50 358.68 15
1293.37 345.36 15
1323.77 338.83 16
1354.33 331.65 16
1384.19 327.36 16
1416.77 317.86 15
1446.31 311.57 15
1476.07 305.94 16
1506.75 297.58 15
1538.25 293.76 16
1084.62 422.11 16
1114.66 417.70 15
1147.46 411.32 15
1179.47 402.62 15
1208.40 394.50 15
1237.75 389.27 15
1269.38 384.30 16
1299.50 377.58 14
1332.16 370.45 15
1363.46 364.17 15
1422.04 348.40 15
1453.25 343.53 15
1485.34 335.72 15
1514.89 330.75 16
1546.47 322.44 16
1090.12 453.11 15
1122.36 447.42 15
1154.80 440.73 15
1184.89 433.58 16
1215.85 427.27 16
1246.40 422.61 16
1276.18 412.77 15
1306.95 407.51 15
1339.61 399.01 15
1365.79 394.78 16
1400.27 387.47 16
1428.46 381.87 16
1459.25 374.63 16
1492.41 367.58 16
1522.00 359.29 15
1552.22 353.75 15
1098.73 484.83 16
1130.41 477.93 15
1161.60 471.91 15
1191.07 465.42 15
1221.79 458.94 15
1251.99 451.26 14
1283.76 442.66 16
1312.24 437.13 15
1342.88 430.65 16
1375.50 424.94 15
1405.56 417.86 15
1434.37 410.27 15
1468.39 403.62 15
1498.22 398.18 15
1528.98 392.19 15
1558.32 385.58 15
1104.95 514.23 16
1136.92 508.38 15
1167.60 502.76 15
1196.96 494.36 15
1229.80 486.77 15
1257.86 483.09 16
1289.27 474.97 15
1319.94 468.36 15
1349.34 461.56 15
1383.12 456.13 15
1413.87 448.08 16
1442.09 439.93 15
1471.58 433.15 16
1506.07 429.57 15
1535.21 420.81 16
1566.58 413.64 15
1112.05 547.49 15
1143.85 540.48 14
1172.34 533.04 15
1204.93 527.86 15
1234.59 517.74 16
1265.53 512.08 15
1295.98 505.07 15
1325.82 497.16 15
1358.36 492.74 15
1390.39 485.85 15
1421.12 479.40 15
1448.98 472.68 15
1478.74 463.91 15
1512.34 457.07 15
1542.40 451.93 16
1572.65 445.12 15
1118.42 578.20 15
1150.72 570.65 15
1180.70 563.69 15
1211.86 556.65 16
1240.73 550.28 16
1275.44 543.78 16
1304.48 536.28 15
1331.98 530.52 15
1365.98 523.74 14
1393.21 516.19 15
1425.12 509.45 15
1456.49 504.02 15
1487.63 496.09 15
1518.40 488.70 14
1548.65 481.69 15
1579.45 476.29 16
1124.53 608.19 16
1156.91 599.63 16
1188.91 593.29 16
1216.92 587.78 16
1250.42 582.38 15
1277.47 572.78 16
1308.53 568.20 16
1342.83 558.51 15
1370.02 553.71 15
1402.53 547.12 16
1431.71 540.94 15
1462.73 533.33 16
1495.22 527.61 14
1524.65 520.57 15
1552.98 515.26 15
1585.78 506.70 15
1133.34 637.68 15
1162.08 630.87 16
1194.92 623.30 16
1225.88 617.35 14
1254.42 611.15 15
1286.54 604.73 14
1315.51 598.57 15
1346.25 591.23 16
1378.73 583.77 15
1407.93 579.93 15
1440.53 570.74 15
1470.67 564.31 15
1501.45 558.58 16
1530.68 552.07 16
1563.30 544.26 16
1593.07 537.38 15
1139.09 669.60 16
1172.30 661.07 14
1200.34 654.01 14
1232.48 647.52 14
1261.13 640.30 15
1292.75 634.04 15
1322.75 627.48 16
1353.89 622.69 15
1385.92 614.05 15
1417.32 607.89 16
1444.19 601.65 16
1475.50 594.85 15
1508.28 589.08 15
1537.01 580.40 15
1567.93 574.83 15
1600.29 567.45 15
1145.55 698.05 15
1175.96 693.75 15
1207.55 686.48 16
1238.50 680.14 16
1269.19 672.58 15
1300.14 666.52 15
1331.17 660.75 15
1359.74 654.13 16
1391.82 645.06 15
1422.23 637.26 14
1452.31 631.07 16
1481.51 623.71 16
1513.97 619.19 15
1545.39 612.24 15
1573.78 602.92 15
1605.79 599.47 15
1153.07 729.83 15
1184.18 723.15 15
1214.69 717.26 16
1244.55 711.48 16
1274.94 703.14 15
1306.85 697.35 15
1336.65 688.16 16
1364.72 683.70 14
1397.22 675.59 15
1429.32 668.49 14
1459.48 663.53 16
1489.76 656.58 15
1520.37 650.28 15
1551.29 642.52 15
1582.35 635.26 16
1612.30 628.65 16
1158.51 760.33 16
1191.01 755.64 15
1222.22 746.86 15
1251.87 739.97 15
1283.15 733.02 15
1312.27 725.95 14
1345.56 719.11 15
1373.31 712.03 14
1404.96 707.00 15
1435.37 699.96 15
1465.74 695.39 16
1498.07 686.15 15
1527.58 681.32 16
1557.76 671.62 15
1586.14 667.54 15
1619.24 660.51 15
1166.11 792.01 16
1196.20 784.23 15
1227.23 777.08 15
1257.81 770.11 16
1289.05 763.92 15
1320.06 756.43 15
1349.86 750.95 15
1383.55 745.83 14
1412.29 738.61 15
1441.30 730.39 15
1470.64 724.80 14
1503.25 716.55 15
1534.21 710.86 15
1566.77 702.97 15
1594.61 697.13 15
1625.70 690.67 14
1171.12 820.31 16
1203.90 813.94 15
1235.48 806.91 15
1266.09 799.92 15
1296.93 795.62 15
1356.85 779.85 15
1386.41 776.31 15
1418.28 770.12 15
1448.76 762.33 15
1480.20 756.01 16
1509.84 748.52 16
1540.53 742.34 15
1572.30 735.37 15
1602.84 727.75 15
1632.39 722.53 14
1178.38 854.36 16
1210.35 846.18 14
1242.16 841.93 16
1273.42 833.31 15
1303.39 828.15 16
1331.90 819.55 15
1362.65 813.55 16
1394.62 803.57 15
1423.43 797.73 14
1456.10 791.04 15
1486.07 785.60 15
1518.07 778.43 16
1548.41 773.07 15
1578.49 763.65 15
1610.09 759.38 15
1638.13 751.75 16
1185.98 882.83 15
1217.56 877.10 15
1245.44 870.10 15
1278.42 863.21 16
1308.95 856.82 16
1338.96 849.36 15
1369.38 843.20 16
1402.12 836.08 15
1431.34 827.08 15
1462.64 822.53 15
1494.12 815.81 15
1523.56 808.56 15
1554.43 803.60 15
1584.53 796.12 14
1616.53 791.19 15
1644.77 784.51 15
1194.00 912.82 15
1224.20 908.04 16
1286.23 893.06 16
1315.58 887.90 15
1377.22 874.03 15
1408.34 866.64 15
1439.74 861.70 15
1468.29 853.95 15
1498.29 846.18 15
1530.57 839.57 16
1560.79 833.61 15
1592.53 825.62 15
1624.13 818.07 15
1653.22 812.17 15
1200.93 944.25 15
1231.89 937.42 14
1262.56 931.93 15
1291.40 922.35 15
1323.67 919.54 15
1352.46 912.13 15
1384.32 903.52 15
1415.96 898.23 14
1443.29 890.19 14
1475.54 884.10 16
1504.81 877.36 15
1536.29 869.68 16
1567.83 863.65 14
1597.30 859.53 15
1628.86 852.12 15
1659.10 842.99 15
