0.226127 0.310479 0.012338
0.240319 0.309115 0.017144
0.254556 0.309840 0.009601
0.268580 0.311043 0.011664
0.285982 0.312153 0.015025
0.301531 0.312399 0.011602
0.318628 0.312302 0.010214
0.331853 0.311937 0.011467
0.347469 0.314885 0.012804
0.362072 0.312825 0.011495
0.379153 0.312688 0.008609
0.395762 0.314875 0.014354
0.411136 0.312686 0.012321
0.426071 0.313762 0.010524
0.441662 0.310814 0.011879
0.456394 0.310996 0.008491
0.469872 0.311118 0.016924
0.486805 0.310971 0.010498
0.502236 0.309394 0.018370
0.518501 0.309402 0.015928
0.533091 0.307335 0.015335
0.548685 0.305570 0.009537
0.565658 0.303832 0.021972
0.580302 0.304296 0.007148
0.594721 0.302319 0.015564
0.609394 0.301770 0.011511
0.626258 0.300125 0.007953
0.642235 0.299652 0.012540
0.658537 0.299251 0.012121
0.673226 0.296662 0.012942
0.687142 0.296749 0.011519
0.702746 0.295276 0.009690
0.719766 0.294098 0.011588
0.750615 0.294234 0.012078
0.765361 0.290965 0.014755
0.786807 0.290482 0.013528
0.797175 0.290645 0.015034
0.224321 0.289273 0.008850
0.243523 0.294118 0.015836
0.254027 0.292778 0.010244
0.270184 0.292955 0.008165
0.286361 0.294913 0.014980
0.298878 0.293427 0.014434
0.316948 0.295398 0.017914
0.332216 0.295456 0.012131
0.347162 0.295094 0.014009
0.379528 0.294844 0.009328
0.394573 0.296120 0.014494
0.410149 0.294299 0.014856
0.440613 0.290295 0.016569
0.456051 0.292324 0.010432
0.470903 0.289476 0.017720
0.487638 0.291839 0.013581
0.500933 0.291422 0.012112
0.518530 0.289103 0.008325
0.533682 0.290357 0.012254
0.549146 0.288188 0.008706
0.565585 0.286414 0.013544
0.579499 0.284926 0.009637
0.595486 0.284456 0.010915
0.610719 0.282464 0.009108
0.626656 0.282256 0.009128
0.643084 0.284370 0.015798
0.656323 0.278447 0.012135
0.688185 0.277049 0.006846
0.703343 0.276550 0.012391
0.720137 0.274165 0.014554
0.736427 0.272782 0.012545
0.750614 0.275797 0.013704
0.765952 0.272382 0.007875
0.782207 0.273491 0.012226
0.797033 0.271706 0.008499
0.222021 0.272808 0.018929
0.237666 0.271659 0.009855
0.252985 0.266820 0.013076
0.268522 0.272355 0.010766
0.284346 0.273316 0.008360
0.298425 0.274406 0.005460
0.314302 0.274036 0.013726
0.328245 0.274505 0.015684
0.344992 0.274650 0.012385
0.361352 0.275973 0.012618
0.374691 0.274869 0.016097
0.391584 0.275165 0.011988
0.407046 0.273971 0.008562
0.423216 0.275198 0.011160
0.438483 0.273228 0.009665
0.453791 0.275141 0.015182
0.467996 0.271695 0.011769
0.486273 0.271951 0.011993
0.501791 0.272889 0.017098
0.516456 0.269583 0.012572
0.531471 0.270973 0.012723
0.549440 0.269246 0.009817
0.562870 0.267965 0.016165
0.577198 0.265859 0.012061
0.593340 0.264274 0.012037
0.607917 0.263919 0.012512
0.622085 0.263722 0.013592
0.640334 0.259805 0.013156
0.655940 0.260586 0.008765
0.670371 0.259476 0.002591
0.685886 0.256085 0.014515
0.700760 0.257267 0.012600
0.718418 0.256651 0.009331
0.732880 0.255150 0.014074
0.746985 0.254813 0.008410
0.762958 0.254453 0.008903
0.779031 0.253982 0.007282
0.792646 0.252238 0.012188
0.216124 0.252580 0.010097
0.234523 0.254616 0.014918
0.248473 0.254339 0.014040
0.262861 0.253410 0.011501
0.278583 0.255029 0.013298
0.293995 0.254635 0.011114
0.310363 0.255087 0.010696
0.326239 0.256363 0.007564
0.342426 0.254323 0.015630
0.357308 0.256049 0.017572
0.371367 0.255545 0.013171
0.392014 0.248818 0.014855
0.405645 0.256985 0.012325
0.418993 0.255466 0.012329
0.434255 0.255863 0.006047
0.449148 0.255063 0.009186
0.466185 0.254451 0.009780
0.479189 0.252665 0.011527
0.496888 0.251056 0.014818
0.512399 0.252285 0.007082
0.527246 0.250341 0.007207
0.542925 0.250065 0.006400
0.557113 0.249924 0.013125
0.572059 0.246011 0.017949
0.588746 0.246196 0.010966
0.602958 0.244593 0.011596
0.618078 0.242421 0.016728
0.634784 0.242303 0.009825
0.650903 0.242965 0.014983
0.665107 0.238902 0.012939
0.681610 0.240082 0.015156
0.697719 0.238486 0.007381
0.713185 0.236781 0.012129
0.726476 0.236724 0.010652
0.742321 0.236204 0.017979
0.757129 0.234162 0.013944
0.774873 0.234976 0.012641
0.789468 0.235077 0.014054
0.212969 0.232726 0.009071
0.229051 0.234071 0.004790
0.245330 0.234878 0.011780
0.259563 0.236231 0.014560
0.274920 0.237038 0.008215
0.291994 0.238717 0.015212
0.306845 0.236294 0.009918
0.322217 0.235898 0.011427
0.337130 0.236484 0.009725
0.353304 0.238224 0.015479
0.369226 0.237646 0.008237
0.384233 0.240193 0.016139
0.399186 0.238785 0.010341
0.414543 0.237443 0.014723
0.429142 0.236394 0.010026
0.444397 0.235007 0.014736
0.461505 0.235462 0.008759
0.478559 0.234281 0.014670
0.491525 0.232790 0.013728
0.505856 0.232020 0.015295
0.523677 0.230450 0.013907
0.537679 0.229260 0.009464
0.553836 0.230037 0.011330
0.566100 0.228392 0.013025
0.585102 0.228921 0.010820
0.600547 0.225751 0.010568
0.616260 0.224324 0.009553
0.630581 0.223515 0.015293
0.647440 0.222789 0.012263
0.663569 0.220324 0.011773
0.677712 0.221117 0.015293
0.693194 0.219569 0.009495
0.708666 0.219683 0.012515
0.724059 0.217522 0.015176
0.737997 0.216524 0.010948
0.770459 0.215702 0.010999
0.785541 0.215497 0.007965
0.210240 0.218908 0.002330
0.213562 0.218932 0.002586
0.216899 0.219122 0.001734
0.220416 0.219441 0.003199
0.223708 0.219792 0.003525
0.226610 0.219596 0.001702
0.230168 0.219958 0.002168
0.229707 0.215282 0.002195
0.237078 0.220213 0.001988
0.208690 0.213845 0.012557
0.223023 0.213986 0.017124
0.240097 0.214783 0.007082
0.254009 0.215095 0.012905
0.268694 0.215483 0.013589
0.287041 0.218570 0.012440
0.302246 0.217796 0.008143
0.316586 0.218354 0.013929
0.331492 0.218356 0.010841
0.348538 0.218339 0.008681
0.363681 0.218565 0.012693
0.379145 0.217491 0.010141
0.409586 0.216894 0.015195
0.425271 0.217445 0.016230
0.440576 0.217501 0.010139
0.455880 0.215005 0.011718
0.469133 0.211537 0.010770
0.489491 0.214373 0.012623
0.505033 0.213882 0.011345
0.519708 0.213697 0.013655
0.531844 0.208193 0.015157
0.549169 0.211898 0.016482
0.564529 0.208644 0.011715
0.580811 0.207165 0.012401
0.596615 0.205304 0.012423
0.610922 0.206393 0.009273
0.627856 0.204345 0.010401
0.206306 0.195241 0.012386
0.221298 0.195706 0.012444
0.235797 0.195102 0.014177
0.252593 0.197176 0.013401
0.268743 0.198459 0.010176
0.283252 0.200069 0.014180
0.302119 0.199548 0.012321
0.315685 0.199542 0.005218
0.331555 0.201124 0.011341
0.347243 0.199419 0.008136
0.360271 0.199908 0.010330
0.377067 0.199711 0.008473
0.391072 0.198859 0.015927
0.407765 0.198840 0.008348
0.423461 0.199318 0.011465
0.438053 0.198239 0.012696
0.454133 0.198332 0.011284
0.470281 0.195035 0.007245
0.484612 0.194805 0.012966
0.499844 0.193866 0.015177
0.517841 0.192445 0.010956
0.531170 0.192195 0.012845
0.546658 0.192321 0.011876
0.563712 0.190966 0.012344
0.577673 0.187265 0.016954
0.593346 0.188565 0.009019
0.608493 0.185029 0.015097
0.624012 0.185178 0.008387
0.639595 0.185976 0.010503
0.654899 0.183086 0.009523
0.670355 0.183209 0.016008
0.685415 0.181745 0.012768
0.703036 0.180374 0.013939
0.716285 0.180660 0.012779
0.731878 0.179821 0.013251
0.748133 0.178444 0.008577
0.761317 0.175592 0.017638
0.780719 0.178148 0.015271
0.204768 0.174414 0.014087
0.222365 0.175558 0.012659
0.238609 0.175840 0.012888
0.252471 0.178102 0.010899
0.266689 0.178564 0.009866
0.282623 0.180534 0.014980
0.300272 0.179053 0.014896
0.315582 0.179729 0.014790
0.346185 0.181091 0.006286
0.354434 0.180032 0.016169
0.375451 0.180281 0.009581
0.392388 0.179030 0.011531
0.407264 0.179820 0.006537
0.424074 0.177969 0.013420
0.438212 0.178636 0.008768
0.452557 0.177237 0.012282
0.469137 0.178314 0.016921
0.484969 0.177744 0.011388
0.499932 0.175844 0.014334
0.515842 0.174886 0.011599
0.533876 0.174132 0.017121
0.545908 0.173733 0.008302
0.562216 0.171347 0.005290
0.576736 0.168829 0.011943
0.593375 0.170753 0.011702
0.608977 0.168601 0.010146
0.625342 0.165640 0.014687
0.640394 0.166044 0.017947
0.655660 0.164728 0.011360
0.669378 0.164133 0.015218
0.685982 0.163005 0.012916
0.701287 0.161375 0.012123
0.207075 0.164913 0.002793
0.210826 0.165169 0.003028
0.214426 0.165180 0.003209
0.218092 0.165080 0.003203
0.221376 0.165692 0.004417
0.224693 0.164985 0.002977
0.228411 0.165794 0.002225
0.232060 0.165541 0.002441
0.235872 0.166271 0.003188
0.239406 0.165796 0.003685
0.207205 0.157137 0.009885
0.223181 0.157504 0.014643
0.239551 0.159759 0.013847
0.255629 0.160676 0.012975
0.284414 0.160378 0.009931
0.300719 0.160622 0.010723
0.317388 0.160205 0.014539
0.331082 0.160735 0.009928
0.346012 0.159626 0.013886
0.363368 0.161674 0.009857
0.378238 0.158351 0.018698
0.393637 0.160457 0.007665
0.408526 0.160488 0.015764
0.425789 0.161213 0.013165
0.440305 0.158500 0.011619
0.453958 0.159862 0.010656
0.469642 0.158664 0.008153
0.488094 0.157693 0.013340
0.501523 0.156179 0.009925
0.516765 0.156054 0.008296
0.534264 0.154600 0.014061
0.549341 0.153347 0.010333
0.563808 0.152857 0.008808
0.580665 0.151523 0.009717
0.593130 0.149509 0.014937
0.610038 0.148471 0.006735
0.625118 0.146255 0.013064
0.639060 0.145312 0.014293
0.657044 0.145353 0.012373
0.672797 0.142877 0.011888
0.688120 0.143242 0.009221
0.703232 0.141980 0.010412
0.717312 0.141182 0.008204
0.732770 0.139885 0.011591
0.749459 0.139089 0.008044
0.764333 0.141035 0.014108
0.781715 0.138028 0.013117
0.212101 0.138033 0.009655
0.227511 0.138390 0.013819
0.242596 0.139392 0.008939
0.257762 0.141399 0.010175
0.274176 0.140592 0.008562
0.289056 0.140742 0.014834
0.304689 0.141274 0.012049
0.320579 0.141833 0.010660
0.334635 0.142753 0.011170
0.350217 0.143253 0.010929
0.367085 0.141810 0.010508
0.381774 0.141330 0.013853
0.396399 0.142296 0.012480
0.412122 0.140189 0.009430
0.428003 0.142394 0.012488
0.444361 0.138889 0.012119
0.458076 0.140861 0.010770
0.474474 0.138002 0.012202
0.489947 0.140044 0.014528
0.507972 0.136876 0.015051
0.519567 0.137622 0.010512
0.537140 0.135054 0.012638
0.550904 0.133263 0.011408
0.567211 0.132581 0.011151
0.583164 0.131562 0.015961
0.598490 0.131892 0.014199
0.613494 0.129139 0.012166
0.630137 0.127887 0.011614
0.644816 0.127771 0.009371
0.660807 0.127294 0.010084
0.675413 0.125505 0.011170
0.691004 0.123664 0.010377
0.705584 0.124102 0.014740
0.720295 0.124237 0.016421
0.736814 0.122808 0.018979
0.752707 0.121019 0.006325
0.768447 0.120687 0.008461
0.784182 0.119248 0.007995
0.214250 0.125398 0.006080
0.222890 0.126184 0.007111
0.233210 0.126507 0.007527
0.241048 0.126597 0.006470
0.250140 0.126460 0.006065
0.262862 0.123884 0.006081
0.268034 0.127847 0.004196
0.277024 0.127440 0.007835
0.285510 0.128604 0.006121
0.294561 0.129399 0.004513
0.315445 0.128794 0.005083
0.323799 0.129761 0.005393
0.333069 0.129215 0.005412
0.341786 0.129328 0.003838
0.350707 0.129151 0.006818
0.359474 0.128954 0.009381
0.369493 0.129442 0.007363
0.377661 0.129269 0.005046
0.386876 0.128977 0.005918
0.395495 0.129527 0.005160
0.215623 0.118149 0.014548
0.232627 0.119221 0.015950
0.245611 0.119155 0.014339
0.261947 0.121584 0.010370
0.277314 0.121547 0.010777
0.292047 0.120137 0.015068
0.309322 0.122706 0.011308
0.324803 0.122361 0.014563
0.339885 0.123362 0.006383
0.355073 0.123237 0.009879
0.371409 0.123014 0.014424
0.388095 0.121422 0.013244
0.403364 0.120811 0.013838
0.416059 0.123920 0.012446
0.430846 0.122169 0.011971
0.446507 0.122440 0.011497
0.460873 0.118857 0.017600
0.478885 0.119691 0.004863
0.494673 0.118336 0.014959
0.507939 0.118561 0.008077
0.525515 0.117488 0.008736
0.540527 0.116434 0.015312
0.555981 0.115912 0.013516
0.572315 0.113786 0.011767
0.588322 0.112457 0.010646
0.602657 0.110533 0.013389
0.619131 0.110305 0.014390
0.632110 0.109535 0.011249
0.648875 0.108620 0.011327
0.663562 0.107519 0.010728
0.678789 0.106059 0.014636
0.695739 0.104625 0.008454
0.710750 0.104781 0.008304
0.727034 0.102359 0.012781
0.741455 0.102207 0.011492
0.756781 0.101303 0.007307
0.771794 0.100458 0.015865
0.787617 0.100417 0.013078
0.221452 0.099995 0.012968
0.234942 0.101425 0.009592
0.250298 0.101075 0.010117
0.265336 0.103120 0.013016
0.280423 0.102382 0.012485
0.296467 0.102559 0.010150
0.310113 0.104666 0.016229
0.327875 0.104184 0.007950
0.343140 0.103962 0.010688
0.373992 0.104548 0.007566
0.390787 0.105693 0.014817
0.402898 0.104996 0.015822
0.420823 0.103816 0.010443
0.436358 0.103302 0.007555
0.452343 0.103390 0.015605
0.466606 0.102398 0.012885
0.481872 0.100299 0.014989
0.513090 0.099506 0.012787
0.528330 0.098427 0.007701
0.544505 0.096514 0.011780
0.561668 0.095987 0.011163
0.576388 0.094960 0.011342
0.590043 0.095514 0.011010
0.606175 0.094164 0.009627
0.637280 0.091148 0.016777
0.651836 0.089895 0.016858
0.667706 0.089258 0.009773
0.683538 0.087427 0.008643
0.696823 0.086287 0.016236
0.713306 0.085891 0.013885
0.728822 0.084482 0.012925
0.744535 0.083243 0.008789
0.761769 0.082976 0.013466
0.774761 0.081968 0.011926
0.790028 0.082282 0.013401
0.222800 0.081185 0.008701
0.240125 0.082913 0.018908
0.253883 0.083001 0.015279
0.269080 0.084135 0.006721
0.284309 0.084436 0.015316
0.299932 0.083776 0.007080
0.315574 0.084454 0.010300
0.330362 0.084427 0.011444
0.347120 0.083507 0.013383
0.362921 0.085710 0.014053
0.377145 0.085802 0.013225
0.395288 0.083793 0.012893
0.408490 0.084734 0.007664
0.425812 0.084373 0.013098
0.439200 0.082957 0.016327
0.454805 0.084026 0.008966
0.467461 0.083225 0.015503
0.484265 0.082081 0.007939
0.499976 0.081571 0.007807
0.516239 0.079959 0.018765
0.531470 0.079278 0.008906
0.548076 0.079250 0.013591
0.561229 0.078237 0.009547
0.578608 0.077155 0.010996
0.592893 0.074294 0.015149
0.608381 0.075074 0.012237
0.624593 0.072719 0.005548
0.639682 0.071175 0.012060
0.655386 0.070817 0.013676
0.671086 0.068127 0.008863
0.685711 0.068212 0.014934
0.701651 0.067937 0.015303
0.717130 0.066594 0.009659
0.730134 0.065752 0.013238
0.747848 0.064881 0.008675
0.763487 0.063299 0.009271
0.778060 0.063299 0.014343
0.794913 0.063817 0.009055
0.222678 0.063333 0.015428
0.240153 0.061648 0.013971
0.255115 0.062621 0.013762
0.268448 0.063817 0.010059
0.285756 0.066582 0.015681
0.299528 0.064507 0.013544
0.315180 0.065928 0.010541
0.332102 0.065641 0.018072
0.346678 0.065679 0.011641
0.362424 0.065807 0.015313
0.377277 0.066160 0.010518
0.394491 0.065261 0.012733
0.408552 0.065744 0.011013
0.423035 0.065308 0.011212
0.438760 0.065539 0.015789
0.454980 0.064495 0.017409
0.469707 0.064281 0.007535
0.484621 0.062796 0.009273
0.500049 0.061922 0.014168
0.516576 0.060799 0.010396
0.531980 0.059267 0.010453
0.548766 0.057401 0.015201
0.561263 0.057669 0.011142
0.579907 0.058727 0.009198
0.594832 0.056971 0.011903
0.608844 0.055561 0.012471
0.625827 0.054173 0.013072
0.639321 0.053738 0.013466
0.655719 0.052272 0.013927
0.670963 0.050776 0.008589
0.685527 0.049844 0.013548
0.701847 0.048966 0.013547
0.719278 0.046219 0.011837
0.733990 0.046848 0.008513
0.747679 0.046696 0.011898
0.763817 0.044671 0.013998
0.780028 0.044235 0.009710
0.796482 0.043838 0.011361
0.221094 0.042753 0.012600
0.236273 0.041429 0.013756
0.252104 0.044062 0.012951
0.267475 0.044695 0.010440
0.282560 0.047815 0.010683
0.296925 0.045722 0.013395
0.314970 0.048022 0.012617
0.329777 0.046721 0.004801
0.343725 0.047873 0.010293
0.358567 0.045185 0.014222
0.376224 0.047219 0.012011
0.390588 0.047527 0.011216
0.406570 0.046582 0.010884
0.420613 0.046933 0.012173
0.437781 0.046828 0.013525
0.451578 0.046367 0.011703
0.468310 0.043818 0.009475
0.484450 0.044862 0.013057
0.501581 0.042982 0.015653
0.514903 0.042493 0.013224
0.529738 0.039843 0.014955
0.545634 0.041027 0.011267
0.560532 0.039508 0.018090
0.575360 0.039105 0.010900
0.591454 0.038127 0.012530
0.609141 0.036149 0.012098
0.622639 0.034616 0.010211
0.637488 0.035665 0.015903
0.652583 0.032061 0.011978
0.670617 0.031055 0.012440
0.684944 0.029801 0.005206
0.699264 0.027364 0.011627
0.715673 0.028500 0.011191
0.730764 0.026316 0.010361
0.747395 0.026454 0.011588
0.763538 0.025505 0.011554
0.778421 0.026667 0.012791
0.793857 0.024349 0.014141
0.846530 0.102861 0.009595
0.857988 0.105767 0.006913
0.865277 0.104366 0.014035
0.872103 0.104367 0.007114
0.883003 0.101907 0.007601
0.889356 0.101742 0.007801
0.898804 0.096928 0.005549
0.908830 0.094687 0.007832
0.916980 0.094132 0.012316
0.925174 0.091199 0.007459
0.933442 0.090943 0.007517
0.941592 0.091554 0.011777
0.949354 0.093204 0.011135
0.960167 0.095170 0.010403
0.848260 0.092726 0.007543
0.856871 0.092195 0.011040
0.863453 0.092446 0.011936
0.873238 0.091781 0.015486
0.881818 0.089349 0.011787
0.888205 0.091611 0.013165
0.898084 0.086364 0.003256
0.905756 0.083039 0.005538
0.914053 0.082672 0.006589
0.924614 0.080996 0.007541
0.933564 0.081564 0.008924
0.940430 0.081879 0.002488
0.950241 0.082564 0.006366
0.958214 0.083813 0.003212
0.846936 0.082714 0.004829
0.864004 0.082900 0.005368
0.874044 0.082209 0.002077
0.881361 0.081002 0.005738
0.890044 0.078859 0.009000
0.902307 0.073757 0.010168
0.910469 0.072337 0.003238
0.920342 0.069178 0.009207
0.927234 0.070905 0.004940
0.933652 0.070139 0.015806
0.948875 0.071522 0.014071
0.953869 0.070824 0.011645
0.962427 0.074329 0.003180
0.852611 0.073063 0.003022
0.863436 0.070762 0.013412
0.879117 0.071060 0.002565
0.885512 0.070145 0.008544
0.895167 0.067467 0.009033
0.904642 0.064774 0.004063
0.913645 0.061890 0.005891
0.921939 0.061158 0.007777
0.932012 0.058893 0.012115
0.938364 0.059953 0.007593
0.947396 0.060335 0.010775
0.956730 0.062360 0.006408
0.965505 0.062345 0.008284
0.856350 0.062633 0.007939
0.861399 0.062865 0.014370
0.869490 0.062065 0.012344
0.880904 0.060529 0.009087
0.887385 0.059243 0.008159
0.897110 0.056276 0.006483
0.905291 0.054672 0.005407
0.914063 0.050213 0.005419
0.922807 0.049477 0.009245
0.931357 0.049734 0.007851
0.938479 0.050652 0.008638
0.943858 0.048132 0.013187
0.955632 0.051405 0.008196
0.962576 0.051290 0.011069
0.880406 0.251208 0.001047
0.882171 0.250700 0.001330
0.883554 0.250422 0.001173
0.885341 0.249997 0.001153
0.887110 0.249672 0.001581
0.888674 0.248855 0.001692
0.890070 0.248511 0.001442
0.891601 0.247751 0.001331
0.892742 0.247104 0.002005
0.894425 0.245867 0.001428
0.895645 0.245111 0.001101
0.879867 0.247968 0.001099
0.881570 0.247341 0.001624
0.882971 0.247133 0.001471
0.884667 0.246903 0.001373
0.886402 0.246540 0.001380
0.887978 0.245814 0.001204
0.889327 0.245331 0.001347
0.890878 0.244387 0.001296
0.892020 0.243736 0.001189
0.893653 0.242562 0.001819
0.894892 0.241718 0.001209
0.896553 0.240819 0.000988
0.879191 0.244876 0.001433
0.880673 0.244633 0.001415
0.882442 0.244190 0.001206
0.883963 0.243873 0.001189
0.885667 0.243246 0.001167
0.887307 0.242661 0.001590
0.888529 0.242156 0.001356
0.889955 0.241163 0.000834
0.891254 0.240183 0.001240
0.892603 0.239269 0.001422
0.894188 0.238390 0.000841
0.895454 0.237542 0.001332
0.878475 0.241731 0.001669
0.880090 0.241366 0.001209
0.881522 0.240966 0.001664
0.883309 0.240763 0.001262
0.884789 0.240091 0.001291
0.886301 0.239553 0.001464
0.887853 0.238635 0.001048
0.889284 0.237520 0.001580
0.890596 0.236898 0.001426
0.892038 0.235680 0.001505
0.893448 0.234916 0.001459
0.894919 0.234241 0.001391
0.878105 0.238631 0.001218
0.879685 0.238167 0.001218
0.881309 0.237842 0.001166
0.882793 0.237443 0.001129
0.884580 0.236776 0.001523
0.885807 0.236135 0.001333
0.887294 0.235245 0.001242
0.888561 0.234069 0.001537
0.890087 0.233243 0.001575
0.891429 0.232321 0.001643
0.892994 0.231549 0.001132
0.894540 0.230896 0.001159
