32.99 270.51 3
32.75 276.72 3
33.50 283.96 2
34.27 290.06 2
34.78 296.02 2
33.95 302.69 2
34.48 308.91 3
35.17 315.68 2
35.43 321.53 2
34.54 328.00 2
35.64 334.86 3
34.61 340.60 3
34.50 347.15 2
34.07 353.77 3
34.38 359.37 3
32.87 366.27 2
32.93 372.34 2
47.87 270.95 2
48.70 277.24 3
49.13 283.05 2
49.19 289.85 3
50.06 296.30 2
50.68 302.39 3
50.23 309.74 3
50.29 315.43 2
50.32 321.39 3
50.57 328.13 3
49.86 333.98 3
50.58 339.96 3
49.92 346.74 2
64.12 271.94 2
63.83 276.86 3
64.60 284.70 3
65.04 291.39 2
64.33 296.22 2
65.36 303.29 3
65.56 309.01 2
65.48 316.13 2
65.97 322.32 3
65.04 328.52 2
65.41 335.41 2
64.67 341.08 3
64.37 347.70 2
64.10 353.98 2
64.20 360.15 2
63.28 366.65 3
63.06 372.47 2
79.27 272.52 2
79.18 279.28 3
79.67 284.10 3
79.54 292.04 3
79.81 298.15 2
80.28 305.02 3
80.68 310.06 3
80.21 316.32 2
80.02 323.11 2
79.58 329.63 2
79.87 335.75 2
79.05 341.88 2
79.35 348.05 2
79.59 354.46 3
78.67 361.29 2
78.51 367.57 2
78.03 373.73 2
78.01 380.81 2
94.43 273.43 3
94.39 279.64 3
94.69 285.54 3
95.12 292.18 3
95.70 298.57 3
96.26 304.51 2
95.79 310.55 2
96.05 318.02 3
96.26 323.44 2
95.66 330.18 2
96.15 336.66 3
95.65 342.72 3
95.85 349.41 2
94.55 355.90 3
93.81 361.93 3
94.22 368.44 2
93.43 374.35 3
93.67 380.79 2
93.72 387.10 3
110.21 273.29 2
110.31 279.62 3
110.17 285.11 3
110.89 292.31 3
111.19 298.12 2
112.69 305.12 3
112.27 311.01 3
112.41 317.73 2
111.46 324.42 3
111.92 330.75 3
111.87 336.91 2
112.40 342.92 2
112.10 349.03 2
110.80 355.68 2
110.83 361.56 3
110.00 368.17 2
109.83 375.21 2
109.38 380.58 2
125.19 273.88 3
126.04 279.70 3
126.06 285.50 2
126.51 291.72 2
126.97 298.72 3
127.21 304.68 3
127.57 311.54 3
127.29 316.91 2
127.28 323.76 2
127.94 330.33 3
127.11 336.26 3
127.11 342.54 3
126.96 349.23 3
127.11 356.10 2
126.26 361.55 2
126.03 367.86 3
125.43 373.94 3
124.38 380.80 3
124.44 387.04 2
425.24 449.70 16
441.99 449.50 18
459.23 445.24 18
477.53 448.43 17
495.48 447.26 16
512.12 447.22 17
529.75 446.90 18
547.92 446.56 17
564.78 447.87 16
584.62 446.01 17
600.68 445.38 18
617.90 447.19 16
634.34 446.27 16
655.10 446.95 18
669.62 448.33 17
685.27 446.71 19
705.07 447.53 16
724.40 445.82 16
741.51 445.95 15
759.62 445.30 18
777.60 448.73 19
795.48 445.48 16
811.99 442.35 17
829.36 444.04 17
848.68 444.72 16
863.82 443.57 15
881.47 442.07 16
899.63 439.71 16
916.58 437.95 16
936.63 436.93 17
952.67 433.73 16
405.10 414.73 14
421.37 415.86 15
438.96 414.81 17
458.25 414.77 17
474.63 415.22 16
488.28 411.99 16
509.85 412.11 17
527.59 412.76 17
545.08 413.67 16
559.92 411.15 15
579.54 410.12 16
597.64 413.98 16
617.55 415.23 16
631.83 415.11 15
651.45 412.62 17
669.18 413.70 17
686.42 411.56 15
703.80 412.25 16
723.59 414.46 18
739.65 412.04 15
758.13 412.60 18
774.67 411.76 16
792.12 408.93 17
808.58 413.07 16
826.34 411.71 16
845.82 409.22 17
864.35 408.52 16
879.63 407.88 18
898.25 406.25 17
916.23 403.70 17
934.41 403.25 17
948.02 401.53 16
966.99 399.24 18
421.00 379.90 17
440.34 380.65 16
453.67 382.10 15
472.45 376.85 18
491.01 380.05 16
509.35 377.66 16
525.65 377.04 16
543.42 377.79 15
560.89 379.11 17
579.53 378.99 17
596.55 380.57 16
614.55 379.02 16
632.44 380.61 16
649.48 380.38 17
664.88 381.21 17
685.68 380.22 17
704.14 381.69 17
719.14 381.58 15
739.07 382.17 17
753.50 381.00 15
771.85 379.93 16
789.03 380.45 16
807.39 379.32 17
825.28 379.66 15
841.23 376.80 19
861.50 376.23 16
875.60 374.41 15
894.67 374.60 16
912.85 372.20 16
928.82 370.74 18
946.40 368.75 16
409.19 346.98 17
426.80 344.63 17
443.86 344.65 17
461.33 344.23 16
481.49 342.50 15
498.90 345.52 15
516.05 344.36 17
531.13 342.17 15
552.04 346.37 16
570.72 345.93 16
585.37 344.74 19
602.79 347.60 17
620.09 346.78 15
638.50 345.87 17
655.79 347.57 17
673.55 349.45 18
690.88 349.84 17
708.62 348.13 17
726.69 351.35 16
742.43 347.58 18
760.78 349.59 17
779.30 349.54 16
798.01 349.49 18
816.06 348.52 17
831.61 347.42 17
849.98 345.11 15
867.90 345.72 18
884.48 341.47 15
901.81 339.18 16
918.44 337.50 17
938.61 335.44 15
954.47 334.50 16
419.26 311.06 16
434.23 309.96 18
456.14 311.47 18
469.16 310.40 17
488.04 310.52 15
505.69 309.62 18
524.41 308.53 17
541.26 309.07 17
559.10 309.03 16
573.76 307.75 17
594.91 309.00 15
611.94 311.52 16
627.42 311.23 17
647.59 311.89 16
663.33 313.36 16
682.75 313.48 17
701.20 313.08 16
716.93 313.83 17
736.90 314.58 17
752.72 314.03 16
769.77 313.23 15
787.61 313.29 17
803.37 312.72 17
822.89 310.22 16
841.31 310.74 16
858.49 307.96 17
875.47 306.48 16
895.79 304.52 17
911.87 304.58 18
930.03 299.26 19
947.58 298.63 18
409.78 277.79 16
427.89 276.69 18
444.18 278.87 17
461.89 275.11 16
480.45 273.48 16
499.30 274.78 17
515.41 271.97 18
532.88 274.44 16
548.93 273.99 16
565.98 274.74 16
584.71 274.14 17
603.04 271.05 18
619.93 275.76 17
639.85 275.23 16
656.75 275.60 16
673.71 275.64 15
691.11 276.34 17
707.44 274.90 16
726.67 274.60 16
745.71 275.23 16
761.14 276.37 16
780.12 274.35 16
797.83 274.87 16
813.70 271.06 17
832.85 272.45 16
848.83 271.60 16
866.18 272.47 16
884.04 268.79 16
901.33 267.03 18
920.37 266.63 16
936.74 262.29 18
955.79 260.85 14
410.69 241.06 17
429.34 242.24 17
447.01 240.55 17
463.36 239.43 15
480.24 237.07 18
498.82 240.34 16
515.89 239.33 18
532.96 239.18 17
548.77 239.54 17
571.46 242.03 16
585.35 242.85 18
605.42 242.43 17
623.48 244.33 17
640.04 244.91 17
654.71 245.88 17
673.33 246.80 16
692.10 246.97 15
709.22 248.72 16
725.72 246.88 15
745.62 247.30 15
762.59 247.89 16
780.26 246.89 17
798.14 247.24 17
815.34 246.74 17
832.94 244.00 16
850.75 243.29 15
867.63 242.26 17
884.67 240.72 18
902.04 238.48 17
922.87 234.39 18
937.87 232.89 16
956.28 230.22 17
396.74 208.23 17
413.63 207.85 17
429.60 207.70 17
447.65 206.89 19
466.07 205.84 16
484.30 204.87 15
500.65 207.66 16
516.18 207.18 17
536.18 206.01 17
554.65 209.41 17
569.86 210.92 17
589.05 210.68 17
605.33 210.79 17
621.68 212.59 15
639.01 216.26 17
657.37 215.40 16
678.03 219.85 16
693.93 222.64 18
711.16 220.75 17
730.65 224.80 17
746.06 222.31 15
764.88 221.63 15
779.60 220.36 16
799.98 219.22 16
818.59 217.08 17
832.75 215.53 19
853.26 213.94 16
869.30 211.91 17
886.41 208.52 16
905.20 204.58 15
923.19 201.36 17
939.42 200.10 16
959.01 194.69 16
976.67 192.26 16
403.19 172.91 16
423.25 171.03 17
440.63 172.22 16
457.21 170.58 17
474.49 168.70 17
493.23 171.29 18
510.44 167.99 15
526.68 168.30 17
545.25 171.15 17
564.21 168.67 16
580.91 171.34 17
599.40 171.88 16
616.82 172.80 17
633.75 171.86 17
651.54 173.49 18
668.85 174.43 16
687.36 174.22 17
704.32 177.43 15
721.53 176.98 17
739.91 175.17 17
756.08 175.36 15
774.98 175.85 16
791.89 177.70 14
809.27 173.70 18
825.90 173.15 16
844.15 170.17 16
862.82 169.79 16
880.87 167.25 15
897.76 164.02 17
914.37 164.80 16
933.54 162.36 17
950.78 158.06 15
967.70 155.54 17
432.77 136.22 16
449.58 138.39 18
466.52 135.55 16
485.95 134.54 16
502.53 135.25 17
520.75 135.61 17
536.75 135.79 15
556.78 132.63 17
575.33 133.97 16
592.27 134.38 14
608.68 132.52 18
625.49 136.93 17
642.55 135.70 18
661.38 134.65 17
680.40 135.05 18
696.71 135.64 17
715.54 136.00 17
732.19 137.15 16
750.54 134.21 17
768.49 134.59 16
785.18 133.93 16
802.02 133.01 18
819.47 131.53 17
838.24 133.10 16
856.35 130.54 17
874.82 129.67 15
889.46 130.10 16
906.55 126.77 18
925.90 127.00 15
943.57 123.63 17
425.46 101.32 17
443.16 102.76 16
459.89 98.36 16
478.06 100.70 16
496.35 98.26 17
512.50 98.15 16
529.92 100.79 18
548.96 97.48 20
564.69 100.01 14
583.33 101.58 17
601.11 99.14 16
617.93 100.53 17
635.25 99.33 17
652.99 99.76 17
671.87 98.84 16
688.97 98.80 16
707.77 99.45 17
724.93 99.47 15
743.87 100.95 18
760.46 98.01 15
777.52 98.76 17
794.86 98.72 18
813.04 100.10 17
827.85 96.99 15
845.95 96.42 16
863.25 94.95 16
881.49 93.29 16
900.30 91.95 14
916.84 91.03 16
934.70 91.04 17
953.52 86.63 17
1136.19 210.89 9
1147.52 210.69 9
1159.26 213.74 8
1169.81 213.83 8
1180.44 212.36 8
1191.71 213.63 8
1201.87 212.30 9
1214.83 211.71 8
1226.59 210.29 9
1237.41 210.47 9
1247.81 207.66 8
1135.49 188.03 9
1146.91 188.04 8
1158.12 190.92 8
1169.74 191.13 9
1181.40 193.65 9
1192.13 195.62 9
1204.70 193.73 9
1215.88 190.29 9
1226.06 191.29 8
1237.68 187.56 9
1248.51 187.97 8
1136.10 168.06 9
1147.67 167.49 9
1156.96 166.53 8
1169.33 168.46 9
1181.12 167.25 9
1191.21 168.02 9
1202.36 167.31 9
1214.72 165.77 8
1225.58 166.16 8
1237.27 164.53 9
1249.07 164.95 9
