728.01 275.60 15
759.10 267.48 15
795.44 263.11 15
821.82 256.57 16
851.53 254.32 15
883.44 243.96 15
916.29 243.01 16
947.30 238.39 15
981.28 232.08 15
1007.99 226.66 15
1036.50 223.57 15
1073.49 217.21 15
1102.55 215.82 15
1132.62 205.05 15
1161.46 199.26 15
1192.40 198.59 15
737.97 303.38 15
762.65 298.59 16
795.36 293.04 15
825.78 291.24 15
862.12 286.74 15
890.13 277.59 15
919.68 276.80 15
953.20 269.63 15
986.72 264.77 15
1011.62 258.96 15
1042.73 253.97 15
1076.74 251.44 15
1106.70 242.13 15
1135.22 239.40 15
1167.36 235.37 15
1199.15 227.56 15
741.23 332.65 15
767.59 328.85 15
803.42 326.61 15
833.75 319.74 16
867.65 313.21 15
889.61 308.79 15
925.13 305.98 15
955.78 299.68 15
990.60 294.03 15
1015.86 288.08 15
1048.28 284.11 16
1080.74 277.92 15
1112.95 275.99 15
1143.42 269.46 15
1170.30 261.98 15
1208.50 260.03 15
743.26 365.05 16
777.39 364.96 15
808.64 354.90 15
837.10 351.46 15
869.67 344.71 15
896.43 340.27 15
930.35 335.55 15
960.52 330.97 15
989.56 327.12 15
1022.74 324.77 15
1052.59 317.33 15
1087.76 312.43 16
1114.13 302.24 16
1144.78 304.85 16
1177.20 291.19 16
1208.79 291.85 15
755.43 397.63 15
784.48 391.14 15
811.71 384.40 15
841.86 387.03 16
878.75 377.78 15
905.25 371.77 15
932.62 371.07 15
968.25 366.78 15
993.65 355.55 15
1031.23 351.92 15
1059.65 342.30 15
1087.65 339.93 16
1120.12 337.03 15
1148.21 335.57 15
1187.22 327.57 15
1215.48 327.85 15
756.32 428.63 15
787.74 417.71 15
846.88 415.85 16
877.83 409.54 15
910.12 402.00 15
939.09 400.20 15
970.98 394.27 15
1003.30 389.02 15
1063.23 378.13 15
1092.47 369.55 15
1124.68 365.08 15
1159.06 364.59 16
1191.17 357.16 15
1221.87 352.96 15
759.41 460.66 15
791.79 451.62 15
822.15 446.36 15
855.80 442.66 15
881.89 438.74 15
916.96 431.99 15
946.34 427.99 15
976.80 427.16 15
1012.73 416.83 15
1042.42 412.63 15
1065.78 407.01 15
1100.46 401.85 15
1133.18 399.29 15
1164.80 393.10 15
1190.89 389.84 15
1225.14 382.43 15
765.71 492.31 15
794.59 488.18 15
828.37 478.94 15
856.96 477.43 15
889.14 473.22 15
917.43 464.51 15
951.30 457.65 15
982.95 456.32 15
1012.18 451.83 15
1041.06 441.27 15
1073.77 435.21 16
1105.74 432.92 15
1137.34 432.94 16
1166.96 425.44 15
1200.70 420.15 15
1228.08 411.58 15
769.69 519.28 15
803.56 511.57 15
829.52 508.80 15
862.95 506.88 15
894.25 500.40 16
922.92 495.63 15
952.42 490.13 15
984.28 485.01 15
1012.88 481.42 15
1048.18 473.66 16
1079.44 471.55 15
1111.80 464.37 15
1145.98 462.83 16
1171.99 450.76 15
1203.75 450.33 15
773.68 551.87 15
802.20 545.96 15
834.67 539.71 15
868.02 536.75 15
898.84 533.26 15
929.80 527.40 15
959.58 524.05 15
991.65 516.65 15
1022.03 513.26 15
1052.85 504.93 15
1081.37 500.42 15
1113.67 497.72 15
1145.91 488.59 15
1208.59 481.98 15
1240.25 474.29 15
784.24 584.50 15
811.57 579.24 15
840.55 569.90 15
868.50 569.13 15
902.63 561.23 15
937.12 556.54 15
963.24 552.14 15
995.54 546.46 16
1026.97 541.87 15
1058.62 535.48 15
1086.39 528.28 15
1122.16 527.44 15
1152.62 522.28 15
1179.86 516.29 15
1207.22 514.19 15
1245.36 505.90 15
785.34 615.56 15
815.51 607.11 15
842.90 605.63 15
876.11 600.72 15
908.48 596.85 15
939.64 585.94 15
970.25 583.48 15
1004.08 581.51 15
1029.37 570.22 15
1060.46 567.20 16
1093.91 561.50 15
1127.84 557.27 15
1153.70 555.47 15
1183.99 548.02 15
1222.18 544.26 15
1247.78 539.62 15
789.38 641.27 15
823.66 639.22 15
849.30 634.23 15
882.98 630.58 16
914.82 625.50 15
943.97 618.28 15
974.45 612.60 15
1005.15 610.75 15
1037.09 608.06 15
1070.60 598.67 15
1094.58 595.50 15
1130.78 586.65 15
1162.13 589.83 16
1192.49 580.01 16
1223.01 572.28 15
1254.19 569.75 15
796.41 677.86 15
821.56 672.73 15
858.32 665.62 16
918.12 651.88 15
949.00 648.39 15
982.53 645.33 15
1016.04 640.67 15
1076.41 630.37 15
1100.66 627.16 15
1138.71 617.29 15
1166.22 613.06 15
1195.72 608.87 15
1229.29 607.20 15
1261.96 600.43 16
796.10 707.43 15
832.08 699.52 15
860.36 695.36 16
892.82 691.11 15
922.66 684.61 15
955.82 678.94 15
985.71 676.25 15
1014.80 670.39 15
1045.52 666.09 15
1077.71 664.02 15
1110.93 657.86 15
1138.55 650.11 15
1173.07 645.96 15
1204.97 640.83 15
1233.70 635.12 15
1260.14 632.88 15
805.50 736.64 15
836.60 730.64 15
868.80 728.02 15
897.97 720.50 16
931.33 714.92 15
963.07 713.60 15
990.80 707.38 15
1023.12 700.96 15
1056.87 698.19 15
1084.71 690.59 15
1115.47 687.17 15
1149.74 681.51 15
1172.20 678.09 15
1210.28 670.62 15
1237.88 668.22 15
1265.52 667.69 15
812.12 770.20 15
844.04 764.22 15
871.59 758.19 15
903.48 750.70 15
936.72 752.33 15
963.50 741.98 15
996.63 740.24 16
1028.54 735.33 15
1056.37 730.13 15
1088.18 722.33 15
1116.62 712.63 15
1147.88 710.80 15
1180.85 706.35 15
1212.95 701.47 15
1244.27 701.15 15
1276.06 695.63 15
816.49 800.27 15
847.77 797.58 15
875.68 790.64 15
906.91 784.24 15
935.72 779.01 15
972.81 773.22 16
1002.26 768.10 15
1031.16 766.15 15
1062.74 761.79 15
1095.02 752.69 15
1122.76 750.72 15
1154.21 742.97 15
1184.95 741.98 15
1216.79 731.46 15
1251.06 729.25 15
1278.14 724.09 16
821.67 826.18 15
850.67 820.70 15
880.52 816.98 15
914.15 813.72 15
941.16 810.52 15
975.22 807.47 15
1005.98 801.53 15
1040.83 792.69 15
1066.82 791.72 15
1099.67 789.39 16
1126.86 780.62 15
1158.26 775.15 15
1192.54 768.65 16
1225.73 763.63 15
1256.28 761.97 15
1280.76 753.21 15
822.73 862.74 15
853.15 857.94 15
886.24 850.12 16
920.74 851.19 15
950.27 840.04 15
979.24 833.25 16
1010.73 832.38 15
1065.04 822.96 15
1102.46 815.47 16
1130.49 811.73 15
1165.23 807.98 15
1193.85 801.85 15
1228.65 796.81 15
1256.53 790.29 15
1286.94 786.44 15
828.72 890.08 15
862.34 885.49 16
890.40 882.30 15
925.49 879.17 15
950.86 874.05 15
981.73 868.66 15
1014.55 863.04 15
1045.66 854.93 15
1078.54 853.35 16
1108.12 849.02 15
1139.55 846.39 16
1167.00 838.00 15
1202.99 828.18 15
1231.13 827.97 15
1263.89 824.77 15
1293.86 814.92 15
838.44 922.29 15
861.94 919.73 15
896.15 912.48 15
930.58 909.45 15
953.55 904.32 15
988.48 900.21 15
1019.39 889.13 15
1051.64 888.90 15
1079.64 883.60 15
1114.93 878.67 15
1141.35 872.08 15
1178.06 869.33 15
1205.51 861.33 15
1234.87 861.00 16
1270.65 851.21 15
1299.81 849.95 15
840.39 952.87 15
872.25 948.97 15
900.56 943.72 15
931.31 939.19 15
964.34 934.81 15
996.70 925.00 15
1026.81 927.55 15
1055.27 920.24 15
1090.95 913.77 15
1116.59 908.95 15
1147.96 901.39 15
1179.09 896.55 15
1210.81 893.42 15
1242.85 887.58 15
1274.46 884.90 15
1302.73 881.23 15
843.20 986.85 15
877.39 979.73 15
908.03 973.15 16
998.98 958.74 15
1031.76 957.91 15
1062.24 950.87 15
1093.01 944.32 15
1122.59 940.44 15
1154.56 934.87 15
1184.52 931.80 15
1216.01 921.58 15
1246.95 922.31 15
1276.90 913.20 15
1309.39 914.07 15
850.46 1015.45 15
880.37 1007.31 16
911.94 1010.03 15
941.36 998.46 15
973.91 992.74 16
1007.74 989.32 15
1036.10 987.45 15
1067.52 981.44 15
1096.06 978.10 15
1127.55 971.58 15
1159.28 968.71 15
1194.18 962.45 16
1223.35 958.15 15
1254.33 953.79 15
1282.82 943.93 15
1314.85 942.56 15
856.18 1047.46 14
885.84 1041.92 15
914.06 1036.11 15
947.50 1032.27 15
978.57 1027.78 15
1005.49 1017.36 16
1036.44 1018.05 15
1071.11 1012.16 15
1101.88 1006.88 15
1133.14 1001.83 16
1164.47 995.26 15
1196.03 990.35 16
1228.26 985.02 15
1254.32 978.58 15
1288.87 975.45 16
1322.17 972.45 15
862.44 1079.20 15
888.19 1071.95 15
921.85 1065.54 15
952.59 1059.36 15
982.76 1059.69 15
1012.18 1054.35 15
1044.94 1048.84 15
1078.37 1039.72 15
1106.84 1039.03 15
1138.06 1033.07 15
1168.74 1028.31 15
1202.64 1023.10 15
1231.72 1019.81 15
1288.13 1007.52 15
1324.41 1005.51 16
863.05 1106.37 15
894.58 1105.23 15
929.09 1095.68 15
959.53 1090.84 15
988.72 1087.22 15
1021.34 1083.79 15
1054.04 1082.62 16
1081.72 1074.56 15
1111.32 1068.20 15
1139.77 1062.32 15
1175.70 1058.04 15
1208.12 1052.03 16
1233.99 1048.11 15
1266.41 1045.27 15
1296.42 1037.83 16
868.73 1138.55 15
903.67 1137.31 15
929.33 1132.55 15
967.96 1124.10 15
995.86 1116.08 15
1023.24 1111.81 15
1053.42 1108.48 15
1083.95 1103.96 15
1118.68 1103.99 15
1148.61 1096.04 15
1178.62 1089.96 15
1209.68 1086.29 15
1241.52 1082.62 15
1271.63 1074.03 15
1301.76 1068.49 15
1336.87 1066.47 15
