0.487539 0.031500 0.006447
0.503280 0.027389 0.007839
0.521679 0.025175 0.007198
0.535034 0.021866 0.009051
0.550077 0.020724 0.007827
0.566234 0.015482 0.006898
0.582867 0.014997 0.008771
0.598569 0.012662 0.007889
0.615775 0.009466 0.007683
0.629297 0.006722 0.008039
0.643733 0.005158 0.007412
0.662464 0.001936 0.007117
0.677177 0.001233 0.007197
0.692401 -0.004223 0.007925
0.707005 -0.007153 0.008508
0.722672 -0.007492 0.007536
0.492582 0.045567 0.007427
0.505075 0.043141 0.009556
0.521641 0.040331 0.008326
0.537039 0.039421 0.007406
0.555442 0.037142 0.007344
0.569625 0.032510 0.008348
0.584584 0.032108 0.008593
0.601560 0.028478 0.007169
0.618527 0.026017 0.008134
0.631135 0.023077 0.007068
0.646889 0.020550 0.007830
0.664111 0.019270 0.007813
0.679278 0.014552 0.008480
0.693719 0.013171 0.008712
0.709995 0.011132 0.007701
0.726088 0.007176 0.006715
0.494230 0.060389 0.008409
0.507576 0.058460 0.006633
0.525718 0.057326 0.008086
0.541077 0.053849 0.009059
0.558239 0.050542 0.007665
0.569357 0.048306 0.008078
0.587345 0.046880 0.007342
0.602866 0.043691 0.006919
0.620494 0.040833 0.008515
0.633286 0.037820 0.007428
0.649700 0.035807 0.009017
0.666132 0.032675 0.007515
0.682443 0.031696 0.007454
0.697873 0.028392 0.007867
0.711484 0.024606 0.008068
0.730822 0.023617 0.007662
0.495260 0.076790 0.009459
0.512540 0.076747 0.007118
0.528360 0.071654 0.008141
0.542773 0.069912 0.007405
0.559262 0.066495 0.008602
0.572815 0.064245 0.008110
0.589986 0.061857 0.007440
0.605262 0.059533 0.007593
0.619968 0.057588 0.007707
0.636767 0.056398 0.007817
0.651879 0.052631 0.006817
0.669688 0.050149 0.008958
0.683043 0.044991 0.009238
0.698558 0.046312 0.009416
0.714975 0.039393 0.009501
0.730969 0.039730 0.007404
0.501419 0.093290 0.006904
0.516129 0.090001 0.007869
0.529918 0.086587 0.007936
0.545181 0.087918 0.008760
0.563859 0.083235 0.006510
0.577280 0.080196 0.007692
0.591135 0.079838 0.007219
0.609176 0.077668 0.006926
0.622037 0.071983 0.007669
0.641066 0.070143 0.007249
0.655457 0.065272 0.007795
0.669633 0.064072 0.009113
0.686073 0.062603 0.007969
0.700297 0.061865 0.008131
0.720051 0.057817 0.008293
0.734357 0.057958 0.007205
0.501874 0.108986 0.008276
0.517780 0.103453 0.008090
0.547723 0.102514 0.009036
0.563396 0.099317 0.007011
0.579743 0.095501 0.008150
0.594411 0.094589 0.007484
0.610558 0.091589 0.008225
0.626925 0.088930 0.007089
0.657268 0.083417 0.007945
0.672073 0.079070 0.007283
0.688385 0.076808 0.007540
0.705791 0.076561 0.008776
0.722048 0.072798 0.007744
0.737591 0.070669 0.008202
0.503436 0.125202 0.008255
0.519829 0.120626 0.008704
0.535202 0.117960 0.007791
0.552239 0.116090 0.007808
0.565452 0.114101 0.007582
0.583208 0.110683 0.008260
0.598082 0.108659 0.008412
0.613506 0.108240 0.008066
0.631701 0.103007 0.007820
0.646735 0.100884 0.007853
0.658559 0.098037 0.007449
0.676118 0.095425 0.008050
0.692689 0.094129 0.007624
0.708698 0.090995 0.008402
0.721907 0.089346 0.008009
0.739248 0.085592 0.008220
0.506625 0.141229 0.007951
0.521249 0.139137 0.006941
0.538352 0.134456 0.006510
0.552830 0.133694 0.006835
0.569120 0.131563 0.007867
0.583446 0.127150 0.008437
0.600596 0.123676 0.008006
0.616618 0.123004 0.007604
0.631422 0.120731 0.007036
0.646043 0.115382 0.008493
0.662607 0.112314 0.009196
0.678794 0.111156 0.007370
0.694795 0.111169 0.009275
0.709792 0.107368 0.007280
0.726876 0.104689 0.007443
0.740736 0.100353 0.006618
0.508639 0.154883 0.007526
0.525792 0.150980 0.007823
0.538932 0.149574 0.007737
0.555863 0.148606 0.007704
0.571711 0.145325 0.009263
0.586228 0.142909 0.007880
0.601163 0.140122 0.007357
0.617295 0.137530 0.008064
0.631774 0.135713 0.008107
0.649646 0.131784 0.009416
0.665477 0.130715 0.006705
0.681862 0.127078 0.007624
0.699167 0.126299 0.008752
0.712335 0.120191 0.008343
0.728420 0.119970 0.008232
0.510662 0.171384 0.008218
0.525103 0.168390 0.007542
0.541543 0.165226 0.007642
0.558430 0.163727 0.007602
0.574034 0.161964 0.008544
0.589709 0.158992 0.008329
0.604788 0.157297 0.007684
0.621025 0.153551 0.008571
0.636410 0.151837 0.008060
0.652014 0.147615 0.007149
0.666456 0.145334 0.006867
0.682807 0.143966 0.008295
0.699133 0.139342 0.008011
0.730867 0.135995 0.007578
0.746901 0.132102 0.008261
0.516007 0.187904 0.007493
0.529848 0.185242 0.008205
0.544519 0.180514 0.008364
0.558673 0.180123 0.007373
0.575950 0.176121 0.007600
0.593415 0.173747 0.007983
0.606643 0.171520 0.007530
0.622996 0.168643 0.009734
0.638909 0.166320 0.006409
0.654932 0.163087 0.008298
0.668998 0.159440 0.008054
0.687107 0.159015 0.006551
0.702530 0.156402 0.008159
0.716323 0.153367 0.007507
0.730175 0.152303 0.007231
0.749487 0.148106 0.008234
0.516565 0.203630 0.008148
0.531840 0.199351 0.008379
0.545711 0.198606 0.008374
0.562523 0.196116 0.007332
0.578914 0.194161 0.007667
0.594690 0.188635 0.007794
0.610193 0.187390 0.008508
0.627319 0.186392 0.008463
0.640126 0.180676 0.008166
0.655869 0.179147 0.008960
0.672805 0.176259 0.008441
0.689983 0.174117 0.008467
0.703079 0.173209 0.007507
0.718413 0.169433 0.008038
0.737750 0.167529 0.007698
0.750714 0.165179 0.006655
0.518609 0.216649 0.008328
0.535969 0.215612 0.008550
0.548949 0.213085 0.008455
0.566002 0.211240 0.009005
0.582124 0.208665 0.008582
0.596882 0.205011 0.007756
0.612318 0.202132 0.008124
0.627863 0.201198 0.007474
0.644033 0.199835 0.007450
0.661001 0.195081 0.007588
0.673142 0.193473 0.007214
0.691472 0.188997 0.007758
0.707343 0.190602 0.009044
0.722716 0.185632 0.009159
0.738169 0.181720 0.007909
0.753960 0.180437 0.007309
0.522168 0.235176 0.007307
0.534903 0.232581 0.008300
0.553516 0.228977 0.008988
0.583794 0.222023 0.007134
0.599432 0.220256 0.007883
0.616408 0.218706 0.008060
0.633374 0.216346 0.007959
0.663940 0.211129 0.007586
0.676219 0.209505 0.007726
0.695485 0.204507 0.006738
0.709414 0.202364 0.008308
0.724351 0.200247 0.007481
0.741349 0.199398 0.008595
0.757891 0.195969 0.008797
0.522015 0.250150 0.007223
0.540230 0.246142 0.008561
0.554548 0.244036 0.009434
0.570986 0.241883 0.006921
0.586093 0.238596 0.006760
0.602883 0.235724 0.007657
0.618017 0.234363 0.007421
0.632749 0.231393 0.006689
0.648304 0.229219 0.008048
0.664599 0.228168 0.008189
0.681423 0.225050 0.007960
0.695408 0.221127 0.007959
0.712884 0.219024 0.007976
0.729036 0.216428 0.007980
0.743581 0.213536 0.007324
0.756972 0.212403 0.007383
0.526772 0.264940 0.008602
0.542517 0.261898 0.008033
0.558823 0.260573 0.007453
0.573593 0.256765 0.009225
0.590484 0.253940 0.008726
0.606556 0.253271 0.007585
0.620594 0.250124 0.008007
0.636958 0.246872 0.008280
0.654049 0.245471 0.007584
0.668143 0.241623 0.008579
0.683717 0.239893 0.007693
0.701070 0.237025 0.006819
0.712441 0.235291 0.007706
0.731724 0.231510 0.007237
0.745702 0.230297 0.007642
0.759697 0.230025 0.007708
0.530123 0.281931 0.007609
0.546287 0.278903 0.008603
0.560236 0.275850 0.007796
0.576384 0.272057 0.007403
0.593211 0.272883 0.007336
0.606774 0.267644 0.007756
0.623548 0.266761 0.009042
0.639706 0.264276 0.008161
0.653796 0.261642 0.008163
0.669900 0.257691 0.008007
0.684304 0.252782 0.007842
0.700132 0.251855 0.007608
0.716821 0.249604 0.008128
0.733074 0.247132 0.007560
0.748934 0.246970 0.007960
0.765030 0.244174 0.008174
0.532336 0.297158 0.008094
0.548175 0.295794 0.007424
0.562306 0.292283 0.008169
0.578119 0.289037 0.007979
0.592709 0.286390 0.007005
0.611486 0.283460 0.009282
0.626400 0.280865 0.008189
0.641030 0.279880 0.006770
0.657021 0.277671 0.007149
0.673364 0.273068 0.008096
0.687409 0.272068 0.007090
0.703335 0.268142 0.007380
0.718898 0.267644 0.006802
0.735023 0.262315 0.008278
0.752373 0.261197 0.007528
0.766082 0.258585 0.010019
0.534962 0.310275 0.008103
0.549646 0.307498 0.007927
0.564759 0.305619 0.008100
0.581783 0.303969 0.007688
0.595463 0.302346 0.008056
0.612707 0.300801 0.008609
0.628283 0.297794 0.006657
0.645925 0.293317 0.007135
0.659087 0.292829 0.007914
0.675717 0.291646 0.009039
0.689486 0.287205 0.007629
0.705386 0.284438 0.008038
0.722740 0.281144 0.009296
0.739546 0.278605 0.007561
0.755014 0.277766 0.007157
0.767409 0.273330 0.007606
0.535499 0.328788 0.008548
0.550902 0.326357 0.008729
0.567655 0.322395 0.008744
0.585122 0.322940 0.008393
0.600073 0.317292 0.007761
0.614743 0.313856 0.009261
0.630689 0.313415 0.007876
0.658186 0.308647 0.008281
0.677131 0.304852 0.008989
0.691326 0.302960 0.008437
0.708913 0.301058 0.008452
0.723407 0.297956 0.008224
0.741027 0.295402 0.007479
0.755141 0.292104 0.007953
0.770539 0.290153 0.008365
0.538532 0.342632 0.007055
0.555554 0.340307 0.009501
0.569762 0.338689 0.007166
0.587525 0.337104 0.006926
0.600375 0.334512 0.007066
0.616001 0.331783 0.007763
0.632623 0.328938 0.007901
0.648372 0.324832 0.007642
0.665023 0.324032 0.009172
0.680000 0.321839 0.007606
0.695913 0.320508 0.008786
0.709808 0.316259 0.008474
0.728031 0.311290 0.008013
0.742280 0.311183 0.007142
0.758870 0.309561 0.006228
0.774042 0.304574 0.007838
0.543451 0.358937 0.008340
0.555348 0.357642 0.008406
0.572669 0.353974 0.008141
0.590103 0.352438 0.007479
0.601733 0.349842 0.007460
0.619421 0.347757 0.006578
0.635071 0.342149 0.008657
0.651399 0.342031 0.008386
0.665575 0.339349 0.008539
0.683446 0.336852 0.007139
0.696823 0.333517 0.008126
0.715410 0.332124 0.008200
0.729309 0.328070 0.007829
0.744176 0.327907 0.008845
0.762291 0.322950 0.008473
0.777054 0.322311 0.007662
0.544436 0.374423 0.007992
0.560572 0.372447 0.006682
0.574902 0.369789 0.008117
0.590475 0.367497 0.007919
0.607198 0.365280 0.007370
0.623584 0.360312 0.007674
0.638828 0.361603 0.007661
0.653237 0.357898 0.008735
0.671304 0.354622 0.008399
0.684288 0.352183 0.008389
0.700170 0.348354 0.007950
0.715930 0.345908 0.007994
0.731995 0.344319 0.007352
0.748217 0.341362 0.007937
0.764219 0.340005 0.007709
0.778533 0.338150 0.006439
0.545864 0.391629 0.008039
0.563171 0.388023 0.008098
0.578688 0.384691 0.008751
0.624739 0.377394 0.007595
0.641333 0.376972 0.007902
0.656766 0.373409 0.006766
0.672350 0.370092 0.007214
0.687324 0.368127 0.007464
0.703513 0.365307 0.007476
0.718682 0.363752 0.007750
0.734627 0.358580 0.008002
0.750290 0.358951 0.007694
0.765455 0.354337 0.007958
0.781909 0.354775 0.007853
0.549535 0.406107 0.008134
0.564682 0.401985 0.008830
0.580668 0.403365 0.008185
0.595561 0.397505 0.008312
0.612044 0.394611 0.008865
0.629172 0.392878 0.008663
0.643533 0.391932 0.007728
0.659441 0.388888 0.007553
0.673891 0.387197 0.007612
0.689837 0.383897 0.007562
0.705901 0.382444 0.007557
0.723571 0.379272 0.009042
0.738343 0.377096 0.008155
0.754028 0.374888 0.007632
0.768454 0.369897 0.007436
0.784672 0.369201 0.007557
0.552432 0.422315 0.006172
0.567454 0.419513 0.007982
0.581740 0.416571 0.008269
0.598670 0.414625 0.006875
0.614405 0.412351 0.007269
0.628032 0.407074 0.008820
0.643703 0.407427 0.008231
0.661258 0.404444 0.007803
0.676836 0.401769 0.007461
0.692665 0.399211 0.009110
0.708531 0.395888 0.008614
0.724507 0.393399 0.009382
0.740830 0.390703 0.008147
0.754022 0.387439 0.006856
0.771515 0.385855 0.008908
0.788380 0.384338 0.007212
0.555602 0.438385 0.008597
0.568642 0.434717 0.007878
0.585686 0.431471 0.007272
0.601250 0.428341 0.007602
0.616523 0.428506 0.007857
0.631423 0.425803 0.007670
0.648009 0.423015 0.007501
0.664934 0.418394 0.007723
0.679351 0.418045 0.008455
0.695158 0.415028 0.007708
0.710691 0.412619 0.008645
0.727855 0.409981 0.008092
0.742581 0.408315 0.006994
0.771142 0.402095 0.008048
0.789512 0.401078 0.009533
0.555912 0.452142 0.007953
0.571874 0.451569 0.007559
0.589351 0.446732 0.008508
0.604762 0.444278 0.008050
0.619542 0.442447 0.007865
0.636058 0.440709 0.007341
0.652614 0.440119 0.009290
0.666629 0.436035 0.007120
0.681619 0.432818 0.007776
0.696021 0.429841 0.008474
0.714213 0.427672 0.007021
0.730631 0.424629 0.008745
0.743728 0.422643 0.007592
0.760146 0.421208 0.007146
0.775342 0.417440 0.009218
0.558787 0.468438 0.007949
0.576481 0.467809 0.007731
0.589471 0.465397 0.007776
0.609031 0.461120 0.008139
0.623159 0.457058 0.007915
0.637020 0.454899 0.007991
0.652301 0.453214 0.008333
0.667759 0.450925 0.007115
0.685344 0.450938 0.008629
0.700501 0.446914 0.006533
0.715693 0.443835 0.007484
0.731419 0.441978 0.006544
0.747541 0.440118 0.007704
0.762786 0.435767 0.007294
0.778045 0.432963 0.008647
0.795821 0.431943 0.006594
