0.513100 0.043724 0.008141
0.528884 0.040343 0.008393
0.543423 0.036808 0.008015
0.558969 0.032915 0.008011
0.574812 0.030990 0.008030
0.589653 0.027364 0.008017
0.605383 0.023911 0.007787
0.621181 0.019991 0.007634
0.652608 0.013366 0.008341
0.667888 0.009585 0.007603
0.682884 0.006739 0.007645
0.699042 0.002629 0.008099
0.714057 -0.001375 0.007773
0.728578 -0.002872 0.007950
0.745301 -0.006322 0.007544
0.515194 0.059684 0.007979
0.531113 0.056133 0.007520
0.546176 0.052346 0.007945
0.563424 0.050082 0.008048
0.577320 0.046164 0.008405
0.593240 0.041771 0.007953
0.609069 0.038681 0.007869
0.624427 0.035842 0.007878
0.638949 0.031565 0.007813
0.655453 0.027476 0.007511
0.671730 0.025544 0.007723
0.686316 0.021722 0.008337
0.702090 0.017780 0.007807
0.717443 0.014515 0.007670
0.733043 0.011071 0.007573
0.749551 0.008013 0.008247
0.518692 0.074880 0.007984
0.535473 0.071736 0.007702
0.549624 0.068191 0.007875
0.565408 0.064090 0.007811
0.580907 0.061497 0.008110
0.597827 0.058618 0.008307
0.612512 0.054361 0.008061
0.628166 0.050527 0.008098
0.643409 0.046930 0.008246
0.659257 0.044611 0.007778
0.673593 0.040066 0.007686
0.691108 0.037563 0.007912
0.706186 0.034306 0.008027
0.721399 0.030597 0.007993
0.736659 0.027319 0.007840
0.752042 0.023099 0.007682
0.537714 0.086742 0.007857
0.554063 0.082496 0.007785
0.569611 0.079316 0.008376
0.585161 0.076167 0.007934
0.600500 0.073058 0.008368
0.614566 0.069650 0.007636
0.632023 0.066138 0.007782
0.646404 0.063535 0.007991
0.662283 0.060015 0.008221
0.676542 0.055406 0.007965
0.693491 0.052294 0.008161
0.708054 0.048763 0.007921
0.724440 0.046146 0.007655
0.740732 0.042073 0.007733
0.755274 0.039245 0.007989
0.526572 0.106088 0.007771
0.541611 0.102988 0.007865
0.558008 0.098592 0.007673
0.571794 0.095295 0.007959
0.586910 0.092801 0.008174
0.603736 0.089341 0.007773
0.619200 0.085916 0.008051
0.634344 0.082227 0.007926
0.650741 0.078722 0.007898
0.667025 0.075867 0.007739
0.681097 0.071850 0.008402
0.697315 0.068150 0.007754
0.712418 0.064949 0.007901
0.727676 0.061089 0.007960
0.743066 0.057899 0.007583
0.758936 0.055257 0.007854
0.529824 0.122236 0.008323
0.545107 0.117788 0.008236
0.561445 0.113697 0.008407
0.576109 0.111673 0.008005
0.590896 0.107693 0.008271
0.606618 0.104436 0.008369
0.638615 0.097488 0.007725
0.653255 0.094586 0.008201
0.669731 0.091250 0.008424
0.684932 0.087127 0.008066
0.700430 0.084433 0.007922
0.716253 0.081570 0.007420
0.730792 0.077333 0.007912
0.746495 0.074061 0.007514
0.762695 0.070319 0.008136
0.532459 0.137014 0.008234
0.548544 0.132615 0.007856
0.563367 0.129706 0.008464
0.580677 0.126467 0.008246
0.594028 0.123194 0.007985
0.611213 0.120059 0.007836
0.626215 0.116670 0.008057
0.641435 0.113320 0.007775
0.656795 0.110076 0.008125
0.671780 0.106522 0.008733
0.687963 0.101450 0.007650
0.702993 0.098928 0.007743
0.718252 0.095833 0.007831
0.734928 0.092492 0.008014
0.749705 0.089100 0.007706
0.764859 0.085427 0.007556
0.535796 0.152466 0.008481
0.552125 0.148038 0.007776
0.566013 0.144645 0.008312
0.582993 0.142183 0.007998
0.598746 0.138745 0.008209
0.613765 0.134816 0.007830
0.629088 0.130971 0.007751
0.644315 0.128670 0.007665
0.660016 0.125030 0.007749
0.675128 0.121787 0.008051
0.691252 0.118083 0.007806
0.706097 0.114835 0.007868
0.722773 0.111226 0.007832
0.738029 0.107534 0.008154
0.752930 0.104464 0.007888
0.769348 0.101397 0.007986
0.539227 0.168867 0.007638
0.555003 0.165527 0.008169
0.570078 0.161577 0.007690
0.586836 0.158148 0.008304
0.601629 0.153969 0.007621
0.616894 0.150682 0.007928
0.632614 0.147747 0.008265
0.648140 0.144609 0.007749
0.663374 0.140298 0.008340
0.679763 0.137846 0.007879
0.694834 0.133657 0.008077
0.709719 0.130142 0.007834
0.725739 0.126262 0.007726
0.741309 0.123440 0.007922
0.756641 0.120422 0.008128
0.772317 0.116450 0.007510
0.543775 0.184584 0.008001
0.559267 0.180597 0.008050
0.573867 0.177131 0.007449
0.589900 0.174159 0.007929
0.604786 0.168992 0.008093
0.620447 0.166483 0.007891
0.636740 0.162263 0.008018
0.652024 0.159399 0.008165
0.667181 0.156202 0.008309
0.682499 0.152395 0.007831
0.697651 0.149366 0.008063
0.713466 0.146681 0.008284
0.729001 0.142377 0.008099
0.744355 0.138956 0.007705
0.761014 0.136810 0.008002
0.776568 0.132051 0.007761
0.547660 0.198302 0.007771
0.560968 0.196311 0.008128
0.576744 0.192152 0.007567
0.592165 0.188736 0.007916
0.608214 0.185210 0.007786
0.624052 0.181611 0.007794
0.654870 0.174864 0.007942
0.670265 0.171562 0.008386
0.685736 0.167925 0.008135
0.700854 0.165751 0.008153
0.717350 0.160943 0.007792
0.732307 0.157758 0.007676
0.747375 0.154904 0.008350
0.762912 0.150674 0.007885
0.778859 0.148739 0.008256
0.549173 0.213728 0.008299
0.564387 0.211492 0.007694
0.580995 0.208261 0.007948
0.597199 0.203860 0.007797
0.611847 0.199749 0.007642
0.626708 0.197097 0.007800
0.642726 0.194582 0.008245
0.657975 0.191181 0.007539
0.674513 0.187568 0.008091
0.690357 0.184390 0.008020
0.720022 0.176404 0.007993
0.735825 0.173942 0.008033
0.752073 0.169987 0.007755
0.767035 0.167467 0.008139
0.783023 0.163262 0.008265
0.551960 0.229422 0.007725
0.568285 0.226541 0.007941
0.584709 0.223156 0.007971
0.599942 0.219532 0.008146
0.615622 0.216340 0.008412
0.631090 0.213980 0.008450
0.646166 0.208997 0.007804
0.661749 0.206332 0.007631
0.678282 0.202029 0.007715
0.691542 0.199889 0.008149
0.709000 0.196186 0.008114
0.723272 0.193351 0.008569
0.738861 0.189685 0.008549
0.755649 0.186116 0.008147
0.770633 0.181917 0.008037
0.785933 0.179112 0.007819
0.556319 0.245481 0.008161
0.572361 0.241991 0.007991
0.588153 0.238940 0.007805
0.603071 0.235656 0.007830
0.618630 0.232376 0.007710
0.633920 0.228488 0.007509
0.650006 0.224133 0.008115
0.664424 0.221331 0.007903
0.679937 0.218051 0.008464
0.696456 0.215162 0.007864
0.711675 0.211572 0.007772
0.726263 0.207732 0.007890
0.743489 0.204365 0.008012
0.758593 0.201612 0.007659
0.774168 0.198578 0.008096
0.789025 0.195233 0.008015
0.559469 0.260370 0.008276
0.575658 0.257407 0.007950
0.591190 0.254560 0.007880
0.606056 0.250307 0.007966
0.622685 0.246465 0.008075
0.636891 0.244601 0.008266
0.652797 0.240489 0.008025
0.668324 0.237145 0.007844
0.683212 0.233700 0.007858
0.700313 0.230950 0.008057
0.715882 0.226878 0.008233
0.730170 0.222747 0.007912
0.745105 0.219315 0.008228
0.762570 0.217502 0.007962
0.777319 0.213067 0.008183
0.793204 0.209438 0.007810
0.563063 0.277212 0.007743
0.579167 0.273662 0.007487
0.593591 0.269893 0.007632
0.610090 0.267273 0.007617
0.625107 0.262146 0.008255
0.640776 0.259283 0.007963
0.656194 0.255734 0.008024
0.671303 0.251727 0.007993
0.687777 0.249487 0.007964
0.703994 0.246002 0.008020
0.719555 0.242734 0.007736
0.733663 0.239331 0.008064
0.748728 0.234893 0.007796
0.765740 0.231426 0.008004
0.780964 0.228824 0.008228
0.796279 0.225378 0.007673
0.566288 0.292761 0.007687
0.582642 0.288939 0.007959
0.597825 0.285412 0.008077
0.613599 0.281846 0.008226
0.628220 0.278622 0.008213
0.645790 0.275333 0.008213
0.660498 0.271533 0.007730
0.674419 0.268616 0.007668
0.691638 0.265187 0.007491
0.705424 0.261360 0.008087
0.721578 0.257947 0.007829
0.737465 0.255199 0.007904
0.753232 0.251183 0.007842
0.768808 0.247442 0.007570
0.784127 0.243893 0.007892
0.799724 0.241160 0.008108
0.569384 0.307946 0.008333
0.585777 0.303610 0.008135
0.601978 0.300401 0.008247
0.616164 0.297612 0.008485
0.633126 0.294877 0.007986
0.646820 0.290017 0.008137
0.662546 0.287697 0.008156
0.679913 0.282791 0.007924
0.693681 0.280358 0.008040
0.710143 0.277021 0.008276
0.724915 0.273896 0.008098
0.740621 0.270040 0.008333
0.757073 0.267144 0.007415
0.771976 0.263581 0.007778
0.786318 0.260893 0.007787
0.802925 0.256555 0.007637
0.573844 0.322874 0.007840
0.588393 0.319427 0.008156
0.605022 0.315593 0.008112
0.620698 0.312582 0.007555
0.635149 0.309442 0.008099
0.651411 0.306193 0.007521
0.666081 0.303071 0.007690
0.681648 0.299358 0.008340
0.698090 0.295579 0.007773
0.712873 0.293633 0.008084
0.729384 0.288982 0.008004
0.744642 0.285725 0.007937
0.760227 0.282826 0.008205
0.775029 0.279527 0.008197
0.791543 0.275574 0.008113
0.806617 0.272091 0.007606
0.576756 0.339040 0.008248
0.593568 0.334718 0.007500
0.607768 0.331143 0.007532
0.624040 0.327860 0.007434
0.638548 0.324203 0.007854
0.654555 0.321032 0.007833
0.669747 0.317710 0.008194
0.685516 0.315285 0.007781
0.701730 0.310910 0.007869
0.717630 0.307791 0.008152
0.731237 0.304635 0.008344
0.747090 0.301192 0.007972
0.763685 0.298271 0.007979
0.778233 0.293873 0.007691
0.793888 0.291053 0.008055
0.810276 0.287318 0.007666
0.580024 0.353443 0.007951
0.595421 0.351264 0.007733
0.611415 0.347586 0.008147
0.627087 0.344377 0.008320
0.642629 0.340546 0.008006
0.658296 0.337477 0.008028
0.674010 0.334556 0.008083
0.688476 0.331207 0.008402
0.704718 0.326614 0.007911
0.720114 0.322664 0.007531
0.735349 0.319528 0.008404
0.750134 0.315803 0.008159
0.766566 0.313514 0.007706
0.782475 0.309996 0.008023
0.796850 0.305276 0.008007
0.813057 0.303531 0.008068
0.583833 0.369535 0.008084
0.599583 0.366149 0.007914
0.615031 0.363169 0.008178
0.630153 0.360245 0.008241
0.645537 0.356018 0.008065
0.661696 0.353088 0.007792
0.676784 0.348433 0.008172
0.690997 0.346180 0.007352
0.707451 0.342073 0.008090
0.723706 0.338476 0.007533
0.738978 0.335965 0.008205
0.754310 0.332446 0.007624
0.769807 0.329257 0.007872
0.785464 0.325325 0.007811
0.801189 0.321651 0.008164
0.816356 0.318305 0.008252
0.586589 0.384979 0.008258
0.603041 0.382602 0.007950
0.618846 0.378158 0.007904
0.633860 0.374667 0.007755
0.649695 0.371148 0.007788
0.664440 0.367571 0.007553
0.681298 0.364104 0.008077
0.695345 0.360521 0.007457
0.711373 0.357977 0.007750
0.726768 0.354410 0.007922
0.742146 0.352094 0.008220
0.758515 0.347416 0.007639
0.773461 0.344971 0.008200
0.788739 0.340063 0.008091
0.803109 0.337993 0.008032
0.819868 0.334435 0.007819
0.590436 0.401016 0.008116
0.605670 0.397077 0.007974
0.621384 0.393460 0.007918
0.636865 0.389931 0.008117
0.652686 0.386795 0.008067
0.668385 0.383002 0.007785
0.683475 0.380229 0.007705
0.700529 0.377636 0.007546
0.715084 0.373980 0.007600
0.729775 0.369816 0.007901
0.744627 0.366987 0.007519
0.761139 0.362811 0.007888
0.776813 0.359931 0.007795
0.793302 0.355935 0.007767
0.807400 0.352980 0.007688
0.823140 0.349705 0.007583
0.592970 0.415344 0.008335
0.609570 0.412122 0.007774
0.625561 0.408563 0.007825
0.641058 0.405022 0.007776
0.656674 0.402847 0.007812
0.687012 0.394860 0.007821
0.701979 0.393069 0.007810
0.718117 0.389934 0.007822
0.733550 0.385987 0.007890
0.749467 0.382791 0.008111
0.764478 0.378996 0.008239
0.780014 0.375866 0.007813
0.796099 0.372339 0.007761
0.811565 0.368480 0.008050
0.826527 0.365839 0.007473
0.596650 0.432585 0.008282
0.612835 0.428443 0.007503
0.628943 0.426293 0.008218
0.644767 0.421929 0.007624
0.659944 0.419319 0.008319
0.674379 0.414960 0.007842
0.689949 0.411922 0.008257
0.706139 0.406869 0.007835
0.720725 0.403915 0.007580
0.737268 0.400529 0.007714
0.752443 0.397775 0.007814
0.768641 0.394144 0.008140
0.784006 0.391425 0.007731
0.799234 0.386659 0.007718
0.815237 0.384494 0.008004
0.829435 0.380631 0.008219
0.600494 0.447003 0.007964
0.616487 0.444099 0.007711
0.630600 0.440555 0.008082
0.647303 0.437066 0.008268
0.662759 0.433833 0.008131
0.677954 0.430054 0.007980
0.693358 0.426939 0.008102
0.709932 0.423334 0.007758
0.724729 0.418774 0.007883
0.740575 0.416470 0.008062
0.756515 0.413068 0.007993
0.771423 0.409400 0.007877
0.787054 0.406887 0.007602
0.802292 0.403099 0.007479
0.818497 0.400600 0.008000
0.832796 0.397222 0.007683
0.604556 0.462188 0.008087
0.619849 0.459768 0.008530
0.651256 0.452181 0.008298
0.666119 0.449569 0.007901
0.697327 0.442546 0.007821
0.713083 0.438805 0.007783
0.728980 0.436305 0.007966
0.743438 0.432382 0.007903
0.758628 0.428444 0.007802
0.774971 0.425099 0.008208
0.790274 0.422079 0.007687
0.806342 0.418033 0.007766
0.822345 0.414212 0.007605
0.837074 0.411225 0.008030
0.608067 0.478099 0.007856
0.623743 0.474644 0.007485
0.639270 0.471866 0.007948
0.653872 0.467013 0.007809
0.670211 0.465589 0.008058
0.684791 0.461838 0.007951
0.700921 0.457476 0.007904
0.716944 0.454800 0.007547
0.730779 0.450727 0.007477
0.747107 0.447646 0.008313
0.761927 0.444232 0.007964
0.777866 0.440346 0.008195
0.793839 0.437292 0.007549
0.808758 0.435203 0.007645
0.824741 0.431451 0.007730
0.840052 0.426829 0.007949
