372.89 315.01 10
371.49 348.22 9
372.61 378.32 14
371.03 411.35 14
371.12 442.99 11
370.74 474.96 15
374.51 506.99 14
370.83 535.57 10
410.23 318.25 14
405.24 349.88 14
405.79 379.18 11
405.66 411.45 15
407.68 442.28 12
405.51 473.92 13
405.39 507.09 11
408.60 536.51 13
443.43 316.21 10
444.42 350.03 12
442.91 379.88 14
447.60 411.29 13
442.39 441.11 13
441.54 473.88 14
442.00 507.33 11
443.08 539.79 12
477.05 379.77 14
480.21 411.00 13
483.64 443.29 14
482.23 472.54 15
481.86 504.63 14
482.23 537.96 9
175.57 279.74 10
217.54 271.76 11
261.81 262.50 11
300.99 256.39 11
340.31 249.06 10
379.20 243.45 12
424.64 232.25 14
535.93 211.59 13
575.50 204.06 12
623.25 193.22 12
665.15 189.35 10
701.83 181.62 11
742.49 172.45 12
783.60 165.11 10
