0.346003 0.369051 0.009447
0.358175 0.367245 0.008698
0.371829 0.370308 0.009937
0.387424 0.371022 0.006758
0.401869 0.373884 0.007269
0.415627 0.373268 0.006767
0.430450 0.374912 0.011729
0.447009 0.374560 0.012343
0.459491 0.378980 0.009869
0.473928 0.380524 0.007572
0.489350 0.381588 0.010200
0.504123 0.381264 0.007197
0.515405 0.384016 0.008910
0.531935 0.384448 0.013813
0.546446 0.388295 0.011376
0.560740 0.389751 0.008779
0.572660 0.390539 0.011208
0.590770 0.390176 0.011470
0.604049 0.391888 0.008602
0.618766 0.393497 0.009306
0.632048 0.396580 0.005743
0.649646 0.395647 0.008238
0.661818 0.397168 0.008393
0.675825 0.398240 0.007478
0.686863 0.398503 0.009473
0.703624 0.399261 0.011629
0.718788 0.400901 0.007748
0.734531 0.402416 0.006470
0.748015 0.402169 0.009545
0.762357 0.403247 0.006693
0.775242 0.403262 0.012693
0.791458 0.404630 0.011442
0.805074 0.406309 0.009760
0.821746 0.405486 0.007741
0.834098 0.406565 0.010728
0.846416 0.409913 0.008469
0.864355 0.410592 0.007417
0.348458 0.336023 0.005106
0.364736 0.338716 0.009642
0.377331 0.338193 0.011131
0.392211 0.342311 0.009923
0.407399 0.343393 0.010788
0.420031 0.344657 0.009377
0.435570 0.347103 0.010505
0.451165 0.349029 0.008129
0.462771 0.351594 0.012409
0.479702 0.351600 0.010782
0.494024 0.353282 0.012079
0.508021 0.355640 0.009030
0.520626 0.357056 0.006378
0.535886 0.361439 0.007661
0.547816 0.362214 0.010122
0.562683 0.365883 0.011266
0.578222 0.365521 0.005654
0.592865 0.367553 0.009789
0.608220 0.368709 0.008832
0.626752 0.368028 0.007295
0.636894 0.372796 0.010285
0.651960 0.369987 0.010083
0.666162 0.372214 0.009768
0.678706 0.372675 0.009976
0.694327 0.373804 0.010214
0.708523 0.375582 0.007626
0.725129 0.375553 0.009201
0.735588 0.375340 0.008909
0.754387 0.373490 0.011613
0.768222 0.376152 0.008345
0.780522 0.375798 0.008144
0.798157 0.375288 0.011050
0.810331 0.376520 0.010755
0.824316 0.378110 0.012566
0.840794 0.377404 0.010685
0.853267 0.378489 0.008651
0.871430 0.377143 0.010136
0.884351 0.376788 0.009445
0.897665 0.378887 0.008755
0.913234 0.383288 0.008457
0.927441 0.378811 0.010178
0.941886 0.383486 0.009513
0.956207 0.383534 0.006924
0.354403 0.303219 0.008878
0.370128 0.307056 0.012195
0.382705 0.306085 0.008822
0.398597 0.309729 0.009910
0.411145 0.312272 0.008084
0.428501 0.316152 0.011581
0.437908 0.317774 0.011378
0.455125 0.320905 0.009236
0.471730 0.326064 0.009481
0.482629 0.324786 0.006208
0.495840 0.327908 0.007676
0.511031 0.331213 0.006758
0.527879 0.333704 0.008752
0.540956 0.336336 0.007977
0.555267 0.336672 0.009043
0.567867 0.341903 0.010277
0.598546 0.345834 0.010048
0.613910 0.348525 0.010728
0.626199 0.347937 0.010722
0.639478 0.350838 0.008187
0.654414 0.350165 0.006243
0.667984 0.351011 0.010947
0.684452 0.352233 0.007971
0.699959 0.353274 0.007321
0.714575 0.353276 0.012198
0.730195 0.352942 0.008631
0.743374 0.352370 0.007721
0.754559 0.353886 0.009433
0.770762 0.350995 0.008646
0.785086 0.351371 0.009318
0.800675 0.351141 0.008433
0.813545 0.351827 0.009619
0.828152 0.351705 0.008142
0.841969 0.351346 0.011270
0.860088 0.350512 0.009054
0.871654 0.353070 0.010973
0.887020 0.351143 0.010224
0.902645 0.352592 0.008780
0.917722 0.352569 0.008158
0.934155 0.354227 0.009386
0.949671 0.348340 0.012923
0.961210 0.352364 0.006689
0.359579 0.274195 0.007220
0.371837 0.275126 0.011115
0.386739 0.278103 0.010252
0.402648 0.277894 0.008983
0.416288 0.282370 0.009290
0.431979 0.283944 0.009887
0.445081 0.289185 0.007199
0.458663 0.289602 0.006885
0.473484 0.292013 0.009627
0.487682 0.297608 0.008198
0.501618 0.299083 0.011333
0.513470 0.302376 0.010113
0.530726 0.306778 0.010243
0.543365 0.308463 0.010410
0.557850 0.313568 0.011432
0.571753 0.315928 0.008283
0.586963 0.317703 0.012547
0.602580 0.322495 0.009690
0.618905 0.324919 0.010823
0.629411 0.324828 0.011638
0.640061 0.326412 0.011767
0.658972 0.328015 0.008402
0.670787 0.328677 0.009297
0.686555 0.329307 0.010191
0.701114 0.329042 0.009241
0.716407 0.331012 0.008674
0.733298 0.329283 0.007291
0.745521 0.328544 0.008945
0.761770 0.327944 0.009807
0.774884 0.328739 0.008600
0.787959 0.328534 0.007822
0.805148 0.325251 0.009626
0.819184 0.326260 0.007362
0.833833 0.321856 0.011031
0.850152 0.323702 0.007674
0.862019 0.323130 0.008828
0.877878 0.321952 0.010072
0.892913 0.319648 0.008106
0.906725 0.321337 0.008448
0.921171 0.319636 0.007889
0.938103 0.323733 0.012164
0.950285 0.322591 0.010409
0.965223 0.319354 0.009218
0.366511 0.239902 0.010180
0.378406 0.241620 0.008668
0.392864 0.241852 0.008549
0.407707 0.243297 0.008462
0.420987 0.248379 0.007114
0.432962 0.250940 0.009056
0.450082 0.252286 0.008367
0.462947 0.254041 0.009628
0.477923 0.259301 0.004831
0.492999 0.262405 0.009432
0.507050 0.265796 0.009381
0.521878 0.269711 0.006616
0.537108 0.274966 0.008938
0.550806 0.278479 0.009535
0.562445 0.279147 0.009818
0.579640 0.279671 0.013532
0.592466 0.285723 0.008618
0.606672 0.287018 0.008600
0.622969 0.291776 0.009625
0.633736 0.292829 0.009767
0.647634 0.295650 0.009800
0.663445 0.295435 0.011936
0.680217 0.296488 0.006937
0.693676 0.294507 0.008328
0.707842 0.297214 0.006204
0.721107 0.299419 0.010608
0.737728 0.299336 0.010029
0.751105 0.298370 0.009567
0.764605 0.297479 0.010324
0.781979 0.292695 0.010093
0.796498 0.294157 0.008504
0.809190 0.295059 0.010972
0.824664 0.293087 0.009000
0.838592 0.293272 0.007623
0.854143 0.292069 0.005832
0.867270 0.289827 0.008648
0.883544 0.290235 0.005139
0.895406 0.286348 0.009722
0.910907 0.289078 0.008712
0.927925 0.288563 0.009632
0.943729 0.286760 0.009967
0.956158 0.288119 0.010182
0.972760 0.285671 0.010160
0.399566 0.264711 0.005438
0.424981 0.268633 0.005158
0.449428 0.274240 0.004117
0.473782 0.279142 0.003472
0.498301 0.285376 0.003686
0.522753 0.290353 0.003259
0.547302 0.296884 0.003065
0.571286 0.302279 0.003412
0.633315 0.313295 0.004525
0.657599 0.315571 0.004220
0.682738 0.316545 0.003829
0.708039 0.318203 0.004047
0.770280 0.315568 0.003036
0.794721 0.314286 0.004042
0.821881 0.311865 0.003951
0.369450 0.207349 0.011723
0.382472 0.205430 0.009044
0.397005 0.207933 0.008531
0.412909 0.209175 0.010014
0.426113 0.212466 0.007513
0.441622 0.213539 0.008477
0.456858 0.219076 0.010311
0.469958 0.220609 0.010132
0.483910 0.222169 0.009470
0.499115 0.224605 0.008405
0.511765 0.223825 0.009828
0.528686 0.227963 0.008224
0.540996 0.231110 0.008798
0.555057 0.234444 0.008647
0.567888 0.237885 0.009368
0.584530 0.242272 0.008296
0.597345 0.243470 0.009961
0.613769 0.243729 0.009871
0.624844 0.248181 0.010532
0.642710 0.246411 0.007445
0.654844 0.251790 0.010246
0.667348 0.254126 0.008536
0.684010 0.255410 0.008011
0.699924 0.256740 0.007702
0.713790 0.257026 0.013473
0.725144 0.255826 0.009792
0.742296 0.255708 0.008106
0.756732 0.259923 0.008483
0.773229 0.256947 0.008663
0.786357 0.256822 0.009829
0.801098 0.258238 0.009361
0.815824 0.254766 0.009678
0.828640 0.253750 0.010239
0.845153 0.253537 0.007161
0.859615 0.253661 0.007264
0.875969 0.253280 0.010216
0.889375 0.253232 0.010290
0.901166 0.254658 0.010306
0.916222 0.251887 0.007189
0.931560 0.252194 0.008980
0.947664 0.252723 0.008793
0.969862 0.252693 0.007965
0.974239 0.254641 0.010287
0.374088 0.170128 0.008683
0.387640 0.172790 0.010433
0.403447 0.173076 0.006381
0.418950 0.175973 0.008654
0.371454 0.189917 0.003934
0.387566 0.190764 0.003363
0.405620 0.193129 0.004744
0.422096 0.194582 0.004622
0.437479 0.196178 0.004363
0.453464 0.199098 0.003263
0.470944 0.201693 0.003571
0.488038 0.203554 0.003031
0.503172 0.205177 0.004047
0.520402 0.208364 0.003119
0.561882 0.215427 0.004353
0.578316 0.217357 0.004397
0.594832 0.219444 0.003757
0.611564 0.222762 0.003271
0.628170 0.225048 0.004452
0.644476 0.227068 0.003615
0.660777 0.229281 0.003682
0.676806 0.233807 0.005294
0.693870 0.231600 0.004606
0.711181 0.233064 0.003709
0.376164 0.157302 0.001222
0.403234 0.159949 0.001310
0.429796 0.162029 0.001224
0.456491 0.164878 0.001172
0.483031 0.167713 0.001304
0.509494 0.170633 0.001324
0.536359 0.173129 0.001042
0.562778 0.176396 0.001213
0.642453 0.185026 0.001521
0.668742 0.187388 0.001337
0.695655 0.190170 0.001142
0.722262 0.192087 0.001177
0.748625 0.193792 0.000950
0.775795 0.195212 0.001246
0.802170 0.196451 0.001284
0.829008 0.197747 0.001506
0.855582 0.199082 0.001529
0.936039 0.203518 0.001843
0.962682 0.204678 0.001381
0.989198 0.206294 0.000982
0.380492 0.134257 0.008404
0.392111 0.138231 0.009882
0.407537 0.142511 0.009286
0.423120 0.141360 0.007553
0.436563 0.141805 0.007267
0.452359 0.144775 0.006047
0.464189 0.146371 0.010789
0.479589 0.147141 0.010872
0.495136 0.148270 0.011258
0.508041 0.149368 0.008963
0.524401 0.149887 0.010203
0.537419 0.153091 0.008542
0.555695 0.151757 0.011678
0.568065 0.155211 0.006295
0.579400 0.153530 0.009691
0.594783 0.159229 0.010027
0.611775 0.159002 0.007839
0.623538 0.160364 0.009508
0.639472 0.159427 0.008096
0.652928 0.164416 0.009742
0.668469 0.163068 0.011977
0.682157 0.167590 0.009164
0.697710 0.167002 0.008591
0.712342 0.169089 0.011027
0.728297 0.167305 0.007677
0.739936 0.169603 0.009266
0.753796 0.171448 0.011422
0.769421 0.171193 0.005734
0.782701 0.172749 0.009413
0.796928 0.173348 0.009299
0.812332 0.175195 0.010922
0.828534 0.172209 0.009111
0.842459 0.179435 0.008093
0.858206 0.176117 0.012162
0.871797 0.179833 0.010253
0.885436 0.181610 0.009687
0.915243 0.179811 0.009142
0.928671 0.180682 0.008182
0.943341 0.181719 0.007991
0.960204 0.180860 0.009800
0.973349 0.183792 0.005754
0.986234 0.186485 0.006751
0.383333 0.104481 0.008899
0.400820 0.106407 0.008693
0.412987 0.105538 0.008440
0.428046 0.107290 0.008778
0.441751 0.110149 0.006964
0.453978 0.110203 0.008963
0.470559 0.111124 0.008273
0.485470 0.112912 0.007029
0.499924 0.114341 0.009412
0.515120 0.113947 0.007470
0.528483 0.117466 0.011306
0.542018 0.116549 0.008267
0.557235 0.118497 0.011716
0.571212 0.118633 0.008918
0.587650 0.121090 0.008974
0.600786 0.121801 0.006906
0.614460 0.124444 0.008928
0.629438 0.127173 0.011394
0.645635 0.126411 0.006656
0.660309 0.127420 0.006866
0.674355 0.127827 0.008288
0.688571 0.129897 0.010959
0.699999 0.132706 0.009239
0.716649 0.131960 0.002856
0.731309 0.131496 0.007547
0.746134 0.132203 0.009516
0.761702 0.133173 0.005612
0.773667 0.136261 0.007861
0.788993 0.136451 0.007610
0.800279 0.135359 0.008324
0.391564 0.072531 0.007547
0.403950 0.072393 0.006618
0.419968 0.075590 0.010070
0.432026 0.076167 0.011696
0.448788 0.076211 0.008969
0.461769 0.077865 0.007897
0.475853 0.080100 0.009632
0.502954 0.082142 0.010759
0.518209 0.082560 0.008765
0.533850 0.083106 0.008918
0.548648 0.084730 0.010191
0.562587 0.086172 0.008281
0.576102 0.083977 0.010548
0.592236 0.086311 0.007793
0.605551 0.087660 0.006749
0.620677 0.088596 0.007828
0.635018 0.091572 0.010596
0.650822 0.092007 0.008674
0.667015 0.094146 0.012747
0.681241 0.092403 0.008858
0.691892 0.095244 0.008382
0.705757 0.097360 0.007656
0.721499 0.098057 0.008209
0.736723 0.099518 0.009811
0.750262 0.098906 0.007495
0.765346 0.099320 0.009460
0.779459 0.104129 0.011531
0.794994 0.107021 0.009879
0.807889 0.104444 0.007835
0.822633 0.104440 0.007636
0.838399 0.105750 0.008780
0.851818 0.110978 0.009342
0.867224 0.107977 0.010034
0.894948 0.109834 0.009679
0.910223 0.113077 0.008909
0.924216 0.113779 0.004801
0.937997 0.115047 0.007657
0.952441 0.117405 0.009022
0.966276 0.118103 0.007827
0.982167 0.117733 0.008789
0.997543 0.119599 0.008414
0.395805 0.037478 0.009808
0.409043 0.038491 0.009617
0.422514 0.042046 0.012780
0.440286 0.041645 0.008820
0.452944 0.041505 0.010845
0.467496 0.045805 0.007591
0.481940 0.047351 0.007866
0.392597 0.052349 0.001699
0.412643 0.054456 0.001551
0.432562 0.055633 0.001883
0.452561 0.056895 0.002051
0.471808 0.058369 0.001248
0.522021 0.062266 0.001191
0.542154 0.063631 0.001464
0.561961 0.065759 0.001183
0.581476 0.067372 0.001918
0.601514 0.068904 0.001608
0.621297 0.070084 0.001797
0.820393 0.499068 0.003326
0.823987 0.499504 0.003221
0.830174 0.498970 0.003311
0.834500 0.499008 0.003049
0.839389 0.499046 0.003141
0.844484 0.498109 0.003134
0.849646 0.498254 0.003132
0.853997 0.498661 0.003374
0.859410 0.497820 0.003149
0.864520 0.497619 0.003285
0.869934 0.497584 0.003260
0.875317 0.497440 0.003282
0.879183 0.496432 0.003166
0.885059 0.496453 0.003172
0.819847 0.485383 0.003382
0.824566 0.485718 0.003321
0.828744 0.485396 0.003268
0.834154 0.485520 0.003355
0.839349 0.485486 0.003329
0.843913 0.485045 0.002951
0.849207 0.486512 0.003197
0.854364 0.486098 0.003048
0.858917 0.486110 0.003169
0.864392 0.485537 0.003219
0.868994 0.485167 0.003285
0.873129 0.484834 0.003096
0.879241 0.483967 0.002969
0.883885 0.484007 0.003064
0.818258 0.471750 0.003245
0.822486 0.471863 0.003154
0.828157 0.471593 0.003319
0.833497 0.472229 0.003002
0.837829 0.472786 0.003243
0.843695 0.472972 0.002983
0.848194 0.473152 0.003070
0.852638 0.474384 0.003399
0.863295 0.473079 0.003309
0.868133 0.473258 0.003325
0.872784 0.472053 0.003119
0.878597 0.470927 0.003165
0.883614 0.470405 0.003262
0.816586 0.457825 0.003235
0.822159 0.457182 0.002938
0.827197 0.457660 0.003112
0.832526 0.458289 0.003287
0.836046 0.457721 0.003530
0.842427 0.458130 0.003198
0.846249 0.457654 0.003166
0.852324 0.458741 0.003209
0.856922 0.458045 0.003517
0.862188 0.457141 0.003002
0.867357 0.456811 0.003274
0.872814 0.455517 0.003065
0.877397 0.455351 0.003287
0.881751 0.455198 0.003093
0.816318 0.444053 0.003085
0.821035 0.443359 0.003133
0.827120 0.442981 0.003126
0.831620 0.443981 0.003237
0.836189 0.443628 0.003305
0.841610 0.443178 0.003190
0.846846 0.442800 0.003176
0.852317 0.443478 0.003034
0.856110 0.441643 0.003037
0.861442 0.441802 0.002916
0.866284 0.441203 0.003187
0.870878 0.440823 0.003123
0.876106 0.440546 0.003131
0.881887 0.441278 0.003097
0.816318 0.430184 0.003392
0.821203 0.429780 0.003259
0.826883 0.430266 0.003427
0.831819 0.429731 0.002943
0.836646 0.430102 0.003352
0.841440 0.428377 0.003163
0.846240 0.429045 0.003371
0.851199 0.427729 0.003001
0.856226 0.427481 0.003213
0.861626 0.428209 0.003144
0.865615 0.427445 0.003409
0.871697 0.427267 0.003437
0.876277 0.426499 0.003212
0.881700 0.427253 0.003467
0.116342 0.608237 0.013707
0.159498 0.607990 0.011447
0.199319 0.604826 0.013212
0.243232 0.601588 0.012578
0.284169 0.600692 0.012550
0.326213 0.601059 0.011978
0.369064 0.598092 0.012589
0.408593 0.596301 0.012798
