0.080488 0.229239 0.015384
0.103550 0.227099 0.015065
0.130241 0.236541 0.015700
0.149445 0.232577 0.016514
0.405203 0.334763 0.016821
0.433821 0.337295 0.011792
0.466159 0.341645 0.007960
0.500381 0.346794 0.012643
0.529588 0.350229 0.015629
0.562837 0.355334 0.012306
0.591621 0.360965 0.012403
0.624806 0.364392 0.012063
0.656190 0.372259 0.010782
0.689317 0.382604 0.027703
0.721340 0.380999 0.017504
0.748258 0.385233 0.019776
0.789142 0.391461 0.021163
0.814949 0.393258 0.016066
0.842030 0.391409 0.016184
0.876960 0.396912 0.006400
0.401074 0.283542 0.015540
0.433374 0.288586 0.014986
0.497361 0.293479 0.003622
0.529461 0.296202 0.016781
0.561722 0.302530 0.012505
0.590423 0.306313 0.007221
0.625998 0.312467 0.014140
0.653942 0.318744 0.017426
0.687724 0.327087 0.011686
0.718947 0.329867 0.011763
0.751787 0.332614 0.010443
0.779118 0.338492 0.020732
0.811771 0.341250 0.015669
0.845156 0.341922 0.012335
0.876331 0.344577 0.016978
0.860006 0.249778 0.002510
0.866831 0.251949 0.002101
0.873067 0.252443 0.002385
0.879322 0.253705 0.002476
0.885646 0.254701 0.002394
0.892749 0.255238 0.002216
0.898488 0.255982 0.002133
0.905349 0.256987 0.002389
0.911420 0.257481 0.002078
0.917521 0.257880 0.002373
0.924437 0.257934 0.002344
0.930641 0.257837 0.002329
0.937187 0.258896 0.002306
0.942982 0.258558 0.002465
0.949426 0.258527 0.002411
0.955940 0.258436 0.002379
0.962838 0.258512 0.002590
0.968586 0.258973 0.002328
0.862381 0.236991 0.002130
0.868185 0.238803 0.002345
0.874274 0.239124 0.002318
0.880248 0.240851 0.002327
0.887391 0.241439 0.002305
0.893573 0.242675 0.002341
0.900124 0.243396 0.002337
0.906116 0.243746 0.002467
0.912695 0.244649 0.002267
0.918763 0.244864 0.002340
0.925287 0.244839 0.002524
0.931607 0.244553 0.002245
0.937302 0.244947 0.002427
0.944748 0.245163 0.002379
0.951355 0.245446 0.002458
0.957912 0.245175 0.002271
0.964068 0.245776 0.002570
0.970316 0.245866 0.002482
0.359774 0.137336 0.022206
0.384546 0.135838 0.022170
0.412666 0.134413 0.022243
0.435154 0.141050 0.022271
0.460529 0.140325 0.022216
0.486529 0.134291 0.022178
0.509536 0.136375 0.022218
0.536738 0.136410 0.022182
0.566812 0.135877 0.022217
0.589611 0.139363 0.022251
0.612468 0.135050 0.022284
0.636648 0.135886 0.022249
0.670430 0.136433 0.022214
0.695179 0.137637 0.022245
0.353986 0.102779 0.022155
0.383032 0.102909 0.022229
0.411755 0.104518 0.022270
0.437797 0.101796 0.022231
0.462293 0.104151 0.022245
0.485988 0.105041 0.022174
0.509805 0.104290 0.022156
0.543582 0.102473 0.022232
0.569172 0.100905 0.022299
0.593241 0.099178 0.022202
0.614366 0.096452 0.022211
0.642962 0.097176 0.022171
0.665793 0.100026 0.022298
0.693419 0.097330 0.022258
0.358504 0.051659 0.022233
0.387511 0.053577 0.022134
0.407553 0.055073 0.022250
0.433291 0.058974 0.022258
0.459729 0.050349 0.022277
0.488229 0.054864 0.022225
0.509828 0.055316 0.022316
0.538418 0.055050 0.022309
0.561733 0.058893 0.022233
0.591444 0.055263 0.022258
0.615239 0.058756 0.022289
0.643547 0.054426 0.022187
0.669760 0.057885 0.022328
0.694174 0.055781 0.022215
0.361904 0.011947 0.022221
0.385562 0.012816 0.022227
0.415388 0.014520 0.022258
0.437956 0.015264 0.022259
0.459718 0.014010 0.022272
0.484566 0.014343 0.022155
0.514606 0.016364 0.022206
0.539536 0.012089 0.022142
0.563714 0.009183 0.022108
0.588971 0.013040 0.022291
0.616768 0.015600 0.022218
0.642793 0.012896 0.022199
0.664754 0.013803 0.022222
0.693314 0.011417 0.022200
0.313323 0.464819 0.020291
0.357430 0.464663 0.016599
0.408474 0.462551 0.018292
0.450406 0.466597 0.017524
0.582410 0.465088 0.017784
0.625748 0.467488 0.017161
0.674984 0.465386 0.016864
0.718438 0.464751 0.019192
0.049959 0.308685 0.021566
0.070855 0.309751 0.020341
0.097222 0.313421 0.020871
0.115561 0.307441 0.021354
0.144860 0.307766 0.021477
0.172489 0.307951 0.020657
0.195719 0.306747 0.021723
0.216926 0.303542 0.021593
0.240312 0.309988 0.021081
0.265749 0.304891 0.021444
0.291372 0.305909 0.022229
0.314013 0.308333 0.021825
0.339282 0.307326 0.021576
0.362020 0.306249 0.021329
0.050039 0.239378 0.020954
0.081843 0.246012 0.021714
