1441.49 689.06 18
1465.88 683.18 19
1479.43 674.45 18
1495.63 665.67 18
1357.82 736.24 19
1372.63 723.97 18
1388.06 717.13 18
1394.99 703.01 19
1409.12 678.49 18
1424.92 672.14 18
1446.38 652.15 19
1459.47 643.99 18
1477.51 636.21 19
1395.51 648.10 18
1409.88 635.21 19
1420.43 624.59 19
1443.55 615.07 19
1458.35 602.05 18
790.60 1257.31 33
825.42 1246.83 30
854.49 1240.41 34
891.69 1226.66 30
919.31 1225.12 32
955.78 1214.50 31
992.71 1200.20 30
1021.52 1193.88 36
1055.49 1186.15 35
1094.77 1175.96 35
1120.74 1170.72 32
1160.90 1156.42 31
1193.88 1146.77 33
1225.89 1141.13 32
1258.51 1131.79 29
1293.77 1124.32 35
1329.53 1116.95 34
1358.42 1104.25 31
1397.95 1093.40 30
1430.47 1084.37 32
1460.35 1081.37 33
1495.31 1071.35 37
1531.31 1059.53 33
1560.44 1052.88 30
1593.74 1040.74 34
1628.08 1035.39 30
1661.97 1024.77 30
1698.24 1015.01 34
1733.51 1006.33 32
1763.73 998.55 30
1796.12 989.81 31
1833.73 974.00 32
1864.72 973.48 30
1899.96 959.18 31
1934.49 951.26 33
1969.18 939.26 32
2002.03 933.53 31
2036.24 923.73 34
2068.55 917.56 36
2105.12 909.16 34
2134.81 897.66 30
2175.96 888.28 31
2204.32 877.94 33
2238.73 872.06 33
2271.19 867.21 31
2302.09 857.27 33
2339.00 844.33 33
1505.24 1016.39 30
1538.96 1007.63 29
1572.08 998.76 33
1604.00 990.93 31
1636.42 983.82 37
1669.80 973.55 31
1708.46 962.40 31
1743.17 954.31 38
1772.43 944.65 30
1808.07 934.43 35
1840.66 924.34 33
1874.05 919.68 32
1907.38 910.28 30
1944.17 901.03 33
1976.07 890.56 36
2007.93 885.28 34
2045.26 874.92 33
2073.38 866.17 34
2111.05 857.71 32
2144.58 846.68 33
2175.28 840.26 35
2207.89 828.48 33
2241.16 823.03 34
2278.29 808.32 33
2311.34 800.84 30
2341.54 794.53 35
2285.73 760.89 31
2318.96 750.12 35
2353.76 738.43 35
809.90 1101.14 35
844.49 1085.92 34
876.68 1082.42 32
912.53 1073.03 31
945.18 1063.98 31
982.08 1055.11 31
1013.33 1046.76 35
1044.76 1037.84 29
1085.71 1025.50 35
1111.15 1023.94 32
1149.96 1010.64 33
1182.12 998.48 34
1213.11 990.75 34
1250.75 983.00 35
1284.02 973.85 31
1312.83 967.89 32
1348.11 958.74 30
1385.70 946.87 32
1416.85 937.68 32
1459.66 928.55 33
1487.09 917.10 34
1523.60 912.39 35
1552.50 906.67 35
1590.09 892.13 31
1617.37 887.30 32
1655.51 876.63 32
1687.73 865.90 32
1716.76 858.01 35
1754.48 851.50 36
1787.33 840.43 34
1821.28 829.85 34
1862.36 816.50 31
1885.59 814.10 31
1923.85 804.46 32
1953.42 797.34 28
1991.86 786.19 33
2024.80 774.82 32
2061.21 765.06 36
2093.20 757.96 32
2126.06 750.87 29
2158.33 740.89 33
2192.48 733.70 32
2229.48 724.66 33
2262.40 715.13 30
2291.85 708.22 33
2327.60 698.09 29
2364.24 686.96 33
820.82 1045.34 32
855.78 1040.04 28
884.25 1030.81 34
921.04 1022.39 35
952.66 1014.19 35
988.35 1003.12 34
1020.93 994.34 31
1054.82 993.20 31
1091.34 974.10 34
1120.99 964.61 35
1149.48 960.83 38
1190.56 950.87 33
1223.55 938.81 29
1256.13 930.71 32
1292.52 922.44 34
1329.82 909.92 34
1359.75 900.60 35
1390.40 896.13 31
1425.03 886.07 32
1458.75 874.35 34
1491.00 870.99 33
1525.56 857.81 33
1559.71 847.91 31
1593.07 841.93 32
1628.36 832.58 34
1660.51 827.75 34
1695.49 815.39 30
1727.02 803.94 33
1761.22 795.20 34
1798.36 785.70 33
1826.49 780.66 33
1864.06 768.84 32
1896.82 762.40 31
1929.63 751.62 35
1965.70 739.56 30
1998.99 729.36 33
2030.18 723.76 30
2068.46 714.49 31
2101.56 706.08 32
2129.42 700.80 30
2167.43 690.55 33
2203.92 677.36 34
2239.98 670.62 35
2271.71 658.31 32
2298.75 656.39 33
2334.95 644.66 31
2368.84 633.43 30
788.93 1023.12 17
807.19 1017.61 21
828.69 1012.57 17
848.24 1006.19 17
866.70 1001.78 18
886.93 997.44 19
905.57 990.23 18
926.43 986.18 18
945.41 979.57 17
964.01 979.37 18
1009.57 963.64 18
1027.19 959.35 16
825.26 998.33 33
860.83 985.74 33
887.40 979.50 33
926.74 968.60 32
965.28 959.92 33
993.27 951.05 30
1027.74 942.25 33
1064.91 932.11 38
1100.01 921.12 33
1128.71 916.01 31
1167.90 901.86 34
1197.84 892.40 35
1230.94 888.37 34
1262.78 882.02 32
1298.13 872.29 33
1334.87 860.56 33
1362.49 850.34 39
1399.14 842.80 29
1430.21 835.22 32
1465.72 827.88 32
1500.87 816.30 32
1534.50 809.90 33
1566.91 799.38 35
1602.65 789.71 30
1635.15 779.89 32
1671.34 770.55 30
1699.66 761.74 34
1732.87 754.31 36
1774.25 743.08 30
1801.04 738.74 32
1832.76 725.51 32
1868.49 718.43 31
1905.48 708.36 32
1949.85 685.19 32
1976.53 692.18 30
2011.01 682.41 34
2039.75 673.61 31
2076.48 661.99 28
2119.41 648.91 33
2142.15 644.07 32
2179.75 630.89 34
2211.07 631.52 32
2241.96 620.80 33
2278.90 611.15 34
2311.41 599.41 30
2344.56 590.18 36
2376.18 584.94 34
835.83 940.55 35
876.69 949.03 31
903.29 922.01 33
935.51 914.62 33
971.29 905.37 30
1004.00 896.84 34
1035.14 886.38 34
1072.97 879.94 34
1098.26 872.23 33
1136.10 855.99 35
1168.64 849.55 34
1206.36 843.72 33
1239.63 832.89 34
1273.20 824.38 32
1307.10 812.91 32
1336.43 809.84 34
1372.24 800.25 32
1410.37 789.15 33
1442.42 779.98 30
1473.79 771.86 33
1505.10 765.97 29
1544.36 754.86 31
1576.56 746.46 32
1611.01 735.90 37
1644.04 727.46 32
1678.57 717.68 34
1704.39 712.77 31
1745.32 701.94 32
1780.32 687.78 29
1809.74 684.87 35
1849.35 676.86 34
1878.17 666.28 34
1911.60 656.45 33
1948.01 647.19 32
1979.60 638.10 34
2012.04 631.54 32
2046.77 622.55 35
2080.49 610.48 34
2114.63 601.55 32
2148.73 596.02 30
2183.91 581.57 32
2213.57 576.00 30
2251.26 567.90 33
2285.03 556.57 32
2320.35 548.22 29
2353.11 542.58 35
2383.79 531.80 31
840.93 892.19 29
875.35 880.04 35
909.22 872.42 32
942.92 858.66 31
977.86 855.00 31
1010.78 843.98 33
1044.99 835.61 32
1075.26 829.78 30
1108.10 815.08 33
1145.82 809.59 33
1179.14 802.22 33
1209.60 793.99 29
1246.02 778.74 32
1279.00 774.85 30
1313.86 767.14 31
1347.82 753.81 30
1382.05 747.50 33
1412.94 739.28 32
1448.39 728.46 32
1481.86 719.64 33
1516.64 713.15 31
1550.82 702.46 30
1583.40 692.75 30
1613.98 682.89 35
1650.54 677.53 32
1680.25 672.48 37
1716.33 660.83 34
1752.37 643.59 33
1785.74 636.79 34
1824.34 629.71 31
1856.66 620.83 33
1890.32 611.30 32
1923.36 598.16 34
1953.10 593.33 29
1989.78 586.13 31
2021.41 574.98 34
2056.56 564.49 34
2086.32 558.94 36
2122.38 550.54 32
2159.32 541.19 33
2186.59 531.23 30
2226.33 520.13 34
2257.20 513.91 34
2290.38 506.02 32
2328.24 497.43 33
2358.25 485.45 33
2395.02 476.60 33
563.03 579.46 10
561.09 590.95 12
553.57 604.76 12
547.33 624.36 12
542.63 635.93 9
528.78 648.94 13
524.53 662.11 6
515.77 674.41 9
509.05 688.65 9
584.18 588.70 12
579.46 601.28 9
574.53 616.48 9
568.08 630.25 9
560.89 643.02 13
553.59 656.55 9
544.56 667.07 12
536.56 680.49 10
531.46 696.72 12
602.08 595.91 13
598.45 613.15 12
594.69 623.18 11
589.59 640.31 10
583.27 651.60 11
575.13 666.92 10
566.79 680.22 8
556.26 692.14 13
553.26 705.71 9
251.13 1114.38 26
240.88 1065.74 34
242.10 1025.68 38
228.36 975.25 17
226.19 923.30 40
213.82 880.06 46
209.07 832.66 20
200.98 784.46 42
178.62 662.38 42
173.43 611.86 20
165.51 566.68 29
157.87 521.78 12
150.25 478.92 25
142.25 428.11 16
130.56 380.91 47
127.57 336.31 22
758.16 552.94 34
792.99 552.23 33
832.75 551.15 33
869.99 548.30 34
903.45 543.66 35
940.53 545.92 33
973.66 543.12 33
1020.49 542.83 32
1053.13 537.17 36
1102.07 534.86 34
1126.51 535.01 33
1161.63 522.22 35
1202.92 521.56 33
1242.15 524.67 33
1276.01 528.08 34
1315.20 522.64 33
1346.08 526.17 34
1388.41 519.03 31
1418.00 522.01 34
1458.23 515.61 34
1498.50 527.43 34
1536.68 530.02 34
1570.49 526.05 34
1605.04 529.60 34
1643.96 529.09 34
1687.24 542.29 35
1716.86 540.02 34
1761.85 544.86 33
1794.74 540.51 35
1829.93 547.54 35
1867.15 549.03 32
1905.12 554.54 36
1946.31 550.68 33
756.79 499.73 34
794.43 504.12 32
824.86 498.49 34
858.25 505.53 34
894.61 499.22 35
937.53 502.53 34
969.14 502.05 34
1011.14 490.13 32
1047.39 489.90 34
1088.17 488.35 33
1122.50 488.96 34
1164.05 478.88 33
1201.47 481.02 33
1231.79 476.92 34
1271.89 480.07 32
1300.56 475.74 34
1348.96 478.39 33
1386.14 477.76 32
1422.25 482.14 32
1458.12 477.90 33
1492.25 475.31 35
1530.49 485.14 33
1572.41 482.73 32
1602.69 486.95 32
1642.30 482.23 33
1681.50 498.79 33
1725.71 491.63 33
1752.75 500.17 35
1790.55 502.24 35
1827.54 496.76 34
1867.31 498.68 35
1903.15 502.43 32
1932.60 503.25 34
754.78 462.40 34
792.34 457.89 32
832.69 455.72 33
868.71 455.88 33
902.45 454.57 33
946.43 454.32 32
976.46 449.43 35
1017.31 445.14 34
1048.48 446.41 35
1092.89 443.33 33
1124.90 446.93 34
1164.01 437.67 35
1210.36 436.87 33
1236.98 435.64 32
1275.88 438.46 33
1303.10 438.87 33
1344.72 433.38 34
1384.95 434.57 32
1426.88 427.61 34
1460.85 434.79 35
1498.79 430.90 34
1534.05 435.31 34
1573.32 436.98 32
1608.60 448.38 33
1644.95 443.09 34
1685.55 447.78 34
1726.20 448.56 33
1753.42 452.81 32
1793.38 449.82 33
1825.30 458.62 34
1865.10 457.49 34
1904.07 462.64 35
1948.46 457.68 35
767.51 413.77 34
801.63 415.68 34
839.69 415.84 33
877.14 412.41 33
919.88 408.51 36
951.15 408.13 33
989.20 407.24 32
1027.82 402.52 33
1060.50 400.51 33
1099.66 398.99 34
1137.61 404.16 34
1172.32 396.08 33
1205.65 392.02 33
1243.78 390.99 33
1278.05 388.85 33
1319.87 388.40 34
1359.53 381.82 33
1393.76 387.71 34
1434.11 392.22 34
1467.07 390.54 33
1513.77 389.20 34
1545.77 389.75 34
1583.28 396.42 35
1616.90 396.51 34
1650.86 396.89 33
1688.25 401.60 34
1724.26 404.12 34
1761.55 417.99 33
1804.32 407.00 33
1839.06 407.12 34
1878.00 417.35 34
1919.37 416.51 33
1951.00 414.87 32
770.83 372.83 34
815.99 368.97 34
851.47 370.54 34
890.37 364.83 32
924.31 362.47 32
960.60 369.89 34
1000.94 366.97 33
1039.10 363.15 33
1076.95 361.20 34
1110.07 354.54 34
1142.21 350.01 35
1177.46 355.19 34
1221.12 349.83 34
1261.46 341.78 32
1288.94 351.93 34
1336.08 339.67 34
1368.78 344.05 34
1408.85 341.99 32
1446.87 340.63 34
1482.36 340.24 34
1519.32 349.66 34
1558.94 351.38 34
1594.17 345.75 35
1633.33 353.50 32
1668.74 358.81 34
1700.14 358.70 34
1739.53 359.11 34
1777.20 369.24 33
1808.51 362.55 34
1850.21 372.36 32
1890.90 373.05 34
1927.68 373.54 32
1965.84 369.49 34
791.36 330.22 34
823.20 320.42 33
860.39 326.71 34
898.23 323.23 32
931.17 325.04 32
974.78 313.93 34
1014.20 316.56 33
1038.10 313.29 33
1084.53 308.11 34
1120.59 309.58 34
1149.77 309.84 34
1192.18 310.32 32
1228.37 307.23 35
1264.65 303.95 35
1301.48 299.01 33
1338.58 300.78 34
1377.71 298.28 36
1414.61 296.87 33
1450.91 300.67 34
1488.73 301.29 34
1524.34 297.59 35
1573.70 299.01 34
1593.62 299.80 34
1634.82 310.89 32
1673.96 311.71 33
1715.94 311.76 34
1743.80 315.70 33
1780.21 317.43 33
1819.84 318.95 33
1859.85 313.80 33
1899.67 321.22 33
1933.47 323.94 34
1975.35 323.44 34
784.61 303.97 4
791.70 303.63 4
797.89 303.11 4
804.81 304.12 4
811.77 303.30 4
825.28 304.00 4
832.54 303.54 4
838.74 303.27 4
846.33 303.31 4
852.30 303.30 4
866.45 302.70 4
872.03 302.45 4
879.39 302.62 4
885.87 302.00 4
786.42 287.81 33
811.72 291.10 33
857.04 279.33 33
895.29 276.66 34
931.17 286.34 35
973.51 273.89 32
1004.72 274.93 33
1047.92 266.16 34
1088.46 269.28 32
1115.58 264.47 33
1151.50 262.68 34
1190.14 261.14 34
1231.93 261.97 34
1265.93 254.87 34
1311.07 253.70 34
1351.87 252.64 34
1373.54 253.02 34
1409.47 247.31 33
1453.34 259.72 35
1491.16 249.04 32
1528.46 253.64 33
1564.85 256.62 33
1600.02 265.07 32
1635.61 261.04 31
1670.78 267.04 33
1711.64 267.42 34
1751.44 270.01 35
1785.41 274.51 34
1819.00 277.16 32
1863.33 279.90 32
1894.67 277.63 34
1936.43 281.98 33
1967.70 277.62 35
779.35 239.77 33
812.37 237.26 33
848.67 236.70 35
891.19 234.21 34
928.24 235.62 32
964.63 232.18 34
997.28 232.98 34
1040.78 226.56 34
1068.07 218.84 33
1111.72 223.82 33
1149.56 213.60 34
1180.76 218.44 33
1223.07 211.43 33
1258.60 210.95 33
1292.23 209.27 35
769.63 190.32 35
799.62 191.02 34
843.73 190.34 33
878.91 188.83 33
909.48 184.65 34
950.28 190.03 33
992.70 186.14 36
1025.44 182.50 34
1065.41 184.69 33
1097.01 176.84 34
1140.51 170.75 34
1171.65 171.56 33
1212.60 173.35 33
1244.63 168.85 32
1287.40 165.67 34
1323.07 161.43 34
1362.08 166.93 34
1391.85 157.37 32
1436.73 167.40 34
1470.85 169.80 32
1503.75 169.11 33
1542.12 165.67 33
1583.89 172.78 34
1622.13 175.00 32
1658.72 175.10 34
1695.02 175.03 34
1729.39 182.49 34
1766.40 189.00 33
1805.71 183.34 34
1839.74 188.49 32
1880.84 189.16 32
1920.36 195.40 36
1953.98 187.85 32
760.36 167.62 14
775.77 166.02 14
792.38 166.62 15
808.12 168.05 14
822.48 167.46 14
840.56 168.04 15
853.11 168.07 15
866.19 165.31 14
886.90 163.35 14
902.37 165.97 15
945.20 160.88 14
961.13 160.81 14
754.12 150.35 34
790.71 145.96 31
827.25 145.73 34
869.16 143.36 34
901.04 138.88 34
941.62 138.44 34
978.79 139.79 35
1018.21 138.99 34
1053.26 136.05 34
1093.63 131.99 34
1125.44 131.59 34
1159.05 125.99 34
1200.37 118.23 34
1237.67 127.00 33
1280.89 118.66 32
1316.58 118.88 32
1350.00 116.56 33
1385.21 120.97 32
1423.80 125.38 35
1460.81 117.49 34
1494.26 124.93 34
1541.56 124.83 33
1575.59 127.50 35
1605.04 129.19 35
1647.19 133.30 34
1682.02 132.06 33
1717.27 140.37 32
1757.07 140.62 35
1799.33 144.80 34
1830.84 145.97 34
1873.39 151.26 35
1900.41 143.76 34
1942.77 145.79 35
753.16 127.65 4
759.78 128.11 4
772.96 127.93 4
778.52 127.68 4
783.76 128.44 4
789.21 128.64 4
794.04 128.76 4
807.87 127.63 4
814.04 128.37 4
818.47 127.38 4
825.39 126.90 4
830.31 127.95 4
752.27 101.74 33
781.51 94.87 34
830.69 104.20 32
861.31 99.55 34
901.37 101.32 34
934.63 95.88 34
976.24 91.48 34
1007.38 91.07 32
1048.98 89.58 34
1086.30 86.81 32
1122.50 85.19 34
1160.05 92.49 35
1196.96 85.71 32
1235.45 77.83 34
1275.82 72.58 33
1306.24 76.61 34
1344.53 73.26 34
1385.27 76.60 34
1421.35 76.24 33
1456.97 79.32 33
1492.35 76.79 32
1528.23 71.36 34
1572.13 81.54 31
1609.17 80.93 33
1639.60 85.97 34
1681.13 88.46 33
1718.33 89.87 34
1754.86 88.79 33
1789.84 94.50 33
1826.03 100.59 34
1863.72 98.50 32
1901.83 98.64 35
1938.76 101.38 33
