341.30 758.85 15
373.64 768.88 16
404.75 773.56 16
438.51 781.61 16
467.01 787.60 16
498.46 791.30 16
526.29 800.83 15
563.56 809.73 15
589.02 815.58 16
623.29 825.13 15
650.01 832.57 15
337.94 789.12 16
364.63 797.54 15
394.66 805.36 16
425.35 806.21 16
461.47 817.97 15
492.14 825.41 15
523.16 830.63 15
556.97 838.86 16
584.69 847.96 16
615.24 855.14 14
641.51 864.73 15
327.70 822.64 15
358.77 826.28 15
388.36 835.03 15
453.05 849.10 15
483.55 856.29 16
543.57 874.36 15
571.89 880.47 15
603.85 889.38 16
634.68 893.57 16
321.04 850.49 15
354.22 859.60 16
380.76 863.13 16
411.56 873.17 16
442.70 878.52 16
475.32 884.31 15
507.01 898.17 16
537.61 902.19 15
572.02 915.39 15
599.82 919.03 15
629.19 926.19 15
312.43 883.39 15
342.56 890.37 16
374.10 894.21 15
403.21 902.16 15
436.13 909.29 15
466.81 917.59 15
498.20 927.55 16
528.23 932.30 15
561.11 940.52 16
590.69 946.17 16
620.47 956.18 15
305.66 911.75 15
335.66 920.51 16
371.86 929.31 15
397.04 931.82 15
430.49 941.96 15
459.81 948.90 16
494.87 958.32 15
522.91 964.42 15
551.54 970.17 16
584.40 979.10 15
610.99 986.57 15
329.16 952.62 16
361.22 958.44 16
391.80 962.04 16
420.78 972.45 16
453.71 980.19 15
480.89 988.02 15
514.36 995.79 15
546.02 1002.37 16
575.32 1010.31 15
606.37 1017.90 15
291.33 975.55 16
321.30 982.49 15
352.54 987.63 15
385.40 994.33 16
416.41 1005.35 16
447.23 1008.66 15
505.65 1026.08 15
535.43 1036.88 15
570.43 1039.63 15
600.89 1050.38 15
283.71 1001.36 15
312.93 1012.32 15
345.34 1017.46 15
373.11 1025.88 16
406.47 1033.01 15
433.60 1042.55 15
468.48 1048.39 15
497.54 1057.85 15
530.78 1064.18 16
560.75 1072.55 15
591.75 1081.59 15
276.69 1033.32 16
305.47 1042.38 16
335.06 1047.47 16
368.04 1056.14 15
398.15 1064.85 16
431.77 1074.40 15
458.45 1079.58 15
488.84 1085.30 15
521.35 1094.49 16
554.17 1103.63 15
585.10 1111.32 16
267.37 1065.62 16
298.19 1076.28 17
328.53 1078.04 15
362.09 1088.68 15
390.73 1096.55 15
422.82 1106.62 15
450.82 1113.94 16
483.97 1118.39 15
515.33 1125.97 15
542.29 1134.59 16
576.88 1141.53 16
259.72 1096.06 15
290.33 1106.02 15
323.09 1113.04 16
352.31 1117.97 16
384.26 1125.55 15
413.09 1134.48 16
446.81 1140.91 16
475.23 1149.74 15
507.42 1159.36 16
538.11 1163.62 16
570.85 1174.07 15
251.25 1130.82 15
285.37 1133.05 15
316.58 1141.75 16
344.67 1149.55 16
375.08 1156.94 16
406.38 1167.02 15
437.31 1174.27 16
470.83 1181.57 15
503.28 1186.62 16
530.27 1195.44 15
560.45 1203.22 17
240.83 1159.32 16
274.41 1165.98 16
304.46 1175.47 15
337.46 1179.93 15
368.41 1189.39 15
397.54 1193.58 16
460.67 1211.16 16
493.84 1218.73 16
524.62 1225.71 16
553.42 1234.49 15
