0.299755 0.930378 0.008889
0.305208 0.919168 0.008748
0.322621 0.898776 0.009159
0.330441 0.890892 0.008613
0.337723 0.878951 0.008758
0.344814 0.868968 0.008836
0.353962 0.856864 0.008948
0.362211 0.846071 0.009527
0.367661 0.835035 0.008683
0.373254 0.825481 0.009626
0.382487 0.814495 0.008896
0.389469 0.804986 0.008853
0.396288 0.790078 0.008711
0.404712 0.782362 0.009130
0.411389 0.770246 0.009367
0.418812 0.760198 0.008572
0.425868 0.746908 0.008816
0.430897 0.737403 0.008770
0.440834 0.725290 0.008679
0.447574 0.715378 0.008541
0.455437 0.706187 0.008984
0.461958 0.695088 0.009082
0.470821 0.682901 0.008943
0.477131 0.673124 0.008694
0.484095 0.661324 0.008923
0.492402 0.652056 0.009155
0.501263 0.640820 0.008994
0.508318 0.631287 0.009160
0.516151 0.620541 0.008797
0.524172 0.610394 0.009108
0.533514 0.599605 0.009061
0.541118 0.590820 0.008678
0.548037 0.582543 0.008815
0.558500 0.569479 0.008646
0.569306 0.563290 0.008901
0.576355 0.554107 0.008808
0.585376 0.544907 0.008876
0.597007 0.535501 0.008849
0.603472 0.525823 0.008677
0.615120 0.518811 0.009010
0.623202 0.511911 0.008509
0.227946 0.988683 0.006167
0.230338 0.984407 0.005672
0.235153 0.979785 0.005947
0.239056 0.977988 0.006315
0.241771 0.974015 0.006111
0.245395 0.969472 0.006223
0.250414 0.966460 0.005959
0.252259 0.961576 0.005836
0.256156 0.958254 0.005930
0.261520 0.955356 0.006159
0.263464 0.952109 0.006072
0.266833 0.948183 0.006536
0.271587 0.943559 0.006565
0.274749 0.939469 0.006345
0.277831 0.935920 0.005983
0.280233 0.933048 0.006188
0.285615 0.929742 0.006062
0.288033 0.926954 0.006045
0.292022 0.918345 0.006090
0.295672 0.916319 0.006164
0.299506 0.912423 0.006101
0.301619 0.908164 0.006148
0.305398 0.905529 0.005764
0.308533 0.899824 0.006042
0.311588 0.896942 0.006302
0.315093 0.892435 0.006275
0.318552 0.889701 0.005879
0.320975 0.884894 0.006212
0.323685 0.878159 0.006167
0.328014 0.875265 0.005888
0.329437 0.871662 0.006183
0.334117 0.866904 0.006254
0.336372 0.862887 0.006147
0.340118 0.858601 0.006527
0.344288 0.853731 0.006029
0.346200 0.850424 0.006205
0.349395 0.846136 0.006255
0.351587 0.840731 0.006256
0.355216 0.837798 0.006054
0.358198 0.832007 0.006264
0.359926 0.828760 0.006222
0.363360 0.824666 0.006654
0.366268 0.820248 0.006439
0.368920 0.814817 0.006152
0.374172 0.809836 0.006449
0.375050 0.806866 0.005954
0.378038 0.802474 0.006213
0.380707 0.796650 0.006503
0.228217 0.973557 0.008266
0.238546 0.965178 0.009166
0.247515 0.955290 0.008999
0.255760 0.947260 0.008647
0.268053 0.938802 0.009101
0.274228 0.926647 0.008471
0.283200 0.917209 0.009124
0.290199 0.908059 0.008834
0.300354 0.895242 0.009146
0.306775 0.888832 0.008481
0.314067 0.877646 0.009021
0.322486 0.868169 0.009094
0.329212 0.857137 0.008532
0.337040 0.845449 0.009337
0.343388 0.834986 0.008492
0.354890 0.824717 0.009499
0.359310 0.812985 0.009461
0.367113 0.800929 0.008589
0.375595 0.792739 0.009355
0.382522 0.781422 0.008947
0.388708 0.769073 0.008954
0.395743 0.757433 0.008953
0.402421 0.747485 0.008305
0.410550 0.736529 0.008835
0.418062 0.725251 0.008760
0.422979 0.714817 0.009013
0.431709 0.704291 0.008161
0.438318 0.691932 0.008838
0.435294 0.679460 0.009154
0.452263 0.669966 0.008633
0.461100 0.659798 0.009014
0.469383 0.650510 0.009016
0.476537 0.637795 0.008763
0.484737 0.628364 0.008932
0.491366 0.618607 0.009103
0.509120 0.598062 0.009038
0.517349 0.589468 0.008749
0.525922 0.580194 0.008848
0.535443 0.571666 0.008700
0.541206 0.561240 0.008667
0.550907 0.549827 0.009057
0.561829 0.541126 0.008970
0.569307 0.532013 0.008743
0.579095 0.525948 0.008337
0.589285 0.514644 0.008955
0.597617 0.505102 0.008996
0.607532 0.499770 0.009455
0.210322 0.975408 0.005175
0.214579 0.969473 0.005336
0.221265 0.964364 0.005256
0.225939 0.958559 0.004809
0.230972 0.952381 0.005168
0.236963 0.948517 0.005382
0.241671 0.941720 0.005179
0.246265 0.937651 0.005609
0.251498 0.931824 0.005397
0.256434 0.926288 0.005240
0.262132 0.921204 0.005498
0.266504 0.916079 0.005237
0.271184 0.909814 0.005495
0.275756 0.902978 0.005356
0.280550 0.898347 0.005396
0.285218 0.892985 0.005192
0.290061 0.887237 0.005317
0.296139 0.880561 0.005374
0.300312 0.875626 0.005341
0.303732 0.869433 0.005423
0.308813 0.862561 0.005632
0.312751 0.857055 0.005273
0.318072 0.850504 0.005169
0.321751 0.845402 0.005437
0.325743 0.838700 0.005213
0.330401 0.833053 0.005584
0.334744 0.826349 0.005227
0.339525 0.822372 0.005155
0.342859 0.812849 0.005368
0.348637 0.807068 0.005104
0.351557 0.801525 0.005222
0.356267 0.795597 0.005443
0.359548 0.789845 0.004971
0.363964 0.782048 0.005350
0.367523 0.777148 0.005214
0.372200 0.770030 0.005302
0.376073 0.762971 0.005479
0.379742 0.757686 0.005368
0.384103 0.751940 0.005415
0.388655 0.744718 0.005209
0.392035 0.737715 0.005557
0.395470 0.731115 0.005385
0.400801 0.725239 0.004950
0.409004 0.713406 0.005068
0.268542 0.905719 0.009209
0.277874 0.894647 0.008548
0.284468 0.884910 0.008994
0.291797 0.874680 0.009182
0.298215 0.863439 0.008771
0.308658 0.855297 0.008952
0.316166 0.844997 0.009034
0.324160 0.834155 0.008291
0.344996 0.827486 0.009417
0.339328 0.811609 0.008786
0.344453 0.801210 0.008985
0.352760 0.791156 0.008885
0.360062 0.780338 0.009124
0.367881 0.768387 0.008866
0.373293 0.756636 0.008465
0.381783 0.747548 0.009109
0.388395 0.735808 0.008137
0.394276 0.723911 0.009120
0.402791 0.713134 0.008306
0.409425 0.703189 0.009186
0.416973 0.690017 0.009029
0.425016 0.680766 0.008859
0.432249 0.670452 0.008700
0.437709 0.658743 0.008845
0.446858 0.647134 0.008587
0.455036 0.637861 0.009041
0.460491 0.628139 0.008991
0.467911 0.617556 0.009140
0.477342 0.605337 0.008565
0.485688 0.597314 0.008648
0.494794 0.585786 0.008675
0.503061 0.575382 0.008227
0.510241 0.566938 0.008426
0.517560 0.557880 0.008949
0.530164 0.546872 0.009230
0.535532 0.539503 0.008692
0.544021 0.528769 0.008592
0.556301 0.520502 0.009295
0.564595 0.511794 0.008274
0.572569 0.505010 0.009134
0.584258 0.495007 0.008306
0.595230 0.486483 0.008985
0.252495 0.890337 0.008827
0.261976 0.881542 0.009026
0.269826 0.872125 0.008908
0.278004 0.863656 0.008717
0.285240 0.853233 0.008765
0.295155 0.840495 0.008681
0.291039 0.856123 0.009162
0.308614 0.818869 0.008523
0.316301 0.810788 0.009158
0.323139 0.799653 0.008760
0.332094 0.787593 0.008469
0.344249 0.766683 0.008476
0.352269 0.754625 0.008480
0.359538 0.746705 0.008821
0.357678 0.727466 0.008903
0.371754 0.720745 0.009175
0.381444 0.711123 0.009174
0.388636 0.697242 0.008662
0.394490 0.688978 0.008801
0.401669 0.677876 0.008724
0.408556 0.667480 0.008274
0.415896 0.656491 0.008748
0.423891 0.647282 0.008241
0.431655 0.635321 0.008781
0.437732 0.621959 0.008509
0.446914 0.614774 0.008615
0.454840 0.601294 0.008976
0.462729 0.593370 0.008941
0.471164 0.584482 0.009197
0.479257 0.574209 0.008349
0.485802 0.564041 0.008911
0.496255 0.553747 0.009183
0.502077 0.543357 0.008429
0.511739 0.534075 0.008478
0.522435 0.524345 0.008632
0.533022 0.516626 0.008910
0.538027 0.515651 0.008464
0.548561 0.499699 0.009041
0.559940 0.490173 0.008576
0.569125 0.480839 0.007817
0.580029 0.471989 0.008902
0.237653 0.877656 0.008801
0.247574 0.868313 0.008857
0.254117 0.860032 0.009296
0.263008 0.850463 0.008716
0.270769 0.837353 0.008673
0.279424 0.825767 0.008875
0.286499 0.816722 0.008510
0.293526 0.807239 0.008709
0.303075 0.796241 0.008638
0.308247 0.786806 0.008904
0.317237 0.773305 0.008641
0.324395 0.761868 0.008637
0.332461 0.753210 0.008419
0.337744 0.741815 0.009318
0.344282 0.732544 0.008932
0.353084 0.718476 0.009050
0.360348 0.709158 0.009208
0.367756 0.698027 0.009089
0.373267 0.686164 0.008795
0.380640 0.676477 0.008816
0.387450 0.664416 0.009670
0.394329 0.653762 0.008538
0.402287 0.643622 0.008686
0.409513 0.634298 0.009119
0.416535 0.621827 0.008960
0.425457 0.609581 0.009159
0.431458 0.601296 0.008324
0.439243 0.591741 0.008522
0.447418 0.579103 0.008846
0.456492 0.570176 0.008454
0.465557 0.559942 0.009434
0.471370 0.551729 0.008689
0.481107 0.541023 0.008574
0.490679 0.532808 0.008790
0.499789 0.520922 0.008980
0.507401 0.512745 0.009362
0.516692 0.501536 0.008970
0.526361 0.493741 0.008740
0.534590 0.484302 0.009014
0.547112 0.477294 0.009062
0.554890 0.467735 0.008808
0.565226 0.460295 0.009370
0.189617 0.902325 0.008749
0.198797 0.893170 0.008465
0.208724 0.883130 0.009076
0.216463 0.874927 0.009089
0.225600 0.865102 0.008304
0.234019 0.854848 0.008905
0.242346 0.845072 0.008416
0.249250 0.831759 0.008711
0.257033 0.825773 0.008765
0.267441 0.812609 0.008632
0.273623 0.796837 0.008907
0.280004 0.793840 0.008815
0.289008 0.784130 0.008685
0.295087 0.770602 0.008749
0.303092 0.758787 0.009000
0.312666 0.749667 0.008691
0.317005 0.738850 0.008859
0.322634 0.726954 0.008962
0.331500 0.715065 0.009113
0.338531 0.705619 0.008236
0.345009 0.695403 0.009026
0.352337 0.687100 0.008353
0.350683 0.677036 0.009058
0.366382 0.663205 0.009137
0.374247 0.651790 0.009139
0.380950 0.638598 0.008903
0.388013 0.629510 0.008507
0.395148 0.618628 0.008871
0.403533 0.606136 0.008626
0.412886 0.597115 0.009222
0.417417 0.585398 0.009041
0.426774 0.574288 0.009128
0.436440 0.565807 0.008842
0.444228 0.556147 0.008477
0.452376 0.545807 0.008940
0.458485 0.534821 0.008950
0.467046 0.527282 0.009415
0.478230 0.519355 0.009042
0.484430 0.506631 0.009025
0.493079 0.499635 0.008486
0.497186 0.484919 0.008743
0.512580 0.479880 0.008420
0.521097 0.469726 0.009614
0.531621 0.462233 0.009650
0.541730 0.454405 0.009122
0.550649 0.444241 0.009198
0.209209 0.849882 0.008952
0.220242 0.841374 0.008923
0.228426 0.829837 0.008455
0.236773 0.820266 0.009030
0.245549 0.809715 0.008727
0.251673 0.798168 0.009277
0.258180 0.786694 0.008945
0.267930 0.778179 0.008949
0.275267 0.767711 0.009083
0.282228 0.756543 0.008942
0.289387 0.747357 0.008760
0.297183 0.735583 0.008793
0.303299 0.724057 0.008512
0.311229 0.712656 0.008905
0.317722 0.702677 0.008687
0.324348 0.691127 0.008892
0.332841 0.679702 0.008783
0.339317 0.670535 0.008984
0.346666 0.658464 0.008974
0.353075 0.648167 0.008900
0.361517 0.636780 0.008991
0.367933 0.625009 0.008568
0.374726 0.614593 0.009095
0.381255 0.602806 0.008358
0.391336 0.594001 0.009014
0.397266 0.583151 0.009082
0.404818 0.573611 0.009201
0.414011 0.560976 0.008968
0.421635 0.551631 0.009098
0.428602 0.542274 0.008502
0.437811 0.532695 0.008994
0.445520 0.521500 0.008639
0.454078 0.513445 0.009024
0.465001 0.502564 0.009336
0.472571 0.494000 0.008527
0.480533 0.483905 0.008598
0.490924 0.474088 0.009203
0.497867 0.465992 0.008881
0.507475 0.457253 0.009270
0.518527 0.447173 0.008670
0.528311 0.438735 0.008588
0.538115 0.431921 0.009167
0.189585 0.845426 0.009285
0.199836 0.833265 0.008498
0.208578 0.825385 0.008801
0.216350 0.816470 0.009146
0.224007 0.804203 0.008522
0.231668 0.797284 0.008264
0.239368 0.783946 0.008572
0.247056 0.775784 0.008902
0.254272 0.763834 0.009226
0.262688 0.752838 0.008878
0.268719 0.743158 0.008642
0.276781 0.730795 0.008787
0.283875 0.720955 0.008096
0.290991 0.707857 0.008624
0.299373 0.699211 0.008377
0.304849 0.687468 0.008660
0.310690 0.674741 0.009122
0.320180 0.664189 0.008368
0.326234 0.654501 0.008964
0.333376 0.643288 0.008880
0.340050 0.632255 0.008805
0.349138 0.622208 0.008615
0.355799 0.610724 0.008798
0.362043 0.600092 0.009030
0.370472 0.590239 0.009285
0.376001 0.578725 0.008546
0.383922 0.568007 0.008992
0.392232 0.558237 0.008601
0.399374 0.547045 0.009058
0.407343 0.537148 0.008955
0.416184 0.527994 0.008153
0.423130 0.518370 0.008624
0.434861 0.507224 0.008433
0.440328 0.495946 0.008656
0.450099 0.488392 0.008740
0.459131 0.478177 0.008763
0.468759 0.470018 0.008965
0.478344 0.461154 0.008878
0.487401 0.450530 0.008973
0.494835 0.441842 0.009130
0.506984 0.433970 0.008570
0.515501 0.425704 0.008710
0.525596 0.417367 0.008356
0.194649 0.811858 0.008546
0.200088 0.800058 0.009067
0.210531 0.789778 0.008977
0.218932 0.780020 0.009015
0.227712 0.770533 0.009370
0.232280 0.758287 0.008967
0.240160 0.749450 0.008930
0.248495 0.737768 0.009011
0.256237 0.726874 0.009362
0.263354 0.719288 0.008562
0.270179 0.706221 0.008329
0.276921 0.695357 0.009054
0.284309 0.686393 0.008442
0.291908 0.672798 0.009028
0.298427 0.660813 0.008612
0.305724 0.648748 0.008588
0.310125 0.641214 0.008830
0.316760 0.629251 0.007971
0.327085 0.617238 0.008441
0.332605 0.607306 0.008927
0.342928 0.596668 0.009274
0.349066 0.584919 0.009312
0.355265 0.573048 0.009158
0.363387 0.567225 0.008654
0.370484 0.553288 0.008761
0.378576 0.543248 0.009349
0.386428 0.534561 0.009062
0.396148 0.521943 0.008966
0.402714 0.513104 0.008879
0.410525 0.502050 0.008857
0.418214 0.493182 0.008701
0.429114 0.482664 0.008560
0.435569 0.473501 0.008688
0.445331 0.464703 0.009062
0.453445 0.451577 0.008836
0.463487 0.447302 0.008922
0.473311 0.436162 0.008999
0.482119 0.426670 0.008977
0.492591 0.417114 0.008189
0.501475 0.410958 0.009025
0.512754 0.401827 0.008869
0.154991 0.826053 0.009137
0.164601 0.816300 0.009340
0.171808 0.807713 0.008940
0.179957 0.799390 0.009049
0.187199 0.787121 0.008838
0.195827 0.778515 0.009020
0.204056 0.766612 0.008972
0.212063 0.756833 0.008590
0.219409 0.745142 0.009355
0.226503 0.736869 0.009145
0.234556 0.722389 0.009532
0.241877 0.714108 0.008730
0.249896 0.702896 0.008996
0.256569 0.692596 0.008260
0.263541 0.683209 0.008484
0.270446 0.668584 0.009003
0.276681 0.659044 0.008681
0.284627 0.649447 0.008814
0.292917 0.637445 0.008799
0.299679 0.625740 0.008519
0.305144 0.615525 0.009144
0.312307 0.604029 0.009220
0.320543 0.595098 0.009488
0.325623 0.579952 0.008590
0.334718 0.572247 0.008806
0.343238 0.560189 0.008622
0.351212 0.549070 0.008612
0.357866 0.539433 0.009145
0.365378 0.528189 0.009473
0.375708 0.520341 0.008760
0.382619 0.510895 0.008819
0.384099 0.490728 0.008637
0.397596 0.489341 0.008504
0.405253 0.478202 0.008511
0.415587 0.468522 0.009077
0.421980 0.461781 0.009058
0.432985 0.450757 0.008894
0.439447 0.439857 0.008781
0.450299 0.431756 0.008202
0.458380 0.423827 0.008612
0.468293 0.414556 0.008843
0.478605 0.405468 0.008520
0.487526 0.395876 0.008925
0.496548 0.385918 0.009188
0.257887 0.272742 0.005227
0.261573 0.274435 0.004960
0.266289 0.275864 0.005223
0.271924 0.279618 0.004843
0.275238 0.280690 0.005466
0.280287 0.284125 0.005000
0.284401 0.284352 0.005080
0.288768 0.286618 0.004868
0.293990 0.290728 0.005327
0.297118 0.291172 0.005177
0.302306 0.294599 0.005507
0.306709 0.296018 0.005652
0.311732 0.299871 0.005159
0.315457 0.301460 0.005048
0.319996 0.303503 0.005296
0.323589 0.305220 0.004948
0.328790 0.307461 0.005244
0.333648 0.309600 0.005287
0.337189 0.311028 0.005076
0.342107 0.313139 0.004923
0.348200 0.317339 0.005338
0.350264 0.317013 0.004686
0.355302 0.319520 0.004942
0.358395 0.319396 0.005405
0.363794 0.322224 0.005041
0.367803 0.323801 0.005054
0.371901 0.325178 0.004780
0.375440 0.325181 0.005357
0.379771 0.327487 0.005349
0.384410 0.328119 0.005093
0.387572 0.328765 0.005273
0.393043 0.329306 0.005075
0.394954 0.328282 0.005110
0.403976 0.331422 0.004915
0.406607 0.331102 0.005225
0.412736 0.331907 0.004817
0.415025 0.331088 0.005011
0.419594 0.331956 0.004930
0.422675 0.330697 0.004984
0.252145 0.260869 0.005253
0.256832 0.264042 0.005415
0.261068 0.266060 0.004683
0.265816 0.267862 0.005288
0.270997 0.270010 0.004973
0.274905 0.272093 0.005261
0.280384 0.274527 0.005245
0.284152 0.275846 0.005428
0.287806 0.278351 0.005391
0.293427 0.282037 0.005093
0.296107 0.282186 0.005256
0.301666 0.285718 0.005129
0.306610 0.288499 0.004976
0.310491 0.290273 0.005187
0.314308 0.291787 0.005060
0.319550 0.294083 0.004977
0.324492 0.297088 0.005232
0.327643 0.298185 0.005271
0.332300 0.299845 0.005127
0.336427 0.301740 0.005132
0.341354 0.304112 0.004584
0.342725 0.303798 0.005393
0.349647 0.307305 0.005410
0.355234 0.309928 0.005097
0.358923 0.311954 0.005265
0.362392 0.312153 0.004797
0.366412 0.313320 0.005169
0.370466 0.314792 0.005085
0.374487 0.315480 0.005019
0.378349 0.316119 0.005100
0.381926 0.316961 0.005595
0.386295 0.317479 0.005181
0.391275 0.319091 0.004809
0.395243 0.319402 0.005384
0.400273 0.320919 0.005000
0.401152 0.319189 0.005280
0.405876 0.319844 0.005200
0.410130 0.320482 0.005800
0.414520 0.320504 0.005070
0.418847 0.320174 0.005321
0.421926 0.319018 0.005067
0.426742 0.320480 0.005501
0.429779 0.320501 0.005529
0.432647 0.320206 0.005840
0.436243 0.318937 0.005052
0.440911 0.319140 0.005497
0.444181 0.318023 0.005324
0.448880 0.317934 0.005095
0.247634 0.250824 0.004856
0.251284 0.251971 0.004762
0.257414 0.255989 0.005649
0.260871 0.257103 0.005626
0.266987 0.260841 0.005008
0.269928 0.261361 0.005015
0.274324 0.264059 0.004995
0.278280 0.264361 0.005088
0.284030 0.269190 0.005516
0.287883 0.269807 0.005238
0.295969 0.274012 0.005299
0.301561 0.277238 0.004810
0.307016 0.280108 0.004875
0.310607 0.281173 0.005117
0.314690 0.283651 0.004813
0.318640 0.285453 0.004717
0.323358 0.287375 0.005056
0.326927 0.289283 0.005430
0.331821 0.290978 0.005130
0.335792 0.293794 0.005409
0.341278 0.296047 0.004968
0.344624 0.296553 0.005220
0.349220 0.299065 0.004800
0.353327 0.300311 0.005168
0.357823 0.302202 0.004882
0.361055 0.302553 0.005155
0.365910 0.302903 0.004536
0.369941 0.305184 0.004814
0.373887 0.305838 0.004986
0.377847 0.305517 0.005065
0.381739 0.306747 0.005467
0.386786 0.307449 0.005258
0.389264 0.308023 0.004857
0.394229 0.309372 0.005201
0.397280 0.310365 0.005063
0.402242 0.309051 0.005146
0.405913 0.309758 0.005099
0.409207 0.309759 0.004520
0.413368 0.309728 0.005008
0.415669 0.308766 0.004524
0.420982 0.307445 0.005235
0.424405 0.308196 0.005344
0.426557 0.308122 0.005023
0.431231 0.307369 0.005102
0.435235 0.308012 0.005034
0.244464 0.243114 0.002804
0.247192 0.244527 0.002672
0.249686 0.245882 0.002899
0.251899 0.246858 0.002812
0.254754 0.247972 0.002607
0.256999 0.248972 0.002638
0.259787 0.250951 0.002685
0.261242 0.250247 0.002787
0.264654 0.252780 0.002825
0.267238 0.253976 0.002840
0.269910 0.255064 0.002729
0.271570 0.255982 0.002787
0.274305 0.257159 0.002702
0.277219 0.258994 0.002883
0.282342 0.261686 0.002854
0.284864 0.262413 0.002811
0.287382 0.263941 0.002689
0.289710 0.265176 0.002440
0.295090 0.267204 0.002634
0.294936 0.267668 0.002991
0.297082 0.268681 0.002598
0.299613 0.269759 0.002644
0.302592 0.271891 0.002685
0.305128 0.273314 0.002908
0.307748 0.274512 0.002770
0.309979 0.275802 0.002894
0.312632 0.276953 0.003173
0.315158 0.278230 0.002597
0.317098 0.278720 0.002829
0.320046 0.280079 0.002819
0.322405 0.281339 0.002768
0.332237 0.288353 0.002858
0.327240 0.283357 0.002708
0.329761 0.284270 0.002606
0.332212 0.285641 0.002582
0.334774 0.287034 0.002728
0.337656 0.287953 0.002763
0.339045 0.288974 0.002955
0.342246 0.290261 0.002926
0.242584 0.238934 0.004824
0.247730 0.242626 0.005268
0.251845 0.243418 0.004577
0.255374 0.245075 0.004734
0.258944 0.246206 0.005170
0.265898 0.250922 0.005112
0.268955 0.251394 0.004793
0.274797 0.255287 0.005335
0.277370 0.255537 0.005144
0.282679 0.258985 0.005417
0.287358 0.261754 0.005038
0.291748 0.263022 0.005691
0.296205 0.265509 0.005161
0.300098 0.268405 0.005656
0.304688 0.270681 0.005226
0.309625 0.272601 0.004623
0.312918 0.273436 0.005004
0.318583 0.277474 0.005573
0.323084 0.279462 0.004598
0.326815 0.280147 0.005248
0.331910 0.282621 0.005379
0.336305 0.284486 0.005470
0.339968 0.286680 0.005132
0.343864 0.286474 0.005159
0.348590 0.289299 0.004398
0.352402 0.290820 0.004611
0.356914 0.291621 0.004907
0.361208 0.294684 0.005299
0.365770 0.295282 0.005035
0.369013 0.295416 0.005135
0.372979 0.295215 0.005232
0.377398 0.297654 0.005251
0.381380 0.297768 0.005011
0.385654 0.297619 0.005551
0.388077 0.297550 0.005307
0.393603 0.299250 0.005323
0.396964 0.298355 0.005232
0.400257 0.298246 0.005129
0.404873 0.299386 0.004924
0.407196 0.297139 0.005787
0.411865 0.298589 0.004980
0.415878 0.298251 0.004963
0.418861 0.297834 0.005243
0.423476 0.297783 0.005371
0.237692 0.227960 0.005317
0.243529 0.232657 0.005067
0.247138 0.232877 0.005020
0.251275 0.235180 0.004931
0.256156 0.236485 0.005228
0.260648 0.238945 0.005372
0.265290 0.241301 0.005203
0.269251 0.243374 0.005295
0.274042 0.246707 0.004829
0.278088 0.247412 0.005070
0.283280 0.250423 0.005275
0.285127 0.250732 0.005236
0.292573 0.255154 0.005269
0.295554 0.257373 0.004881
0.299473 0.258757 0.005338
0.304857 0.261189 0.004868
0.309240 0.263704 0.005232
0.312638 0.266602 0.005739
0.316760 0.266720 0.005165
0.322890 0.269335 0.005030
0.327178 0.270911 0.005533
0.330781 0.273431 0.005222
0.335057 0.274804 0.004724
0.338809 0.276888 0.005157
0.343954 0.278808 0.004351
0.348359 0.278947 0.004852
0.351138 0.280452 0.004810
0.356639 0.282486 0.004791
0.360482 0.282812 0.005469
0.364022 0.283754 0.005102
0.368272 0.284790 0.005236
0.372885 0.285320 0.004852
0.377406 0.287633 0.004962
0.380361 0.287467 0.005287
0.384849 0.287478 0.005106
0.388922 0.287725 0.004955
0.392151 0.287271 0.005368
0.396951 0.288694 0.004948
0.399765 0.287318 0.004659
0.403325 0.287790 0.005035
0.407399 0.287429 0.004999
0.409874 0.285971 0.005936
0.414912 0.287099 0.005217
0.419435 0.287800 0.005488
0.234111 0.219445 0.004910
0.238738 0.220612 0.005219
0.243507 0.222685 0.005016
0.247722 0.224105 0.005392
0.251983 0.226164 0.005324
0.256367 0.229141 0.005227
0.261098 0.230296 0.004854
0.264702 0.233264 0.005145
0.274051 0.236727 0.004573
0.278798 0.239971 0.004808
0.281836 0.241115 0.005021
0.287217 0.244010 0.005287
0.291542 0.246486 0.005291
0.296389 0.249277 0.005507
0.300347 0.250517 0.005101
0.304907 0.252874 0.004943
0.310280 0.255618 0.004778
0.313838 0.256803 0.004668
0.317697 0.258341 0.004898
0.323248 0.261141 0.004730
0.325937 0.262450 0.005224
0.331816 0.264844 0.005251
0.335164 0.266123 0.004602
0.339307 0.267555 0.005357
0.344640 0.270027 0.005107
0.347994 0.270607 0.004826
0.351773 0.270267 0.004859
0.355906 0.271862 0.004876
0.361037 0.274092 0.005339
0.364797 0.274552 0.005462
0.368834 0.275387 0.004724
0.372894 0.275957 0.005058
0.375980 0.276156 0.004936
0.379658 0.275729 0.004722
0.384353 0.276972 0.005657
0.387450 0.277028 0.005555
0.392519 0.276727 0.005418
0.395025 0.276401 0.005314
0.400269 0.276593 0.005128
0.402382 0.276669 0.005082
0.406823 0.276678 0.004637
0.230158 0.206299 0.005395
0.235035 0.209664 0.005404
0.238951 0.211097 0.005630
0.244090 0.213539 0.005626
0.248254 0.215674 0.004787
0.251846 0.216883 0.005136
0.256984 0.219683 0.004975
0.262390 0.222192 0.005336
0.267249 0.224553 0.005264
0.269901 0.226545 0.005243
0.275149 0.228728 0.005210
0.279059 0.230251 0.005104
0.283070 0.233055 0.005280
0.288333 0.235741 0.005247
0.292316 0.238142 0.004758
0.297191 0.240547 0.005570
0.301105 0.241841 0.005070
0.306193 0.244377 0.005124
0.309501 0.245518 0.004729
0.314917 0.249179 0.005231
0.317636 0.249208 0.005243
0.322672 0.250639 0.004911
0.328829 0.254488 0.005324
0.331027 0.255982 0.005238
0.335963 0.256711 0.005913
0.340069 0.258304 0.005181
0.343991 0.259977 0.005080
0.348639 0.261648 0.005082
0.352182 0.260777 0.004594
0.357277 0.262948 0.005118
0.362121 0.264606 0.005451
0.365645 0.264023 0.005531
0.369264 0.264394 0.005156
0.373287 0.265174 0.004918
0.377541 0.265338 0.004876
0.381077 0.266148 0.005166
0.384118 0.265991 0.005250
0.388636 0.265743 0.005179
0.391583 0.265834 0.004844
0.396820 0.266673 0.005437
0.399857 0.266052 0.005054
0.404040 0.266278 0.004941
0.406595 0.265768 0.004818
0.410571 0.266017 0.005389
0.413917 0.263741 0.005005
0.228409 0.197440 0.005392
0.231735 0.204034 0.005780
0.236428 0.200760 0.005120
0.240842 0.201873 0.004371
0.245311 0.204617 0.005268
0.249635 0.206961 0.005229
0.254274 0.209033 0.005098
0.258563 0.211529 0.004937
0.262571 0.213395 0.004649
0.267839 0.216765 0.004573
0.272306 0.219083 0.004856
0.276545 0.221448 0.004888
0.280445 0.222754 0.004437
0.285210 0.225131 0.005191
0.289549 0.227546 0.005493
0.293264 0.228442 0.005387
0.298235 0.232508 0.004595
0.301332 0.233843 0.005202
0.307688 0.235944 0.005308
0.311246 0.237522 0.005250
0.315987 0.239861 0.005123
0.321013 0.242226 0.005567
0.323305 0.242448 0.004962
0.328608 0.245025 0.004890
0.333051 0.246605 0.004761
0.337707 0.247955 0.005335
0.341492 0.249274 0.005119
0.344755 0.249869 0.005145
0.350275 0.251966 0.005085
0.352846 0.251826 0.005668
0.357440 0.253074 0.004216
0.362501 0.254071 0.005627
0.366003 0.255190 0.005076
0.370564 0.253842 0.005089
0.373567 0.254496 0.004964
0.377455 0.254990 0.004576
0.381287 0.255134 0.004676
0.385558 0.256505 0.005246
0.389550 0.257231 0.005217
0.392610 0.255327 0.005004
0.397484 0.255800 0.005361
0.401260 0.255344 0.005151
0.404035 0.255086 0.005406
0.407464 0.254068 0.005141
0.411772 0.254448 0.004977
0.414817 0.253323 0.005091
0.419258 0.252724 0.004767
0.421467 0.252089 0.005095
0.425959 0.252855 0.004811
0.429904 0.252329 0.005193
0.225586 0.188055 0.005187
0.230824 0.189793 0.005371
0.233973 0.190234 0.005306
0.237804 0.191852 0.004690
0.242849 0.194550 0.005448
0.247979 0.197486 0.005563
0.254921 0.199758 0.004893
0.255922 0.201637 0.005227
0.261468 0.203783 0.004483
0.265108 0.204690 0.004712
0.269675 0.208293 0.004751
0.273476 0.209775 0.005280
0.276307 0.209629 0.005161
0.283484 0.215196 0.005287
0.288040 0.217769 0.005167
0.291898 0.219889 0.005017
0.295740 0.220797 0.005667
0.300125 0.223057 0.004953
0.304717 0.225927 0.004900
0.309137 0.230840 0.005216
0.313571 0.229837 0.005160
0.317710 0.230631 0.005111
0.326636 0.234066 0.005055
0.330219 0.235120 0.004695
0.335451 0.237770 0.005199
0.338317 0.238286 0.005122
0.342753 0.239052 0.005216
0.346597 0.240515 0.005105
0.351064 0.241052 0.004982
0.356084 0.242638 0.004651
0.359273 0.242471 0.005469
0.363179 0.243640 0.004791
0.367765 0.245729 0.004861
0.371729 0.244937 0.004809
0.375485 0.246302 0.005590
0.379447 0.245351 0.005043
0.382301 0.246356 0.005533
0.387146 0.246473 0.004821
0.390968 0.245486 0.005022
0.394693 0.245248 0.004917
0.398327 0.246137 0.005429
0.401231 0.244723 0.005475
0.406160 0.244771 0.005542
0.409115 0.244339 0.005268
0.413953 0.243976 0.004948
0.417221 0.242967 0.004766
0.224303 0.177198 0.004843
0.228695 0.179142 0.005425
0.231649 0.178926 0.005170
0.237712 0.183618 0.005003
0.241159 0.185056 0.005106
0.246460 0.187982 0.005415
0.249435 0.189542 0.004961
0.254628 0.191410 0.005402
0.257813 0.192506 0.004759
0.262702 0.194578 0.005067
0.266966 0.197075 0.004989
0.272056 0.200323 0.005085
0.277228 0.202519 0.005654
0.281630 0.205943 0.004936
0.285328 0.206004 0.005108
0.289545 0.209402 0.005437
0.294540 0.211376 0.005277
0.298608 0.213842 0.005275
0.303544 0.216624 0.005091
0.308070 0.217597 0.005655
0.312197 0.219524 0.005447
0.316839 0.221024 0.004843
0.320459 0.223191 0.005602
0.324556 0.224320 0.005023
0.329039 0.225321 0.004824
0.333404 0.226948 0.005242
0.337636 0.228148 0.004975
0.341190 0.229458 0.005324
0.345933 0.231403 0.004995
0.349803 0.232546 0.005192
0.354116 0.231962 0.005166
0.358154 0.233547 0.005310
0.361627 0.233744 0.005020
0.366110 0.234019 0.005283
0.369811 0.235367 0.005175
0.373979 0.234974 0.005031
0.377148 0.235669 0.004994
0.381991 0.236405 0.004922
0.385245 0.236370 0.005236
0.388800 0.235563 0.005180
0.392480 0.235152 0.004886
0.223067 0.167456 0.005310
0.226355 0.167716 0.004966
0.231710 0.170309 0.005109
0.234874 0.170650 0.004532
0.239276 0.174326 0.004760
0.243607 0.177168 0.005127
0.249102 0.179247 0.004947
0.253837 0.180418 0.004982
0.257726 0.182811 0.005280
0.262142 0.185276 0.004656
0.267250 0.188790 0.005163
0.269611 0.188913 0.004638
0.274556 0.192298 0.004967
0.278816 0.194149 0.005304
0.283954 0.196187 0.005113
0.288506 0.198087 0.005353
0.292224 0.200890 0.005679
0.297014 0.202865 0.005610
0.301712 0.204902 0.005575
0.306077 0.206172 0.005140
0.311372 0.210403 0.005049
0.314500 0.210256 0.005175
0.319373 0.212151 0.004793
0.323891 0.215817 0.005097
0.328230 0.216781 0.004878
0.332129 0.217585 0.004657
0.339189 0.216594 0.005125
0.339368 0.219558 0.004665
0.343282 0.219646 0.004873
0.353955 0.222077 0.005522
0.356724 0.223259 0.005044
0.360822 0.224718 0.004817
0.364366 0.223271 0.005078
0.368662 0.224698 0.004970
0.371966 0.225074 0.004722
0.375610 0.224331 0.004810
0.380302 0.225546 0.005365
0.384119 0.225227 0.005590
0.387321 0.224497 0.004933
0.222246 0.157183 0.005248
0.225572 0.158257 0.004717
0.230876 0.160953 0.005016
0.234184 0.163051 0.005503
0.238158 0.163992 0.004633
0.243148 0.165853 0.005542
0.247218 0.168226 0.004535
0.251695 0.171513 0.005583
0.256067 0.173274 0.004908
0.261560 0.175077 0.004912
0.265737 0.176459 0.005006
0.267081 0.178085 0.004962
0.274398 0.182773 0.004600
0.279545 0.185187 0.005125
0.283032 0.186581 0.005147
0.287456 0.188711 0.004849
0.291919 0.190775 0.004932
0.296751 0.193683 0.004801
0.301376 0.195015 0.005356
0.306495 0.198137 0.005281
0.309742 0.199684 0.005304
0.314512 0.202001 0.005163
0.318598 0.202494 0.005064
0.323771 0.204784 0.005190
0.326083 0.206125 0.005250
0.330902 0.207438 0.005026
0.336451 0.209559 0.005138
0.339172 0.209891 0.004821
0.343794 0.211141 0.005006
0.348556 0.212022 0.005205
0.350762 0.211716 0.005659
0.355710 0.212441 0.005334
0.358794 0.213945 0.004970
0.362879 0.215157 0.005099
0.367346 0.215041 0.004860
0.370963 0.214358 0.005043
0.374826 0.214953 0.005265
0.378817 0.215701 0.005281
0.382315 0.216445 0.005624
0.386032 0.214594 0.004732
0.220699 0.147456 0.005510
0.224235 0.148464 0.005073
0.228931 0.151055 0.005253
0.233872 0.153682 0.005390
0.238258 0.154609 0.005144
0.242423 0.156147 0.004908
0.247071 0.160084 0.005411
0.251109 0.160353 0.004600
0.256195 0.163388 0.005102
0.259898 0.165111 0.005480
0.264350 0.167536 0.004841
0.268787 0.169693 0.004900
0.273422 0.173234 0.004754
0.278716 0.173959 0.004672
0.281824 0.176184 0.005477
0.287257 0.178413 0.005115
0.292190 0.181679 0.004794
0.295877 0.184389 0.005727
0.299823 0.185167 0.004665
0.305044 0.187023 0.005078
0.308153 0.189067 0.005292
0.313409 0.191973 0.005233
0.317131 0.192919 0.005059
0.321353 0.193833 0.005514
0.325332 0.195879 0.005006
0.330437 0.197552 0.005098
0.334398 0.198640 0.005299
0.338206 0.199849 0.004826
0.342470 0.201262 0.004656
0.345522 0.201209 0.004982
0.349842 0.202471 0.005423
0.354858 0.203336 0.005183
0.358182 0.204265 0.004805
0.362540 0.204146 0.005278
0.366226 0.205680 0.005074
0.369836 0.204353 0.005429
0.374340 0.205419 0.005008
0.377730 0.204553 0.005166
0.381371 0.205165 0.005250
0.384860 0.204041 0.005385
0.389156 0.205040 0.005076
0.391845 0.204883 0.005286
0.398521 0.207840 0.004886
0.399768 0.203033 0.005841
0.404528 0.204369 0.005309
0.407240 0.203108 0.004614
0.411238 0.202316 0.004782
0.415408 0.201843 0.005038
0.418802 0.201300 0.005199
0.218594 0.136040 0.004757
0.223492 0.138867 0.005157
0.228113 0.140077 0.005053
0.231875 0.142459 0.004837
0.236976 0.144364 0.005548
0.240942 0.146056 0.004784
0.245512 0.149216 0.005065
0.250763 0.151245 0.005343
0.255436 0.153605 0.004941
0.258663 0.154598 0.004941
0.263529 0.157956 0.005147
0.273419 0.165109 0.005257
0.272281 0.162053 0.004810
0.276698 0.164019 0.004148
0.281243 0.166051 0.005550
0.290258 0.171927 0.004958
0.295456 0.174437 0.004890
0.299039 0.174060 0.005067
0.303459 0.178053 0.005616
0.307024 0.178199 0.004716
0.312504 0.181879 0.005553
0.315592 0.181457 0.004773
0.320241 0.183932 0.005165
0.324400 0.186488 0.004827
0.329679 0.187839 0.005388
0.333815 0.188909 0.005980
0.337127 0.189094 0.005459
0.341202 0.190398 0.005401
0.344700 0.190631 0.005284
0.349198 0.192864 0.005318
0.353963 0.193534 0.004350
0.357718 0.194241 0.005618
0.362098 0.194429 0.005424
0.364824 0.194852 0.005227
0.369256 0.194322 0.005405
0.373356 0.195218 0.005273
0.377249 0.194110 0.005319
0.377091 0.195565 0.004978
0.385265 0.195476 0.005882
0.388487 0.195400 0.004727
0.392009 0.193804 0.004777
0.395578 0.193645 0.004809
0.399390 0.193488 0.004968
0.402488 0.192977 0.005048
0.406862 0.192704 0.005004
0.411029 0.192387 0.005138
0.217942 0.126071 0.005413
0.222448 0.128269 0.005202
0.227338 0.130670 0.004549
0.231415 0.131526 0.005242
0.235850 0.134055 0.005399
0.240088 0.137552 0.005320
0.244788 0.139635 0.005637
0.248020 0.140072 0.005414
0.253958 0.142906 0.005382
0.257618 0.145657 0.004342
0.261568 0.146964 0.005012
0.266783 0.150205 0.004918
0.270961 0.151718 0.005298
0.274792 0.154447 0.005240
0.280867 0.157499 0.004989
0.283883 0.158019 0.005160
0.288921 0.160729 0.005244
0.293179 0.162709 0.004702
0.296423 0.163936 0.005754
0.301391 0.167360 0.004674
0.307910 0.173279 0.004575
0.311396 0.171190 0.005229
0.315304 0.172230 0.005028
0.318850 0.174410 0.005303
0.323260 0.175981 0.004920
0.327499 0.177043 0.004920
0.336271 0.180437 0.005136
0.340239 0.181827 0.005107
0.343955 0.181825 0.005334
0.348363 0.181542 0.005011
0.351797 0.183070 0.005022
0.356325 0.183162 0.004816
0.360113 0.184467 0.005095
0.363515 0.183910 0.005083
0.367380 0.183076 0.005198
0.372098 0.185457 0.004699
0.375502 0.185113 0.005199
0.379104 0.184407 0.004970
0.382577 0.185107 0.005273
0.387389 0.186155 0.004972
0.390519 0.184466 0.005165
0.394136 0.184112 0.005802
0.215766 0.116716 0.005059
0.221004 0.118520 0.004796
0.224750 0.119099 0.005312
0.229477 0.122880 0.004992
0.233100 0.122798 0.004965
0.237317 0.124823 0.005521
0.241113 0.126241 0.005118
0.246971 0.130173 0.004856
0.254464 0.134160 0.005384
0.265386 0.139826 0.004886
0.268499 0.142443 0.005338
0.273512 0.144823 0.005265
0.278298 0.146359 0.005283
0.281238 0.147519 0.005059
0.287025 0.150608 0.005505
0.290777 0.152094 0.004740
0.295753 0.155426 0.005313
0.300236 0.157566 0.004799
0.304122 0.158532 0.005017
0.309126 0.160269 0.004786
0.312116 0.161295 0.005212
0.317415 0.164207 0.005592
0.321288 0.165683 0.004657
0.325711 0.167529 0.004923
0.329525 0.168737 0.004834
0.333970 0.168786 0.005260
0.337536 0.169382 0.005638
0.341625 0.171154 0.004689
0.345805 0.171549 0.004948
0.349488 0.173770 0.005017
0.353777 0.173843 0.004961
0.358546 0.174452 0.005369
0.366229 0.174379 0.005205
0.368993 0.173313 0.005471
0.374088 0.175149 0.005299
0.376360 0.174193 0.004857
0.381413 0.174539 0.004878
0.385196 0.174370 0.005104
0.388281 0.174063 0.005197
0.391846 0.172898 0.005048
0.395274 0.173092 0.005699
0.399003 0.174343 0.005226
0.402595 0.172291 0.005348
0.407440 0.171478 0.005307
0.405415 0.169846 0.005293
0.414550 0.171845 0.005162
0.213823 0.106069 0.005424
0.218280 0.107612 0.005150
0.221625 0.108822 0.005115
0.226748 0.112563 0.005171
0.230771 0.114323 0.005086
0.235181 0.115392 0.005655
0.239988 0.116752 0.005182
0.244398 0.120950 0.005427
0.248456 0.122788 0.004805
0.253324 0.124154 0.005430
0.257703 0.126967 0.005590
0.262855 0.130444 0.005232
0.266565 0.131278 0.005312
0.271945 0.134505 0.004640
0.275554 0.135521 0.005431
0.280388 0.138300 0.005559
0.283047 0.138941 0.004977
0.289646 0.142629 0.005128
0.293961 0.144820 0.005279
0.297770 0.148428 0.005282
0.301729 0.148228 0.005640
0.305853 0.150593 0.005076
0.309645 0.151114 0.005087
0.315176 0.153673 0.005042
0.319572 0.155045 0.004662
0.323472 0.155582 0.005250
0.327933 0.157736 0.005334
0.331824 0.159373 0.006022
0.334891 0.159817 0.005577
0.338414 0.161047 0.004830
0.343298 0.160212 0.005450
0.346925 0.161986 0.004962
0.351429 0.162788 0.005253
0.356709 0.164609 0.005083
0.359410 0.163066 0.004708
0.366799 0.166209 0.005251
0.367472 0.163632 0.004581
0.370799 0.163883 0.004465
0.374654 0.164262 0.005602
0.378537 0.164736 0.004652
0.381302 0.163171 0.005340
0.386309 0.161649 0.005325
0.389479 0.161613 0.005331
0.392928 0.162270 0.005034
0.397020 0.161722 0.005270
0.400353 0.161622 0.004826
0.209745 0.095802 0.005185
0.215377 0.098223 0.005863
0.219622 0.098451 0.005428
0.223614 0.100992 0.005165
0.228317 0.104121 0.004786
0.231979 0.104403 0.004977
0.236875 0.107279 0.004776
0.240388 0.109599 0.005361
0.246136 0.111531 0.004654
0.251285 0.115229 0.004507
0.255018 0.117182 0.005242
0.258934 0.118998 0.005302
0.263209 0.121261 0.004627
0.266941 0.122412 0.005063
0.272177 0.125832 0.005262
0.276404 0.127641 0.005034
0.282010 0.130900 0.005091
0.285785 0.131932 0.005193
0.290005 0.134563 0.005077
0.294338 0.136435 0.004970
0.298397 0.138227 0.005044
0.303400 0.139373 0.005566
0.307713 0.141718 0.004411
0.311434 0.142791 0.004923
0.315826 0.144585 0.005338
0.319300 0.146062 0.005111
0.323609 0.146160 0.005019
0.328698 0.148247 0.004652
0.333119 0.150065 0.004917
0.336897 0.151243 0.004723
0.340242 0.150270 0.005057
0.344635 0.151703 0.005082
0.348868 0.152649 0.005301
0.353559 0.154600 0.005259
0.355690 0.153576 0.005062
0.360586 0.153054 0.005046
0.364113 0.152890 0.005848
0.368162 0.153050 0.005127
0.371753 0.153457 0.004629
0.375759 0.152855 0.005119
0.379374 0.152967 0.005060
0.383026 0.153296 0.005448
0.386479 0.153016 0.005419
0.390111 0.152990 0.005313
0.398361 0.152120 0.004960
0.401706 0.150672 0.005426
0.405308 0.150677 0.004940
0.207575 0.088538 0.003409
0.210394 0.089355 0.003658
0.215034 0.091422 0.003387
0.217544 0.091967 0.003488
0.220241 0.093645 0.003391
0.224034 0.095811 0.003516
0.226521 0.096692 0.003360
0.229789 0.097580 0.003246
0.233179 0.099669 0.003529
0.236206 0.101202 0.003428
0.238797 0.102507 0.003340
0.241519 0.103857 0.003512
0.245555 0.105954 0.003244
0.248399 0.107022 0.003442
0.250813 0.106236 0.003565
0.255220 0.110898 0.003268
0.258848 0.112958 0.003089
0.261700 0.114206 0.003402
0.265161 0.115690 0.003764
0.268710 0.118510 0.003447
0.271819 0.119376 0.003580
0.275002 0.121237 0.003737
0.278204 0.123063 0.003410
0.280622 0.123283 0.003239
0.284196 0.125383 0.003649
0.286929 0.126463 0.003677
0.289283 0.127075 0.003748
0.293198 0.129140 0.003274
0.296836 0.130925 0.003193
0.299797 0.132836 0.003370
0.302398 0.132345 0.003605
0.305911 0.135013 0.003274
0.309484 0.136149 0.003569
0.311131 0.137533 0.003522
0.309715 0.136390 0.003472
0.318160 0.139163 0.003071
0.320830 0.139853 0.003284
0.323626 0.140656 0.003503
0.327118 0.141460 0.003212
0.329595 0.141938 0.003340
0.336262 0.144287 0.003719
0.338028 0.144328 0.003202
0.351878 0.146175 0.003289
0.355255 0.146622 0.003379
0.357412 0.146471 0.003105
0.360713 0.145775 0.003457
0.362920 0.146022 0.003377
0.365348 0.146624 0.003722
0.368325 0.147095 0.003330
0.372101 0.146944 0.003150
0.373915 0.146908 0.003332
0.377651 0.146709 0.003201
0.379457 0.145920 0.003585
0.382200 0.146136 0.003666
0.385587 0.146368 0.003506
0.387757 0.145968 0.003188
0.390357 0.145500 0.003759
0.392864 0.144360 0.003294
0.395144 0.144297 0.003196
0.398197 0.144818 0.003296
0.400728 0.144096 0.003443
0.403679 0.144042 0.003580
0.406156 0.143473 0.003347
0.408631 0.143104 0.003815
0.411321 0.142595 0.003186
0.413108 0.141467 0.003458
0.417680 0.142536 0.003749
0.419211 0.141276 0.003389
0.421611 0.141428 0.003243
0.424591 0.141356 0.003737
0.426759 0.140871 0.003337
0.430410 0.141035 0.003380
0.433206 0.141063 0.003584
0.435620 0.141682 0.003737
0.437640 0.139597 0.003383
0.440398 0.140282 0.003669
0.443062 0.139948 0.003480
0.442848 0.139402 0.003368
0.448029 0.140310 0.003808
0.451089 0.139876 0.003441
0.454538 0.141148 0.003461
0.457183 0.140805 0.003344
0.460075 0.141282 0.003393
0.463034 0.141775 0.003337
0.465164 0.141873 0.003513
0.468696 0.143326 0.003518
0.471642 0.144637 0.003619
0.474516 0.144301 0.003198
0.477275 0.144558 0.003439
0.481078 0.146444 0.003932
0.207337 0.084774 0.005203
0.211744 0.087044 0.005132
0.216522 0.088654 0.004983
0.220208 0.091097 0.004543
0.223857 0.092083 0.004659
0.229139 0.095876 0.005536
0.234410 0.098912 0.005224
0.237477 0.098812 0.004920
0.241949 0.101094 0.004870
0.244791 0.102302 0.005285
0.250153 0.105324 0.004980
0.255598 0.108884 0.005060
0.261404 0.111153 0.004981
0.264456 0.112994 0.005261
0.267825 0.114311 0.005316
0.273546 0.117053 0.005627
0.277681 0.119042 0.005004
0.282399 0.121448 0.005270
0.287042 0.123976 0.004780
0.289784 0.124921 0.005116
0.295267 0.128334 0.004945
0.298732 0.128406 0.005347
0.303498 0.130002 0.005730
0.306918 0.131710 0.005421
0.312118 0.134150 0.004521
0.316477 0.135784 0.005175
0.318943 0.135103 0.004802
0.324601 0.137312 0.004796
0.328648 0.138895 0.004728
0.332771 0.138843 0.004771
0.336837 0.140300 0.004814
0.340886 0.140627 0.005318
0.344562 0.142044 0.005162
0.348433 0.141726 0.004890
0.352953 0.142409 0.005309
0.357127 0.143024 0.005149
0.359876 0.142661 0.005453
0.363828 0.142882 0.005306
0.367654 0.142219 0.005393
0.371231 0.143238 0.004783
0.375688 0.141907 0.004953
0.379958 0.143467 0.005095
0.383303 0.141935 0.005660
0.386724 0.142382 0.005323
0.390000 0.141448 0.005477
0.393533 0.141465 0.004727
0.398044 0.139781 0.005369
0.203214 0.074319 0.005013
0.206870 0.076061 0.005241
0.211956 0.078230 0.005331
0.215929 0.081611 0.005575
0.220382 0.082337 0.004786
0.223920 0.083990 0.004433
0.228811 0.090623 0.005217
0.233792 0.088449 0.004930
0.237490 0.090741 0.005443
0.242090 0.093266 0.004859
0.245627 0.094613 0.004550
0.251656 0.098213 0.005000
0.255900 0.099787 0.005044
0.260011 0.101318 0.005292
0.263135 0.102897 0.005578
0.268331 0.105991 0.005405
0.270675 0.108920 0.004976
0.278207 0.111295 0.004892
0.280826 0.112228 0.005043
0.286654 0.114681 0.005389
0.291109 0.116055 0.005065
0.295236 0.118880 0.004829
0.298990 0.119573 0.004723
0.304109 0.121130 0.005514
0.307009 0.122341 0.005267
0.312101 0.124319 0.005164
0.316416 0.126053 0.004188
0.319692 0.125647 0.005227
0.324969 0.128289 0.004604
0.328196 0.129400 0.005331
0.331581 0.129203 0.004832
0.336627 0.129676 0.004877
0.340359 0.131125 0.005359
0.345076 0.131989 0.005245
0.348783 0.132463 0.004952
0.352767 0.133719 0.004955
0.355921 0.131614 0.004803
0.359494 0.132473 0.005363
0.363911 0.132388 0.005385
0.367833 0.132627 0.005151
0.371257 0.132506 0.005395
0.375924 0.132670 0.005096
0.378434 0.131752 0.004570
0.197905 0.063079 0.005069
0.201625 0.065283 0.005327
0.206003 0.066276 0.005467
0.210167 0.067525 0.005291
0.214739 0.070901 0.005161
0.219197 0.071972 0.004871
0.224830 0.074816 0.005169
0.229053 0.078415 0.005438
0.232892 0.079626 0.004647
0.237334 0.082045 0.005020
0.242867 0.085127 0.005236
0.246017 0.085942 0.004640
0.249748 0.087922 0.004641
0.255727 0.091918 0.004983
0.259465 0.093452 0.005261
0.262779 0.094035 0.005502
0.269552 0.098426 0.005642
0.273390 0.099916 0.005121
0.276768 0.101646 0.005239
0.281357 0.103037 0.005135
0.286663 0.106490 0.005295
0.291196 0.108972 0.005023
0.294929 0.109722 0.005181
0.297678 0.109000 0.005412
0.302430 0.111404 0.004998
0.307199 0.114086 0.005542
0.311132 0.114619 0.005022
0.316527 0.118203 0.005097
0.319893 0.117130 0.005310
0.324053 0.118400 0.004930
0.327608 0.119305 0.005524
0.333116 0.120504 0.004537
0.336094 0.120374 0.005010
0.340214 0.120602 0.004979
0.343930 0.121802 0.005244
0.347274 0.121837 0.004848
0.351346 0.122328 0.005224
0.355441 0.121895 0.005486
0.358996 0.121529 0.005149
0.363054 0.122419 0.004856
0.366369 0.120989 0.004814
0.370978 0.121784 0.005039
0.374189 0.121786 0.005592
0.377602 0.119613 0.004854
0.187637 0.151008 0.010818
0.180502 0.178496 0.010887
0.174931 0.206421 0.010572
0.172357 0.221927 0.011154
0.169020 0.234272 0.011410
0.166064 0.249073 0.011509
0.161164 0.262653 0.011180
0.159719 0.276308 0.010975
0.153751 0.303519 0.011247
0.151659 0.318525 0.011507
0.147744 0.332549 0.010791
0.144745 0.345602 0.011497
0.141990 0.360025 0.011314
0.139509 0.373841 0.011673
0.135198 0.387455 0.011010
0.133406 0.402144 0.011241
0.130333 0.415448 0.011697
0.127533 0.430328 0.011821
0.124197 0.443347 0.010684
0.120979 0.458451 0.010865
0.119591 0.471578 0.011036
0.116476 0.483733 0.011189
0.112872 0.499755 0.011131
0.109466 0.512736 0.011232
0.106865 0.526897 0.011360
0.098498 0.546845 0.011125
0.100085 0.554509 0.011248
0.097621 0.569134 0.010923
0.094468 0.583379 0.011236
0.092717 0.596473 0.010998
0.088974 0.610299 0.011407
0.085472 0.624056 0.011016
0.083604 0.637824 0.011523
0.080323 0.652418 0.010873
0.077994 0.665822 0.011939
0.074173 0.680192 0.011312
0.070856 0.694591 0.010856
0.066887 0.708599 0.011490
0.065452 0.721755 0.011036
0.062970 0.735500 0.011307
0.058997 0.749469 0.011243
0.554833 0.093143 0.006130
0.554226 0.097895 0.006115
0.554121 0.103248 0.006029
0.552902 0.109346 0.006095
0.552207 0.115594 0.006059
0.551839 0.120676 0.005923
0.550831 0.126414 0.006148
0.550988 0.131381 0.005925
0.549491 0.137330 0.006108
0.549505 0.143460 0.006308
0.548388 0.148353 0.006040
0.547712 0.153611 0.005952
0.548257 0.159247 0.005953
0.547895 0.165654 0.006061
0.546864 0.170181 0.006098
0.546695 0.175422 0.005981
0.546213 0.181481 0.006115
0.545349 0.187121 0.005971
0.544858 0.192685 0.005897
0.545169 0.197513 0.006044
0.545454 0.203509 0.005988
0.544737 0.209518 0.006089
0.545225 0.214943 0.006110
0.544572 0.220601 0.006083
0.544829 0.226294 0.006013
0.544192 0.231164 0.006108
0.544273 0.236926 0.006097
0.544130 0.243051 0.006150
0.544059 0.247970 0.006066
0.544036 0.253726 0.006062
0.544002 0.259281 0.006067
0.543789 0.265297 0.005976
0.543396 0.271002 0.006002
0.543549 0.276290 0.005927
0.543499 0.281859 0.006060
0.542829 0.286373 0.006076
0.543194 0.292734 0.005994
0.543542 0.298733 0.006030
0.543094 0.304176 0.006024
0.543062 0.308532 0.005952
0.543302 0.315107 0.006111
0.543017 0.320629 0.006069
0.542532 0.326344 0.005992
0.542422 0.331636 0.006176
0.542496 0.337528 0.006014
0.542084 0.342839 0.006068
0.565205 0.090401 0.006170
0.564573 0.095739 0.005960
0.563693 0.100789 0.006080
0.563246 0.106930 0.005888
0.562089 0.112429 0.005975
0.562537 0.118431 0.006127
0.561179 0.123680 0.006070
0.559798 0.128994 0.006099
0.560101 0.134643 0.006028
0.559316 0.140289 0.006048
0.558744 0.146145 0.006067
0.557751 0.151149 0.006012
0.557426 0.156679 0.006152
0.557061 0.161611 0.006211
0.556729 0.167496 0.006136
0.556613 0.173037 0.006217
0.555732 0.179085 0.006021
0.555876 0.184481 0.006059
0.555492 0.190108 0.006068
0.554954 0.195295 0.006074
0.554580 0.201247 0.006021
0.554701 0.206948 0.006140
0.553857 0.212092 0.005966
0.554737 0.217559 0.006100
0.554074 0.223206 0.006072
0.554104 0.228845 0.006189
0.553950 0.234759 0.006115
0.554334 0.240116 0.006119
0.553718 0.245484 0.005888
0.553812 0.251266 0.006078
0.553678 0.257043 0.006015
0.553063 0.262719 0.006181
0.553403 0.268122 0.006071
0.553500 0.273483 0.006066
0.552609 0.279185 0.006177
0.552465 0.284136 0.005999
0.552670 0.290551 0.006026
0.552820 0.295901 0.006079
0.551961 0.300811 0.006078
0.552582 0.306527 0.006042
0.552977 0.311867 0.006136
0.552235 0.318250 0.006148
0.552189 0.323784 0.006093
0.552163 0.329420 0.005939
0.552272 0.334860 0.006197
0.575181 0.093378 0.006072
0.574288 0.098974 0.006235
0.573292 0.104342 0.006055
0.572617 0.110244 0.006089
0.571946 0.114803 0.006038
0.571806 0.121389 0.005946
0.570815 0.126498 0.005930
0.570507 0.131993 0.006027
0.569673 0.137494 0.006049
0.568855 0.142622 0.006069
0.568593 0.148376 0.006157
0.567450 0.154936 0.006153
0.566168 0.164467 0.006129
0.566837 0.170734 0.006111
0.565929 0.175712 0.005946
0.565804 0.181201 0.006087
0.565050 0.186965 0.006173
0.565279 0.193683 0.006058
0.564758 0.204250 0.005970
0.564060 0.209270 0.005954
0.564016 0.215271 0.005928
0.563795 0.220667 0.005999
0.563459 0.226142 0.005917
0.562937 0.231797 0.006032
0.563899 0.237808 0.006028
0.563436 0.242760 0.006093
0.563577 0.248497 0.006072
0.563461 0.254317 0.005889
0.563114 0.259920 0.006054
0.562716 0.264767 0.005990
0.562569 0.270408 0.006136
0.562710 0.276408 0.006132
0.562613 0.281862 0.006115
0.562639 0.287471 0.005954
0.562402 0.293658 0.006145
0.561983 0.297960 0.006160
0.562401 0.303719 0.005984
0.562047 0.309685 0.006046
0.562010 0.315589 0.006049
0.562135 0.320584 0.006194
0.562031 0.326804 0.005974
0.584308 0.094958 0.005991
0.583786 0.101264 0.006060
0.583107 0.107009 0.006220
0.582425 0.112653 0.005978
0.582403 0.117567 0.005891
0.581219 0.123208 0.006127
0.581107 0.129210 0.006083
0.579640 0.133941 0.006013
0.578710 0.140248 0.006161
0.578394 0.145005 0.006231
0.578504 0.150574 0.006095
0.577145 0.156509 0.005990
0.576980 0.162009 0.006019
0.576809 0.167350 0.006023
0.576492 0.173594 0.006191
0.575605 0.178314 0.005987
0.576134 0.184137 0.005926
0.575271 0.189493 0.006242
0.574903 0.195039 0.005974
0.574926 0.200788 0.006079
0.573579 0.206091 0.006062
0.573276 0.211372 0.006138
0.573980 0.217147 0.005992
0.573534 0.223062 0.005899
0.573500 0.229148 0.005991
0.573521 0.234133 0.006006
0.573780 0.239784 0.006055
0.572403 0.244467 0.006064
0.572981 0.250591 0.006184
0.573600 0.256567 0.006073
0.572716 0.262052 0.005948
0.572912 0.267836 0.006057
0.572477 0.272664 0.006123
0.572344 0.279004 0.006046
0.573335 0.284680 0.005986
0.572017 0.289601 0.006124
0.572387 0.295977 0.006018
0.572249 0.300762 0.006028
0.571283 0.306036 0.005996
0.571666 0.312188 0.006097
0.594980 0.097387 0.005930
0.593252 0.102353 0.005927
0.593582 0.107680 0.006032
0.591786 0.113386 0.006092
0.591340 0.119273 0.005947
0.591604 0.124460 0.006117
0.590183 0.130079 0.005987
0.589227 0.135548 0.006158
0.588972 0.140744 0.006012
0.588629 0.147135 0.006148
0.588229 0.151987 0.005962
0.587374 0.158004 0.006028
0.586063 0.163393 0.005989
0.586336 0.168773 0.006017
0.585930 0.174606 0.006144
0.585361 0.179477 0.005982
0.585483 0.185199 0.005951
0.584442 0.190628 0.005973
0.584956 0.195837 0.006057
0.584065 0.202775 0.006084
0.584036 0.207923 0.006202
0.583969 0.213467 0.006160
0.583206 0.219118 0.006090
0.583962 0.224619 0.006157
0.583571 0.230427 0.006192
0.582677 0.235893 0.006109
0.582244 0.241484 0.006061
0.582993 0.246773 0.006024
0.582585 0.251936 0.006172
0.583086 0.257719 0.006175
0.582517 0.269435 0.005964
0.582492 0.274352 0.005889
0.582173 0.280048 0.006078
0.582425 0.285785 0.006145
0.581840 0.290938 0.005991
0.581889 0.296335 0.006001
0.582076 0.302719 0.006106
0.581592 0.307488 0.006101
0.582172 0.314626 0.006049
0.581550 0.319327 0.006065
0.581838 0.324727 0.006151
0.581050 0.330131 0.006049
0.581503 0.336071 0.006110
0.580776 0.341024 0.006041
0.580067 0.346897 0.006122
0.580174 0.352638 0.006168
0.580519 0.357665 0.005958
0.580346 0.363051 0.005943
0.580336 0.369139 0.006040
0.604029 0.097119 0.006156
0.603219 0.103469 0.006289
0.602892 0.108857 0.006154
0.601956 0.113954 0.006074
0.600745 0.119510 0.006062
0.599861 0.125193 0.006065
0.600035 0.130983 0.006047
0.598893 0.136079 0.006077
0.598892 0.142193 0.006037
0.597809 0.147254 0.005936
0.597801 0.152774 0.005953
0.596672 0.158510 0.006084
0.596555 0.163604 0.006006
0.596419 0.169484 0.006017
0.595588 0.175534 0.006212
0.595183 0.181013 0.006105
0.595002 0.185798 0.005859
0.594903 0.192023 0.005962
0.594386 0.197196 0.006137
0.593854 0.203321 0.005942
0.593726 0.208284 0.006142
0.593309 0.213398 0.006082
0.593878 0.219353 0.005995
0.593207 0.225254 0.006139
0.592755 0.230629 0.005956
0.593156 0.236062 0.005969
0.592781 0.241771 0.005982
0.592535 0.253132 0.005985
0.592609 0.258680 0.006100
0.591892 0.264721 0.006163
0.591617 0.269711 0.005976
0.591983 0.275266 0.005984
0.592026 0.280876 0.006070
0.592216 0.286694 0.005932
0.592107 0.292120 0.006145
0.592201 0.296942 0.006011
0.591641 0.303209 0.006090
0.591606 0.309008 0.006124
0.591694 0.314366 0.006196
0.591771 0.320143 0.005981
0.591692 0.325190 0.006036
0.614368 0.097636 0.006062
0.613146 0.103333 0.006088
0.612425 0.108767 0.006061
0.611392 0.113965 0.006032
0.611393 0.119169 0.005975
0.610865 0.124730 0.005945
0.609489 0.131257 0.006099
0.609952 0.136196 0.006071
0.608717 0.141581 0.005981
0.608307 0.147136 0.006131
0.607823 0.152879 0.005966
0.607268 0.157907 0.006235
0.606631 0.163696 0.006127
0.606538 0.169290 0.006067
0.605744 0.174542 0.006138
0.605785 0.180355 0.006054
0.604441 0.186567 0.006022
0.604233 0.191231 0.005993
0.604733 0.196970 0.005953
0.603178 0.202575 0.006004
0.604140 0.208304 0.006131
0.603157 0.213353 0.006094
0.603025 0.219461 0.005949
0.603394 0.225243 0.006058
0.602541 0.229945 0.005899
0.602273 0.236341 0.006100
0.602637 0.241358 0.006050
0.602613 0.246712 0.006013
0.602891 0.252385 0.005837
0.602954 0.258140 0.006190
0.602251 0.263555 0.006190
0.601892 0.269562 0.005962
0.601454 0.274898 0.006024
0.601880 0.280021 0.006095
0.601940 0.286562 0.005974
0.602001 0.291465 0.006023
0.602242 0.297063 0.006039
0.601859 0.303000 0.005818
0.601262 0.307947 0.006049
0.601247 0.314197 0.006056
0.601454 0.318935 0.006096
0.600969 0.325461 0.006217
0.623619 0.096884 0.006223
0.622902 0.102553 0.006090
0.622099 0.107792 0.006120
0.621597 0.113693 0.006159
0.621212 0.118840 0.005893
0.620333 0.124374 0.006136
0.620012 0.129504 0.006113
0.618926 0.135018 0.005979
0.618257 0.140788 0.006140
0.617838 0.146354 0.005887
0.617779 0.151565 0.006062
0.616965 0.157181 0.005950
0.616321 0.163435 0.006064
0.616085 0.169082 0.006006
0.615776 0.173501 0.006023
0.615186 0.179669 0.005982
0.615127 0.185407 0.006103
0.614205 0.191013 0.005961
0.613461 0.195811 0.006047
0.613459 0.201468 0.006207
0.613995 0.207449 0.005999
0.613687 0.212474 0.005941
0.613431 0.218448 0.006003
0.612990 0.224934 0.005969
0.612680 0.229467 0.006161
0.612920 0.235287 0.006025
0.611945 0.240571 0.006141
0.612505 0.246370 0.006126
0.612140 0.257030 0.006157
0.611906 0.263863 0.005948
0.612009 0.268587 0.006056
0.611489 0.274517 0.005903
0.611484 0.279911 0.006058
0.611509 0.285355 0.006149
0.612185 0.290680 0.006059
0.611272 0.296691 0.006059
0.611722 0.302227 0.006080
0.611102 0.307436 0.005993
0.611051 0.312292 0.005997
0.611188 0.318748 0.006205
0.611273 0.324407 0.006080
0.634216 0.095418 0.005913
0.633893 0.100847 0.006099
0.633224 0.106544 0.005960
0.632779 0.111705 0.006134
0.630957 0.117446 0.006121
0.630342 0.122947 0.006142
0.630126 0.128798 0.005931
0.629029 0.134168 0.006160
0.628778 0.139934 0.005903
0.627799 0.145138 0.005803
0.627856 0.150132 0.005998
0.626307 0.156752 0.006122
0.626590 0.161821 0.005975
0.626160 0.167659 0.005974
0.625336 0.173024 0.006000
0.625403 0.178245 0.006197
0.624980 0.183827 0.006118
0.624450 0.188898 0.006012
0.623849 0.195297 0.006082
0.624285 0.200096 0.006084
0.623075 0.206545 0.006146
0.623659 0.211792 0.006083
0.623126 0.216865 0.006098
0.622844 0.223418 0.006087
0.622671 0.228703 0.006033
0.622729 0.234466 0.006051
0.622504 0.239360 0.005944
0.622194 0.245339 0.005981
0.622056 0.250671 0.006009
0.622021 0.255989 0.006081
0.621555 0.261832 0.005983
0.621651 0.267129 0.006097
0.621439 0.272666 0.005979
0.622069 0.278723 0.006017
0.621900 0.283407 0.005892
0.621448 0.289515 0.005985
0.621801 0.295351 0.006060
0.621059 0.300711 0.005988
0.621140 0.306700 0.006105
0.620376 0.312355 0.006085
0.620792 0.318179 0.006123
0.620834 0.323077 0.006210
0.620619 0.329106 0.006095
0.621231 0.333725 0.006156
0.620247 0.340110 0.006077
0.643877 0.094909 0.006055
0.642813 0.100298 0.006018
0.642440 0.105549 0.006060
0.642126 0.111036 0.006036
0.640642 0.116796 0.006121
0.640716 0.122387 0.006155
0.640424 0.127546 0.006055
0.639105 0.133495 0.006076
0.638803 0.138422 0.005908
0.637770 0.144818 0.005993
0.637629 0.149433 0.006027
0.636714 0.155318 0.006098
0.636190 0.160166 0.005858
0.635601 0.166315 0.006046
0.635232 0.172022 0.006130
0.635131 0.177729 0.006048
0.635188 0.183025 0.006269
0.634760 0.188827 0.006079
0.633851 0.194021 0.006068
0.634226 0.199900 0.005907
0.633327 0.205128 0.006089
0.633995 0.210976 0.005854
0.632785 0.215512 0.005994
0.633355 0.221382 0.005970
0.632680 0.227465 0.006085
0.632891 0.232860 0.006035
0.632601 0.238525 0.006067
0.632633 0.243870 0.006012
0.632217 0.249310 0.005994
0.631716 0.255763 0.006003
0.632358 0.260146 0.006108
0.632479 0.265878 0.006151
0.632264 0.271889 0.005919
0.632363 0.277208 0.005983
0.631053 0.282461 0.006087
0.631776 0.289501 0.005988
0.631246 0.294555 0.006164
0.631592 0.299567 0.006083
0.631452 0.305251 0.006077
0.631815 0.310839 0.006154
0.631663 0.316003 0.006026
0.630828 0.322049 0.006106
0.631690 0.327400 0.005898
0.653821 0.094255 0.006145
0.653604 0.099770 0.005974
0.652226 0.104883 0.006082
0.652191 0.109994 0.006036
0.650853 0.116059 0.006192
0.650600 0.121726 0.006176
0.650167 0.126983 0.006039
0.648356 0.132624 0.006090
0.647753 0.138363 0.006075
0.648019 0.143782 0.005968
0.648084 0.149404 0.006053
0.647204 0.154582 0.006056
0.646173 0.160439 0.005926
0.645654 0.165851 0.005924
0.645336 0.170878 0.006164
0.645032 0.176909 0.005979
0.644955 0.182437 0.006189
0.644516 0.188300 0.005984
0.643916 0.193248 0.005941
0.643500 0.199304 0.005989
0.643255 0.204303 0.006034
0.643586 0.210022 0.006126
0.643328 0.215673 0.006090
0.642675 0.221479 0.006113
0.642571 0.226750 0.005908
0.642765 0.232022 0.005993
0.642779 0.238337 0.005962
0.641934 0.243304 0.005974
0.642261 0.249260 0.006197
0.641179 0.255292 0.006069
0.642287 0.259540 0.006103
0.641597 0.265806 0.005965
0.641128 0.271934 0.006024
0.642093 0.276801 0.006025
0.641546 0.282522 0.006208
0.641401 0.288278 0.005916
0.640904 0.293006 0.005950
0.641707 0.298468 0.006109
0.642150 0.304577 0.006024
0.641274 0.310391 0.006064
0.664326 0.094546 0.006243
0.663447 0.099094 0.005995
0.662672 0.104833 0.006064
0.662115 0.110594 0.005982
0.660388 0.116250 0.006047
0.660426 0.121027 0.006035
0.659213 0.127001 0.005948
0.659161 0.132486 0.006083
0.658452 0.138417 0.006127
0.658326 0.143364 0.005933
0.657675 0.149193 0.006170
0.655945 0.155352 0.006059
0.656442 0.160430 0.005985
0.655246 0.165792 0.006158
0.654923 0.171736 0.006150
0.655546 0.176754 0.005802
0.654690 0.182164 0.006029
0.654594 0.187886 0.005924
0.653346 0.193996 0.006099
0.653268 0.198929 0.006071
0.653102 0.204497 0.005984
0.653567 0.210197 0.006032
0.652728 0.216175 0.006080
0.652514 0.221112 0.006069
0.652451 0.226713 0.005992
0.652523 0.232290 0.006089
0.652457 0.238351 0.006136
0.651855 0.243429 0.005959
0.651888 0.248503 0.005936
0.651525 0.260737 0.005961
0.651851 0.265586 0.006116
0.651216 0.271946 0.006046
0.651699 0.276789 0.006039
0.651530 0.282463 0.006178
0.651668 0.288839 0.006166
0.651464 0.293697 0.005986
0.651096 0.299512 0.005964
0.651110 0.305025 0.005934
0.650711 0.310470 0.006058
0.651712 0.315778 0.006036
0.650819 0.322331 0.006112
0.650761 0.326715 0.005999
0.650725 0.333126 0.005883
0.651269 0.338255 0.006076
0.673780 0.095409 0.006139
0.672747 0.100398 0.005797
0.672282 0.106410 0.006125
0.671755 0.111468 0.005979
0.669953 0.117491 0.006051
0.670364 0.122469 0.005974
0.669401 0.128668 0.006179
0.673831 0.139927 0.005890
0.668309 0.140002 0.006225
0.668273 0.144787 0.005911
0.667049 0.150170 0.005989
0.666468 0.156125 0.006013
0.665539 0.161762 0.006079
0.665470 0.167221 0.006141
0.665300 0.171968 0.006087
0.665047 0.177936 0.006089
0.664705 0.183202 0.006049
0.663193 0.188894 0.006051
0.664016 0.194336 0.005973
0.663225 0.200059 0.006218
0.662735 0.205775 0.006137
0.663575 0.211290 0.006179
0.662214 0.216691 0.006017
0.662495 0.222435 0.006002
0.662555 0.227576 0.005969
0.662131 0.233726 0.006010
0.662463 0.239029 0.006171
0.661998 0.244962 0.006044
0.661727 0.249892 0.006049
0.661318 0.255950 0.006024
0.661612 0.261792 0.006052
0.661842 0.267636 0.006170
0.661502 0.272786 0.006180
0.661231 0.277809 0.005973
0.661159 0.283419 0.006141
0.662060 0.288625 0.005895
0.661516 0.299957 0.006073
0.661409 0.305930 0.005941
0.661017 0.311863 0.006123
0.660324 0.317352 0.006054
0.660993 0.323259 0.005961
