0.445814 0.168769 0.009244
0.464851 0.163796 0.009581
0.487103 0.161118 0.009426
0.503255 0.157117 0.009874
0.521449 0.155735 0.009578
0.540990 0.149396 0.009353
0.561107 0.148809 0.009806
0.580097 0.145985 0.009593
0.600906 0.142120 0.009543
0.617260 0.138802 0.009629
0.634720 0.136910 0.009477
0.657374 0.133013 0.009406
0.675167 0.132162 0.009425
0.693580 0.125564 0.009602
0.711243 0.122020 0.009743
0.730190 0.121610 0.009508
0.451913 0.185781 0.009481
0.467022 0.182847 0.009996
0.487058 0.179449 0.009699
0.505680 0.178348 0.009476
0.527938 0.175592 0.009461
0.545091 0.169989 0.009704
0.563183 0.169504 0.009763
0.583714 0.165114 0.009419
0.604235 0.162138 0.009652
0.619483 0.158581 0.009394
0.638536 0.155526 0.009579
0.659365 0.153977 0.009575
0.677708 0.148271 0.009736
0.695174 0.146601 0.009792
0.714858 0.144135 0.009547
0.734322 0.139350 0.009309
0.453906 0.203707 0.009719
0.470047 0.201375 0.009289
0.491988 0.200003 0.009641
0.510564 0.195798 0.009876
0.531320 0.191798 0.009539
0.544767 0.189095 0.009639
0.566522 0.187370 0.009461
0.585293 0.183513 0.009358
0.606614 0.180056 0.009744
0.622084 0.176412 0.009481
0.641936 0.173977 0.009866
0.661810 0.170190 0.009502
0.681537 0.169006 0.009488
0.700198 0.165009 0.009588
0.716659 0.160430 0.009636
0.740048 0.159235 0.009538
0.455151 0.223544 0.009973
0.476051 0.223492 0.009406
0.495184 0.217332 0.009654
0.512615 0.215225 0.009476
0.532558 0.211092 0.009765
0.548948 0.208371 0.009646
0.569716 0.205483 0.009484
0.588191 0.202673 0.009521
0.605977 0.200320 0.009549
0.626295 0.198881 0.009575
0.644572 0.194325 0.009334
0.666110 0.191323 0.009852
0.682262 0.185085 0.009919
0.701027 0.186683 0.009962
0.720881 0.178314 0.009983
0.740225 0.178722 0.009476
0.462600 0.243499 0.009355
0.480391 0.239522 0.009588
0.497068 0.235393 0.009604
0.515527 0.237003 0.009804
0.538117 0.231339 0.009259
0.554349 0.227663 0.009545
0.571106 0.227230 0.009431
0.592925 0.224605 0.009360
0.608480 0.217730 0.009540
0.631494 0.215504 0.009438
0.648898 0.209613 0.009570
0.666044 0.208162 0.009889
0.685927 0.206386 0.009612
0.703130 0.205493 0.009651
0.727021 0.200597 0.009691
0.744322 0.200768 0.009427
0.463150 0.262483 0.009686
0.482388 0.255791 0.009641
0.518603 0.254655 0.009870
0.537558 0.250788 0.009381
0.557328 0.246174 0.009656
0.575068 0.245070 0.009495
0.594596 0.241442 0.009674
0.614391 0.238226 0.009399
0.651089 0.231558 0.009606
0.668994 0.226301 0.009446
0.688722 0.223566 0.009508
0.709775 0.223266 0.009807
0.729436 0.218716 0.009558
0.748234 0.216141 0.009669
0.465040 0.282095 0.009682
0.484866 0.276560 0.009790
0.503459 0.273336 0.009569
0.524063 0.271075 0.009573
0.540044 0.268668 0.009519
0.561519 0.264535 0.009683
0.579507 0.262087 0.009719
0.598162 0.261580 0.009636
0.620168 0.255251 0.009576
0.638350 0.252683 0.009584
0.652650 0.249240 0.009486
0.673886 0.246082 0.009632
0.693928 0.244514 0.009529
0.713290 0.240723 0.009717
0.729265 0.238729 0.009622
0.750239 0.234188 0.009673
0.468896 0.301478 0.009608
0.486584 0.298948 0.009363
0.507268 0.293286 0.009259
0.524779 0.292365 0.009338
0.544480 0.289788 0.009588
0.561806 0.284450 0.009725
0.582548 0.280249 0.009621
0.601926 0.279436 0.009524
0.619830 0.276688 0.009386
0.637513 0.270218 0.009739
0.657546 0.266507 0.009909
0.677123 0.265106 0.009467
0.696475 0.265122 0.009928
0.714613 0.260525 0.009446
0.735275 0.257286 0.009485
0.752038 0.252042 0.009286
0.471332 0.317992 0.009505
0.492077 0.313272 0.009577
0.507970 0.311571 0.009556
0.528447 0.310400 0.009548
0.547614 0.306432 0.009925
0.565171 0.303510 0.009591
0.583233 0.300139 0.009464
0.602744 0.297005 0.009635
0.620255 0.294807 0.009646
0.641871 0.290055 0.009962
0.661017 0.288762 0.009307
0.680834 0.284364 0.009529
0.701763 0.283422 0.009802
0.717689 0.276034 0.009703
0.737143 0.275767 0.009676
0.473780 0.337948 0.009672
0.491244 0.334327 0.009509
0.511128 0.330501 0.009533
0.531551 0.328688 0.009524
0.550423 0.326555 0.009751
0.569381 0.322961 0.009699
0.587618 0.320912 0.009543
0.607256 0.316380 0.009758
0.625863 0.314307 0.009634
0.644734 0.309202 0.009414
0.662201 0.306443 0.009346
0.681977 0.304788 0.009691
0.701722 0.299196 0.009622
0.740101 0.295147 0.009518
0.759494 0.290440 0.009683
0.480244 0.357928 0.009497
0.496983 0.354709 0.009669
0.514727 0.348991 0.009708
0.531846 0.348517 0.009468
0.552741 0.343677 0.009523
0.573863 0.340806 0.009616
0.589861 0.338113 0.009506
0.609640 0.334634 0.010039
0.628885 0.331824 0.009235
0.648264 0.327914 0.009692
0.665275 0.323503 0.009633
0.687177 0.322990 0.009269
0.705830 0.319828 0.009658
0.722512 0.316159 0.009500
0.739265 0.314872 0.009434
0.762622 0.309796 0.009676
0.480918 0.376947 0.009656
0.499392 0.371773 0.009711
0.516169 0.370872 0.009710
0.536502 0.367860 0.009458
0.556325 0.365495 0.009539
0.575405 0.358812 0.009570
0.594155 0.357307 0.009743
0.614867 0.356100 0.009732
0.630357 0.349187 0.009660
0.649397 0.347338 0.009852
0.669880 0.343845 0.009726
0.690655 0.341253 0.009733
0.706494 0.340156 0.009501
0.725040 0.335589 0.009629
0.748427 0.333286 0.009547
0.764105 0.330444 0.009294
0.483391 0.392693 0.009699
0.504386 0.391439 0.009753
0.520084 0.388383 0.009730
0.540710 0.386151 0.009863
0.560207 0.383037 0.009760
0.578056 0.378618 0.009561
0.596725 0.375136 0.009650
0.615525 0.374006 0.009493
0.635082 0.372358 0.009487
0.655603 0.366609 0.009520
0.670287 0.364663 0.009430
0.692457 0.359250 0.009561
0.711651 0.361192 0.009872
0.730244 0.355181 0.009900
0.748933 0.350449 0.009598
0.768031 0.348897 0.009453
0.487695 0.415101 0.009452
0.503097 0.411961 0.009692
0.525608 0.407603 0.009859
0.562227 0.399193 0.009410
0.581140 0.397056 0.009592
0.601671 0.395181 0.009634
0.622191 0.392327 0.009610
0.659158 0.386018 0.009520
0.674009 0.384053 0.009554
0.697310 0.378009 0.009315
0.714155 0.375417 0.009694
0.732221 0.372856 0.009494
0.752779 0.371829 0.009764
0.772785 0.367683 0.009812
0.487510 0.433211 0.009432
0.509540 0.428363 0.009756
0.526857 0.425816 0.009967
0.546736 0.423212 0.009359
0.565008 0.419236 0.009320
0.585314 0.415764 0.009537
0.603618 0.414118 0.009480
0.621434 0.410526 0.009303
0.640248 0.407896 0.009631
0.659955 0.406625 0.009666
0.680302 0.402854 0.009610
0.697216 0.398110 0.009610
0.718353 0.395566 0.009614
0.737887 0.392427 0.009615
0.755479 0.388928 0.009456
0.771675 0.387558 0.009470
0.493263 0.451097 0.009765
0.512306 0.447419 0.009628
0.532026 0.445816 0.009488
0.549890 0.441210 0.009916
0.570319 0.437794 0.009795
0.589757 0.436985 0.009519
0.606734 0.433178 0.009621
0.626525 0.429246 0.009687
0.647196 0.427552 0.009519
0.664242 0.422897 0.009760
0.683077 0.420805 0.009545
0.704064 0.417336 0.009334
0.717817 0.415240 0.009549
0.741138 0.410666 0.009435
0.758043 0.409200 0.009533
0.774969 0.408871 0.009549
0.497316 0.471647 0.009525
0.516865 0.467985 0.009766
0.533735 0.464293 0.009570
0.553265 0.459706 0.009475
0.573617 0.460704 0.009459
0.590020 0.454368 0.009561
0.610307 0.453301 0.009872
0.629849 0.450295 0.009659
0.646890 0.447109 0.009659
0.666367 0.442331 0.009621
0.683787 0.436394 0.009581
0.702930 0.435273 0.009525
0.723114 0.432551 0.009651
0.742771 0.429561 0.009513
0.761952 0.429365 0.009610
0.781420 0.425983 0.009662
0.499993 0.490064 0.009643
0.519149 0.488414 0.009480
0.536239 0.484167 0.009661
0.555363 0.480242 0.009615
0.573009 0.477040 0.009379
0.595719 0.473497 0.009930
0.613756 0.470359 0.009665
0.631450 0.469167 0.009322
0.650791 0.466495 0.009414
0.670556 0.460928 0.009643
0.687542 0.459719 0.009400
0.706803 0.454971 0.009470
0.725626 0.454369 0.009330
0.745128 0.447923 0.009687
0.766112 0.446571 0.009506
0.782692 0.443411 0.010108
0.503168 0.505927 0.009645
0.520927 0.502569 0.009602
0.539206 0.500296 0.009644
0.559795 0.498301 0.009544
0.576341 0.496338 0.009633
0.597196 0.494470 0.009767
0.616034 0.490832 0.009295
0.637370 0.485418 0.009410
0.653289 0.484828 0.009599
0.673402 0.483397 0.009871
0.690055 0.478026 0.009530
0.709284 0.474679 0.009629
0.730273 0.470695 0.009933
0.750599 0.467624 0.009514
0.769305 0.466610 0.009416
0.784297 0.461245 0.009525
0.503818 0.528317 0.009752
0.522446 0.525377 0.009796
0.542709 0.520585 0.009800
0.563834 0.521245 0.009715
0.581916 0.514414 0.009562
0.599658 0.510258 0.009925
0.618943 0.509725 0.009590
0.652199 0.503959 0.009688
0.675112 0.499369 0.009859
0.692280 0.497080 0.009726
0.713550 0.494780 0.009729
0.731079 0.491029 0.009674
0.752390 0.487940 0.009494
0.769459 0.483951 0.009608
0.788082 0.481591 0.009708
0.507485 0.545061 0.009391
0.528072 0.542249 0.009983
0.545257 0.540292 0.009418
0.566739 0.538375 0.009360
0.582281 0.535240 0.009394
0.601179 0.531940 0.009562
0.621282 0.528499 0.009596
0.640330 0.523534 0.009533
0.660468 0.522565 0.009903
0.678581 0.519914 0.009524
0.697827 0.518303 0.009810
0.714633 0.513165 0.009734
0.736672 0.507155 0.009623
0.753905 0.507026 0.009412
0.773970 0.505064 0.009191
0.792319 0.499032 0.009581
0.513435 0.564780 0.009702
0.527823 0.563215 0.009718
0.548773 0.558778 0.009654
0.569857 0.556921 0.009494
0.583923 0.553781 0.009489
0.605316 0.551260 0.009276
0.624243 0.544477 0.009779
0.643991 0.544334 0.009713
0.661136 0.541091 0.009750
0.682749 0.538070 0.009412
0.698928 0.534037 0.009650
0.721408 0.532353 0.009668
0.738218 0.527450 0.009578
0.756198 0.527252 0.009824
0.778107 0.521257 0.009734
0.795962 0.520485 0.009538
0.514627 0.583510 0.009618
0.534142 0.581120 0.009301
0.551473 0.577905 0.009648
0.570307 0.575134 0.009600
0.590533 0.572452 0.009467
0.610351 0.566443 0.009541
0.628787 0.568005 0.009538
0.646214 0.563524 0.009798
0.668065 0.559562 0.009716
0.683768 0.556612 0.009714
0.702976 0.551982 0.009608
0.722037 0.549023 0.009618
0.741466 0.547101 0.009463
0.761086 0.543525 0.009604
0.780438 0.541884 0.009549
0.797751 0.539641 0.009242
0.516353 0.604319 0.009629
0.537285 0.599958 0.009643
0.556052 0.595928 0.009801
0.611748 0.587103 0.009522
0.631816 0.586593 0.009596
0.650482 0.582283 0.009321
0.669329 0.578272 0.009430
0.687440 0.575895 0.009490
0.707019 0.572485 0.009493
0.725365 0.570604 0.009559
0.744650 0.564349 0.009620
0.763592 0.564797 0.009546
0.781934 0.559217 0.009609
0.801834 0.559747 0.009584
0.520793 0.621830 0.009652
0.539112 0.616845 0.009820
0.558447 0.618514 0.009665
0.576459 0.611427 0.009695
0.596394 0.607926 0.009829
0.617109 0.605831 0.009780
0.634478 0.604685 0.009554
0.653717 0.601005 0.009512
0.671193 0.598959 0.009526
0.690479 0.594968 0.009514
0.709907 0.593210 0.009513
0.731278 0.589375 0.009872
0.749144 0.586743 0.009657
0.768114 0.584072 0.009531
0.785560 0.578036 0.009483
0.805176 0.577195 0.009513
0.524297 0.641432 0.009177
0.542465 0.638043 0.009615
0.559743 0.634485 0.009685
0.580219 0.632131 0.009348
0.599250 0.629381 0.009443
0.615730 0.622999 0.009818
0.634683 0.623426 0.009676
0.655914 0.619819 0.009572
0.674755 0.616583 0.009489
0.693899 0.613489 0.009888
0.713088 0.609470 0.009768
0.732410 0.606460 0.009954
0.752152 0.603199 0.009655
0.768106 0.599251 0.009343
0.789262 0.597336 0.009839
0.809660 0.595501 0.009429
0.528131 0.660867 0.009764
0.543902 0.656431 0.009590
0.564516 0.652506 0.009444
0.583339 0.648720 0.009523
0.601810 0.648919 0.009585
0.619831 0.645651 0.009540
0.639891 0.642278 0.009499
0.660361 0.636690 0.009553
0.677796 0.636268 0.009730
0.696914 0.632619 0.009549
0.715700 0.629705 0.009776
0.736458 0.626515 0.009642
0.754270 0.624500 0.009376
0.788811 0.616977 0.009631
0.811028 0.615747 0.009990
0.528506 0.677506 0.009608
0.547811 0.676812 0.009513
0.568948 0.670962 0.009743
0.587586 0.667995 0.009632
0.605462 0.665780 0.009587
0.625437 0.663678 0.009460
0.645460 0.662964 0.009932
0.662411 0.658025 0.009407
0.680540 0.654134 0.009566
0.697958 0.650534 0.009734
0.719961 0.647911 0.009383
0.739817 0.644231 0.009800
0.755657 0.641828 0.009521
0.775513 0.640093 0.009413
0.793891 0.635536 0.009914
0.531983 0.697215 0.009607
0.553383 0.696454 0.009555
0.569093 0.693536 0.009566
0.592749 0.688364 0.009653
0.609837 0.683451 0.009599
0.626600 0.680840 0.009617
0.645082 0.678802 0.009700
0.663777 0.676034 0.009406
0.685045 0.676049 0.009772
0.703377 0.671183 0.009265
0.721750 0.667459 0.009495
0.740769 0.665214 0.009267
0.760268 0.662964 0.009548
0.778706 0.657701 0.009449
0.797160 0.654310 0.009776
0.818659 0.653077 0.009280
