0.467238 0.277715 0.009654
0.486328 0.273626 0.009715
0.503913 0.269351 0.009623
0.522714 0.264642 0.009622
0.541876 0.262313 0.009627
0.559825 0.257928 0.009624
0.578848 0.253752 0.009568
0.597955 0.249011 0.009531
0.635964 0.240998 0.009702
0.654444 0.236426 0.009524
0.672581 0.232984 0.009534
0.692123 0.228013 0.009644
0.710282 0.223170 0.009565
0.727844 0.221360 0.009608
0.748070 0.217188 0.009509
0.469771 0.297018 0.009615
0.489025 0.292723 0.009504
0.507242 0.288142 0.009607
0.528102 0.285404 0.009631
0.544908 0.280666 0.009718
0.564162 0.275352 0.009608
0.583306 0.271615 0.009588
0.601881 0.268182 0.009590
0.619445 0.263009 0.009574
0.639405 0.258064 0.009501
0.659091 0.255727 0.009553
0.676731 0.251105 0.009701
0.695808 0.246338 0.009573
0.714377 0.242388 0.009540
0.733245 0.238224 0.009517
0.753210 0.234524 0.009680
0.474001 0.315396 0.009616
0.494297 0.311593 0.009548
0.511412 0.307305 0.009590
0.530502 0.302346 0.009574
0.549246 0.299210 0.009646
0.569710 0.295728 0.009694
0.587470 0.290580 0.009634
0.606404 0.285943 0.009643
0.624839 0.281592 0.009679
0.644005 0.278788 0.009566
0.661344 0.273291 0.009544
0.682527 0.270263 0.009598
0.700762 0.266324 0.009626
0.719162 0.261839 0.009618
0.737617 0.257874 0.009581
0.756222 0.252770 0.009543
0.497008 0.329742 0.009585
0.516780 0.324607 0.009568
0.535585 0.320761 0.009711
0.554392 0.316952 0.009604
0.572943 0.313192 0.009709
0.589955 0.309071 0.009532
0.611068 0.304823 0.009567
0.628461 0.301675 0.009618
0.647665 0.297418 0.009673
0.664910 0.291843 0.009611
0.685408 0.288080 0.009659
0.703021 0.283809 0.009601
0.722840 0.280644 0.009536
0.742544 0.275718 0.009555
0.760131 0.272298 0.009617
0.483533 0.353140 0.009564
0.501721 0.349391 0.009587
0.521552 0.344074 0.009541
0.538225 0.340087 0.009610
0.556506 0.337070 0.009662
0.576857 0.332885 0.009565
0.595559 0.328743 0.009632
0.613874 0.324281 0.009602
0.633705 0.320042 0.009595
0.653400 0.316590 0.009557
0.670419 0.311732 0.009717
0.690034 0.307256 0.009560
0.708299 0.303385 0.009596
0.726754 0.298717 0.009610
0.745366 0.294858 0.009519
0.764560 0.291663 0.009585
0.487465 0.372670 0.009698
0.505949 0.367290 0.009677
0.525708 0.362342 0.009718
0.543443 0.359894 0.009621
0.561328 0.355081 0.009685
0.580342 0.351142 0.009709
0.619040 0.342739 0.009553
0.636746 0.339229 0.009668
0.656673 0.335194 0.009722
0.675057 0.330208 0.009636
0.693801 0.326950 0.009601
0.712938 0.323487 0.009479
0.730522 0.318363 0.009598
0.749513 0.314406 0.009502
0.769107 0.309880 0.009653
0.490651 0.390542 0.009676
0.510106 0.385223 0.009585
0.528033 0.381704 0.009732
0.548968 0.377786 0.009679
0.565115 0.373828 0.009616
0.585899 0.370037 0.009580
0.604044 0.365938 0.009634
0.622451 0.361886 0.009565
0.641028 0.357962 0.009650
0.659151 0.353664 0.009797
0.678723 0.347530 0.009535
0.696900 0.344480 0.009558
0.715356 0.340737 0.009579
0.735524 0.336696 0.009623
0.753396 0.332594 0.009549
0.771724 0.328152 0.009512
0.494687 0.409231 0.009736
0.514437 0.403875 0.009566
0.531233 0.399772 0.009695
0.551770 0.396794 0.009619
0.570821 0.392636 0.009670
0.588986 0.387884 0.009579
0.607518 0.383234 0.009560
0.625934 0.380452 0.009539
0.644924 0.376048 0.009559
0.663201 0.372126 0.009632
0.682701 0.367647 0.009573
0.700655 0.363719 0.009588
0.720824 0.359353 0.009579
0.739275 0.354889 0.009657
0.757296 0.351176 0.009593
0.777152 0.347467 0.009616
0.498837 0.429066 0.009532
0.517917 0.425028 0.009661
0.536150 0.420250 0.009545
0.556417 0.416103 0.009693
0.574308 0.411048 0.009528
0.592770 0.407073 0.009602
0.611782 0.403524 0.009684
0.630560 0.399729 0.009559
0.648984 0.394514 0.009702
0.668806 0.391549 0.009590
0.687034 0.386483 0.009638
0.705036 0.382231 0.009579
0.724411 0.377539 0.009553
0.743242 0.374126 0.009601
0.761785 0.370476 0.009651
0.780744 0.365672 0.009501
0.504338 0.448076 0.009620
0.523075 0.443253 0.009632
0.540732 0.439062 0.009486
0.560123 0.435467 0.009602
0.578127 0.429218 0.009642
0.597067 0.426183 0.009593
0.616773 0.421079 0.009624
0.635257 0.417615 0.009660
0.653589 0.413749 0.009695
0.672115 0.409145 0.009579
0.690440 0.405482 0.009635
0.709567 0.402234 0.009688
0.728356 0.397029 0.009644
0.746926 0.392892 0.009548
0.767073 0.390296 0.009620
0.785884 0.384540 0.009562
0.509036 0.464667 0.009564
0.525132 0.462258 0.009651
0.544211 0.457228 0.009515
0.562862 0.453097 0.009599
0.582272 0.448833 0.009568
0.601427 0.444479 0.009570
0.638700 0.436320 0.009606
0.657319 0.432326 0.009713
0.676030 0.427927 0.009652
0.694314 0.425298 0.009657
0.714264 0.419483 0.009569
0.732355 0.415631 0.009541
0.750578 0.412180 0.009704
0.769369 0.407064 0.009592
0.788655 0.404723 0.009682
0.510866 0.483323 0.009692
0.529267 0.480619 0.009546
0.549352 0.476711 0.009607
0.568950 0.471388 0.009571
0.586666 0.466417 0.009533
0.604639 0.463208 0.009571
0.624013 0.460167 0.009679
0.642455 0.456054 0.009508
0.662457 0.451684 0.009642
0.681619 0.447841 0.009625
0.717496 0.438182 0.009618
0.736609 0.435204 0.009628
0.756260 0.430421 0.009561
0.774355 0.427373 0.009653
0.793692 0.422288 0.009684
0.514237 0.502304 0.009553
0.533981 0.498819 0.009605
0.553844 0.494725 0.009613
0.572268 0.490342 0.009655
0.591232 0.486481 0.009719
0.609939 0.483628 0.009729
0.628172 0.477601 0.009572
0.647019 0.474378 0.009530
0.667015 0.469174 0.009551
0.683051 0.466585 0.009656
0.704166 0.462107 0.009647
0.721427 0.458678 0.009757
0.740281 0.454245 0.009753
0.760584 0.449928 0.009655
0.778707 0.444849 0.009629
0.797211 0.441458 0.009576
0.519509 0.521726 0.009659
0.538911 0.517505 0.009618
0.558010 0.513815 0.009573
0.576052 0.509843 0.009579
0.594869 0.505876 0.009550
0.613363 0.501174 0.009501
0.632816 0.495907 0.009648
0.650254 0.492518 0.009596
0.669016 0.488551 0.009732
0.688994 0.485057 0.009587
0.707401 0.480716 0.009565
0.725045 0.476071 0.009593
0.745877 0.471999 0.009623
0.764145 0.468670 0.009537
0.782982 0.465000 0.009643
0.800951 0.460954 0.009623
0.523319 0.539733 0.009686
0.542898 0.536150 0.009608
0.561683 0.532706 0.009591
0.579662 0.527562 0.009612
0.599774 0.522916 0.009638
0.616956 0.520661 0.009684
0.636192 0.515688 0.009626
0.654971 0.511644 0.009582
0.672977 0.507478 0.009585
0.693659 0.504152 0.009633
0.712490 0.499227 0.009676
0.729769 0.494231 0.009598
0.747833 0.490080 0.009675
0.768955 0.487887 0.009611
0.786794 0.482523 0.009664
0.806005 0.478134 0.009574
0.527665 0.560103 0.009558
0.547142 0.555808 0.009496
0.564587 0.551250 0.009531
0.584541 0.548082 0.009527
0.602703 0.541882 0.009682
0.621654 0.538419 0.009611
0.640301 0.534126 0.009626
0.658575 0.529280 0.009618
0.678498 0.526571 0.009611
0.698111 0.522356 0.009625
0.716932 0.518404 0.009556
0.733994 0.514288 0.009635
0.752214 0.508920 0.009570
0.772789 0.504727 0.009621
0.791201 0.501580 0.009675
0.809724 0.497412 0.009541
0.531566 0.578908 0.009544
0.551345 0.574285 0.009610
0.569708 0.570020 0.009638
0.588785 0.565707 0.009674
0.606468 0.561808 0.009671
0.627718 0.557829 0.009671
0.645506 0.553234 0.009554
0.662342 0.549706 0.009539
0.683168 0.545558 0.009497
0.699841 0.540931 0.009641
0.719378 0.536803 0.009578
0.738592 0.533479 0.009597
0.757662 0.528622 0.009582
0.776500 0.524098 0.009516
0.795027 0.519805 0.009594
0.813890 0.516499 0.009646
0.535311 0.597272 0.009700
0.555136 0.592028 0.009653
0.574730 0.588147 0.009679
0.591888 0.584774 0.009737
0.612402 0.581467 0.009616
0.628964 0.575589 0.009653
0.647984 0.572783 0.009657
0.668987 0.566850 0.009601
0.685638 0.563907 0.009630
0.705548 0.559872 0.009686
0.723415 0.556091 0.009643
0.742409 0.551428 0.009700
0.762307 0.547926 0.009478
0.780331 0.543617 0.009566
0.797677 0.540366 0.009568
0.817761 0.535120 0.009532
0.540704 0.615327 0.009581
0.558301 0.611159 0.009657
0.578412 0.606521 0.009647
0.597371 0.602880 0.009512
0.614849 0.599082 0.009644
0.634516 0.595153 0.009504
0.652258 0.591377 0.009545
0.671085 0.586886 0.009702
0.690971 0.582315 0.009565
0.708851 0.579963 0.009640
0.728819 0.574338 0.009621
0.747273 0.570398 0.009605
0.766121 0.566892 0.009669
0.784024 0.562903 0.009667
0.803996 0.558122 0.009647
0.822227 0.553909 0.009524
0.544226 0.634879 0.009680
0.564559 0.629652 0.009499
0.581733 0.625328 0.009507
0.601413 0.621357 0.009483
0.618959 0.616935 0.009584
0.638318 0.613100 0.009579
0.656692 0.609082 0.009667
0.675764 0.606149 0.009567
0.695373 0.600858 0.009588
0.714603 0.597085 0.009657
0.731060 0.593269 0.009703
0.750233 0.589105 0.009613
0.770303 0.585571 0.009615
0.787899 0.580252 0.009545
0.806832 0.576842 0.009633
0.826652 0.572325 0.009539
0.548179 0.652299 0.009608
0.566801 0.649663 0.009555
0.586144 0.645215 0.009655
0.605098 0.641333 0.009697
0.623895 0.636700 0.009621
0.642844 0.632988 0.009626
0.661848 0.629456 0.009640
0.679344 0.625405 0.009717
0.698987 0.619850 0.009598
0.717608 0.615074 0.009506
0.736033 0.611281 0.009717
0.753914 0.606775 0.009658
0.773789 0.604007 0.009549
0.793029 0.599752 0.009625
0.810415 0.594044 0.009622
0.830016 0.591933 0.009636
0.552785 0.671761 0.009640
0.571834 0.667666 0.009599
0.590517 0.664062 0.009663
0.608806 0.660525 0.009678
0.627412 0.655413 0.009635
0.646955 0.651869 0.009569
0.665202 0.646240 0.009661
0.682392 0.643514 0.009463
0.702293 0.638547 0.009642
0.721952 0.634197 0.009507
0.740422 0.631160 0.009669
0.758965 0.626903 0.009529
0.777708 0.623047 0.009589
0.796644 0.618292 0.009574
0.815663 0.613848 0.009660
0.834005 0.609801 0.009681
0.556118 0.690439 0.009682
0.576017 0.687565 0.009608
0.595131 0.682189 0.009597
0.613289 0.677968 0.009560
0.632441 0.673712 0.009569
0.650273 0.669385 0.009512
0.670663 0.665192 0.009638
0.687652 0.660859 0.009488
0.707037 0.657782 0.009559
0.725655 0.653467 0.009601
0.744254 0.650667 0.009673
0.764052 0.645009 0.009532
0.782127 0.642052 0.009668
0.800605 0.636116 0.009642
0.817984 0.633613 0.009628
0.838253 0.629309 0.009576
0.560772 0.709834 0.009648
0.579196 0.705071 0.009613
0.598200 0.700696 0.009600
0.616924 0.696428 0.009648
0.636058 0.692636 0.009636
0.655045 0.688048 0.009568
0.673295 0.684694 0.009548
0.693921 0.681558 0.009510
0.711524 0.677136 0.009523
0.729292 0.672100 0.009596
0.747255 0.668679 0.009503
0.767224 0.663628 0.009593
0.786181 0.660145 0.009570
0.806123 0.655312 0.009563
0.823174 0.651738 0.009544
0.842210 0.647777 0.009519
0.563836 0.727164 0.009701
0.583912 0.723267 0.009565
0.603252 0.718962 0.009577
0.621995 0.714679 0.009566
0.640882 0.712049 0.009574
0.677573 0.702389 0.009576
0.695675 0.700224 0.009574
0.715193 0.696432 0.009577
0.733857 0.691659 0.009593
0.753108 0.687793 0.009647
0.771263 0.683203 0.009677
0.790053 0.679418 0.009574
0.809506 0.675152 0.009562
0.828211 0.670484 0.009632
0.846307 0.667290 0.009492
0.568287 0.748016 0.009688
0.587861 0.743006 0.009499
0.607342 0.740405 0.009672
0.626481 0.735127 0.009529
0.644836 0.731970 0.009697
0.662294 0.726699 0.009582
0.681125 0.723024 0.009682
0.700706 0.716913 0.009580
0.718347 0.713341 0.009518
0.738354 0.709245 0.009551
0.756707 0.705914 0.009575
0.776298 0.701523 0.009654
0.794881 0.698235 0.009555
0.813298 0.692471 0.009552
0.832652 0.689853 0.009621
0.849824 0.685180 0.009673
0.572936 0.765453 0.009611
0.592278 0.761940 0.009550
0.609347 0.757655 0.009640
0.629548 0.753435 0.009685
0.648241 0.749525 0.009651
0.666618 0.744954 0.009615
0.685248 0.741187 0.009644
0.705293 0.736826 0.009561
0.723189 0.731311 0.009592
0.742354 0.728525 0.009635
0.761632 0.724411 0.009618
0.779662 0.719974 0.009590
0.798567 0.716935 0.009523
0.816997 0.712354 0.009494
0.836595 0.709332 0.009620
0.853889 0.705246 0.009543
0.577848 0.783818 0.009641
0.596344 0.780891 0.009748
0.634329 0.771716 0.009692
0.652304 0.768556 0.009596
0.690049 0.760063 0.009577
0.709104 0.755538 0.009567
0.728331 0.752514 0.009612
0.745816 0.747769 0.009596
0.764187 0.743007 0.009572
0.783953 0.738961 0.009670
0.802462 0.735309 0.009544
0.821894 0.730416 0.009563
0.841249 0.725794 0.009524
0.859063 0.722182 0.009627
0.582095 0.803061 0.009585
0.601053 0.798883 0.009495
0.619833 0.795522 0.009607
0.637493 0.789653 0.009574
0.657253 0.787931 0.009634
0.674887 0.783394 0.009608
0.694396 0.778119 0.009597
0.713774 0.774883 0.009510
0.730506 0.769957 0.009493
0.750253 0.766230 0.009695
0.768177 0.762102 0.009611
0.787455 0.757402 0.009667
0.806773 0.753708 0.009511
0.824816 0.751182 0.009534
0.844147 0.746644 0.009554
0.862664 0.741054 0.009608
