644.17 1999.38 19
655.89 1975.29 18
693.31 1931.47 19
710.12 1914.53 18
725.77 1888.87 18
741.01 1867.41 18
760.67 1841.40 19
778.39 1818.21 20
790.10 1794.49 18
802.12 1773.96 20
821.96 1750.35 19
836.97 1729.92 19
851.62 1697.88 18
869.73 1681.30 19
884.08 1655.26 20
900.03 1633.67 18
915.19 1605.10 18
926.00 1584.68 18
947.35 1558.65 18
961.84 1537.35 18
978.73 1517.60 19
992.75 1493.74 19
1011.79 1467.56 19
1025.35 1446.54 18
1040.32 1421.18 19
1058.17 1401.27 19
1077.21 1377.12 19
1092.38 1356.63 19
1109.21 1333.54 18
1126.45 1311.74 19
1146.52 1288.55 19
1162.86 1269.67 18
1177.73 1251.89 18
1200.22 1223.81 18
1223.44 1210.51 19
1238.59 1190.78 18
1257.97 1171.01 19
1282.97 1150.79 19
1296.86 1129.99 18
1321.89 1114.92 19
1339.26 1100.10 18
489.86 2124.68 13
495.00 2115.49 12
505.34 2105.56 12
513.73 2101.70 13
519.57 2093.16 13
527.35 2083.39 13
538.14 2076.92 12
542.10 2066.43 12
550.48 2059.29 12
562.01 2053.06 13
566.18 2046.08 13
573.42 2037.65 14
583.64 2027.71 14
590.44 2018.92 13
597.06 2011.29 12
602.22 2005.12 13
613.79 1998.02 13
618.98 1992.02 12
627.55 1973.52 13
635.40 1969.17 13
643.64 1960.80 13
648.18 1951.64 13
656.30 1945.98 12
663.04 1933.72 12
669.60 1927.53 13
677.13 1917.84 13
684.57 1911.97 12
689.78 1901.64 13
695.60 1887.16 13
704.90 1880.94 12
707.96 1873.20 13
718.02 1862.98 13
722.86 1854.34 13
730.91 1845.13 14
739.87 1834.67 12
743.98 1827.56 13
750.85 1818.35 13
755.56 1806.73 13
763.36 1800.43 13
769.77 1787.98 13
773.48 1781.00 13
780.86 1772.21 14
787.11 1762.71 13
792.81 1751.04 13
804.10 1740.34 13
805.98 1733.96 12
812.40 1724.52 13
818.14 1712.00 13
490.44 2092.17 17
512.64 2074.17 19
531.91 2052.92 19
549.63 2035.66 18
576.05 2017.49 19
589.32 1991.36 18
608.60 1971.08 19
623.64 1951.42 18
645.46 1923.87 19
659.26 1910.10 18
674.93 1886.06 19
693.02 1865.69 19
707.48 1841.99 18
724.30 1816.87 20
737.94 1794.38 18
762.66 1772.32 20
772.16 1747.11 20
788.93 1721.20 18
807.15 1703.60 20
822.04 1679.28 19
835.33 1652.74 19
850.45 1627.72 19
864.80 1606.35 17
882.27 1582.80 18
898.42 1558.56 18
908.98 1536.14 19
927.74 1513.52 17
941.95 1486.96 18
935.45 1460.16 19
971.91 1439.76 18
990.90 1417.91 19
1008.70 1397.95 19
1024.08 1370.62 18
1041.70 1350.35 19
1055.95 1329.39 19
1094.10 1285.23 19
1111.78 1266.77 18
1130.21 1246.84 19
1150.67 1228.51 18
1163.05 1206.10 18
1183.90 1181.58 19
1207.37 1162.88 19
1223.44 1143.30 18
1244.47 1130.26 17
1266.37 1105.97 19
1284.28 1085.46 19
1305.59 1074.01 20
451.98 2096.15 11
461.13 2083.40 11
475.50 2072.42 11
485.54 2059.94 10
496.36 2046.67 11
509.23 2038.36 11
519.35 2023.76 11
529.22 2015.01 12
540.47 2002.49 11
551.08 1990.59 11
563.32 1979.67 11
572.72 1968.65 11
582.78 1955.19 11
592.60 1940.50 11
602.90 1930.55 11
612.93 1919.02 11
623.34 1906.67 11
636.40 1892.32 11
645.37 1881.72 11
652.72 1868.41 11
663.64 1853.64 12
672.10 1841.81 11
683.54 1827.73 11
691.44 1816.77 11
700.02 1802.37 11
710.03 1790.23 11
719.37 1775.82 11
729.64 1767.28 11
736.80 1746.81 11
749.22 1734.39 10
755.50 1722.48 11
765.62 1709.74 11
772.67 1697.38 10
782.16 1680.62 11
789.81 1670.09 11
799.86 1654.79 11
808.18 1639.63 11
816.06 1628.27 11
825.44 1615.92 11
835.22 1600.40 11
842.48 1585.35 11
849.86 1571.17 11
861.32 1558.54 10
878.95 1533.11 10
577.10 1946.39 19
597.15 1922.60 18
611.32 1901.67 19
627.07 1879.69 19
640.86 1855.53 18
663.31 1838.03 19
679.44 1815.90 19
696.62 1792.60 17
741.40 1778.27 20
729.22 1744.15 18
740.23 1721.80 19
758.08 1700.19 19
773.77 1676.95 19
790.58 1651.26 19
802.21 1626.01 18
820.45 1606.48 19
834.66 1581.25 17
847.30 1555.68 19
865.60 1532.52 17
879.85 1511.15 19
896.07 1482.85 19
913.36 1462.97 19
928.90 1440.80 18
940.64 1415.64 19
960.30 1390.69 18
977.87 1370.76 19
989.60 1349.87 19
1005.54 1327.13 19
1025.81 1300.87 18
1043.74 1283.63 18
1063.31 1258.85 18
1081.08 1236.50 17
1096.51 1218.35 18
1112.24 1198.88 19
1139.32 1175.23 19
1150.86 1159.39 18
1169.10 1136.32 18
1195.49 1118.56 19
1213.31 1099.85 17
1230.45 1085.27 19
1255.57 1063.77 17
1279.15 1045.45 19
542.61 1913.33 18
562.99 1894.43 19
579.86 1874.20 19
597.43 1856.00 18
612.98 1833.60 18
634.29 1806.22 18
625.44 1839.81 19
663.21 1759.75 18
679.73 1742.38 19
694.43 1718.45 18
713.67 1692.54 18
739.79 1647.60 18
757.03 1621.69 18
772.65 1604.67 18
768.65 1563.32 19
798.90 1548.88 19
819.72 1528.20 19
835.18 1498.37 18
847.76 1480.61 18
863.19 1456.76 18
877.99 1434.41 17
893.76 1410.80 18
910.94 1391.01 17
927.63 1365.31 18
940.69 1336.59 18
960.42 1321.15 18
977.45 1292.18 19
994.41 1275.15 19
1012.53 1256.05 19
1029.92 1233.98 17
1043.99 1212.12 19
1066.45 1190.00 19
1078.96 1167.67 18
1099.73 1147.73 18
1122.71 1126.82 18
1145.46 1110.23 19
1156.22 1108.13 18
1178.86 1073.85 19
1203.31 1053.38 18
1223.05 1033.32 16
1246.48 1014.30 19
510.72 1886.08 18
532.04 1866.00 19
546.10 1848.21 19
565.20 1827.64 18
581.88 1799.47 18
600.48 1774.57 19
615.69 1755.14 18
630.79 1734.76 18
651.31 1711.12 18
662.42 1690.85 19
681.74 1661.83 18
697.12 1637.25 18
714.46 1618.65 18
725.81 1594.16 20
739.86 1574.24 19
758.78 1544.00 19
774.39 1523.98 19
790.31 1500.06 19
802.15 1474.57 18
817.99 1453.75 18
832.63 1427.83 20
847.41 1404.93 18
864.51 1383.14 18
880.04 1363.11 19
895.13 1336.31 19
914.31 1309.99 19
927.20 1292.18 17
943.93 1271.65 18
961.50 1244.49 19
981.00 1225.31 18
1000.48 1203.32 20
1012.97 1185.66 18
1033.90 1162.66 18
1054.47 1145.00 18
1074.05 1119.46 19
1090.41 1101.89 20
1110.37 1077.80 19
1131.15 1061.05 18
1148.83 1040.76 19
1175.74 1025.70 19
1192.46 1005.16 18
1214.67 989.17 20
407.49 1939.10 18
427.22 1919.42 18
448.55 1897.85 19
465.18 1880.22 19
484.82 1859.10 17
502.91 1837.07 19
520.80 1816.06 18
535.64 1787.45 18
552.36 1774.59 18
574.73 1746.30 18
588.02 1712.40 19
601.73 1705.96 18
621.08 1685.10 18
634.14 1656.02 18
651.35 1630.63 19
671.92 1611.03 18
681.24 1587.79 19
693.34 1562.22 19
712.39 1536.68 19
727.50 1516.38 17
741.43 1494.42 19
757.17 1476.58 17
753.62 1454.95 19
787.35 1425.23 19
804.26 1400.70 19
818.66 1372.35 19
833.84 1352.82 18
849.17 1329.43 19
867.19 1302.59 18
887.29 1283.20 19
897.03 1258.02 19
917.14 1234.14 19
937.91 1215.92 19
954.65 1195.16 18
972.16 1172.94 19
985.28 1149.33 19
1003.68 1133.13 20
1027.72 1116.09 19
1041.04 1088.75 19
1059.63 1073.72 18
1068.45 1042.09 18
1101.53 1031.26 18
1119.84 1009.44 20
1142.45 993.34 20
1164.18 976.52 19
1183.34 954.67 19
449.59 1826.40 19
473.30 1808.11 19
490.89 1783.32 18
508.83 1762.75 19
527.68 1740.08 18
540.85 1715.26 19
554.83 1690.60 19
575.78 1672.31 19
591.55 1649.81 19
606.51 1625.81 19
621.89 1606.07 18
638.65 1580.77 18
651.79 1556.00 18
668.83 1531.50 19
682.78 1510.05 18
697.02 1485.23 19
715.27 1460.68 18
729.19 1440.98 19
744.99 1415.04 19
758.76 1392.91 19
776.90 1368.44 19
790.69 1343.14 18
805.29 1320.76 19
819.32 1295.43 17
840.98 1276.51 19
853.72 1253.19 19
869.95 1232.69 19
889.71 1205.54 19
906.09 1185.46 19
921.07 1165.35 18
940.86 1144.76 19
957.42 1120.70 18
975.81 1103.39 19
999.29 1080.01 20
1015.56 1061.61 18
1032.67 1039.91 18
1055.00 1018.81 19
1069.92 1001.42 19
1090.56 982.64 19
1114.31 960.97 18
1135.34 942.84 18
1156.41 928.20 19
407.42 1816.82 19
429.45 1790.69 18
448.24 1773.75 18
464.94 1754.59 19
481.39 1728.23 18
497.86 1713.36 17
514.40 1684.70 18
530.92 1667.16 19
546.43 1641.48 19
564.52 1617.85 19
577.48 1597.05 18
594.80 1570.48 18
610.05 1549.33 17
625.34 1521.18 18
643.35 1502.61 18
655.12 1477.37 18
667.67 1450.02 19
688.07 1427.34 17
701.08 1406.52 19
716.43 1382.43 19
730.77 1358.72 18
750.30 1337.13 18
764.61 1312.45 18
778.03 1289.60 19
796.14 1268.42 19
808.03 1243.68 18
825.05 1220.65 19
842.91 1199.65 18
858.25 1175.60 19
875.38 1154.33 19
894.38 1134.66 17
909.31 1113.98 18
934.52 1090.02 18
946.26 1065.79 18
967.26 1049.55 18
986.67 1027.60 18
1007.36 1010.07 19
1027.96 991.02 19
1047.42 968.19 19
1063.40 949.52 19
1089.51 932.60 18
1107.81 914.84 18
1129.50 896.92 17
418.30 1744.68 18
429.99 1719.33 19
452.43 1697.23 19
470.49 1676.26 19
489.35 1655.87 20
499.17 1629.56 19
516.10 1610.57 19
534.02 1585.46 19
550.65 1562.05 20
565.95 1545.75 18
580.61 1517.67 17
595.10 1494.32 19
610.98 1475.06 18
627.31 1445.84 19
641.32 1420.09 18
657.00 1394.16 18
666.46 1377.97 18
680.72 1352.26 17
702.91 1326.45 18
714.77 1305.10 19
736.95 1282.24 19
750.14 1256.99 20
763.46 1231.48 19
780.92 1218.97 18
796.17 1189.02 18
813.56 1167.44 20
830.43 1148.77 19
851.32 1121.66 19
865.43 1102.66 19
882.22 1078.91 19
898.74 1059.85 18
922.17 1037.25 18
936.04 1017.55 18
957.02 998.65 19
974.45 970.44 18
996.03 961.25 19
1017.15 937.31 19
1036.07 916.91 19
1058.58 896.38 17
1077.67 883.15 19
1101.91 863.53 19
333.07 1775.19 19
353.73 1754.23 20
369.21 1735.77 19
386.73 1717.89 19
402.29 1691.52 18
420.83 1673.03 19
438.52 1647.45 19
455.72 1626.43 18
471.51 1601.31 20
486.75 1583.53 19
504.06 1552.41 20
519.79 1534.62 18
537.03 1510.52 19
551.37 1488.39 17
566.35 1468.22 18
581.19 1436.79 19
594.59 1416.29 18
611.66 1395.66 18
629.48 1369.87 18
644.01 1344.71 18
655.75 1322.76 19
671.15 1298.06 19
688.85 1278.87 20
699.76 1246.32 18
719.31 1229.76 18
737.62 1203.85 18
754.76 1179.95 18
769.05 1159.24 19
785.20 1135.08 20
807.40 1118.21 18
822.25 1097.91 18
825.43 1054.58 18
854.43 1051.59 18
870.89 1027.66 18
893.10 1006.85 19
906.83 992.37 19
930.49 968.68 19
944.37 945.25 18
967.69 927.84 17
985.06 910.80 18
1006.36 890.88 19
1028.52 871.35 18
1047.69 850.74 19
1067.08 829.34 19
554.20 586.12 11
562.12 589.76 10
572.26 592.83 11
584.36 600.90 10
591.49 603.20 11
602.34 610.58 10
611.18 611.07 10
620.56 615.94 10
631.79 624.78 11
638.51 625.73 11
649.66 633.09 11
659.12 636.14 12
669.91 644.42 11
677.92 647.84 10
687.67 652.23 11
695.39 655.92 10
706.57 660.73 11
717.01 665.33 11
724.62 668.40 10
735.19 672.93 10
748.28 681.96 11
752.72 681.26 10
763.54 686.65 10
770.19 686.38 11
781.79 692.46 10
790.41 695.85 10
799.22 698.81 10
806.82 698.81 11
816.13 703.77 11
826.10 705.13 10
832.89 706.52 11
844.65 707.68 10
848.76 705.48 10
868.15 712.23 10
873.80 711.54 11
886.97 713.27 10
891.89 711.51 10
901.71 713.37 10
908.33 710.67 10
541.86 560.61 11
551.93 567.43 11
561.03 571.76 10
571.24 575.64 11
582.37 580.25 10
590.77 584.73 11
602.55 589.96 11
610.64 592.79 11
618.50 598.18 11
630.58 606.10 10
636.33 606.42 11
648.28 614.01 11
658.90 619.98 10
667.25 623.80 11
675.45 627.05 10
686.71 631.98 10
697.33 638.44 11
704.11 640.80 11
714.11 644.37 11
722.98 648.44 11
733.57 653.54 9
736.52 652.86 11
751.39 660.40 11
763.40 666.04 10
771.33 670.39 11
778.78 670.82 10
787.42 673.32 11
796.13 676.49 10
804.77 677.97 10
813.07 679.34 10
820.76 681.15 12
830.15 682.26 11
840.85 685.73 10
849.38 686.39 11
860.19 689.66 10
862.08 685.94 11
872.23 687.35 11
881.37 688.72 12
890.80 688.76 10
900.10 688.05 11
906.72 685.57 10
917.07 688.71 11
923.60 688.76 11
929.76 688.12 12
937.49 685.40 10
947.52 685.83 11
954.55 683.43 11
964.64 683.24 10
532.17 539.02 10
540.01 541.49 10
553.18 550.12 12
560.61 552.51 12
573.75 560.55 10
580.07 561.67 10
589.52 567.46 10
598.02 568.11 10
610.38 578.49 11
618.66 579.82 11
636.04 588.85 11
648.05 595.79 10
659.78 601.95 10
667.49 604.24 10
676.27 609.57 10
684.76 613.44 10
694.90 617.57 10
702.57 621.67 11
713.08 625.31 11
721.62 631.36 11
733.41 636.21 10
740.60 637.29 11
750.47 642.69 10
759.30 645.37 11
768.96 649.43 10
775.91 650.19 11
786.34 650.94 9
795.00 655.84 10
803.48 657.25 10
811.99 656.56 10
820.36 659.20 11
831.20 660.71 11
836.53 661.94 10
847.20 664.84 11
853.75 666.97 10
864.42 664.15 11
872.31 665.67 10
879.39 665.67 9
888.33 665.60 10
893.27 663.54 9
904.69 660.70 11
912.05 662.31 11
916.67 662.15 10
926.71 660.54 10
935.32 661.92 10
525.35 522.45 6
531.21 525.49 5
536.57 528.40 6
541.33 530.50 6
547.47 532.89 5
552.29 535.04 5
558.28 539.29 5
561.41 537.78 5
568.74 543.22 6
574.29 545.79 6
580.04 548.13 5
583.60 550.11 5
589.48 552.63 5
595.74 556.58 6
606.75 562.36 6
612.17 563.93 6
617.58 567.21 5
622.59 569.86 5
634.15 574.22 5
633.82 575.22 6
638.43 577.40 5
643.87 579.71 5
650.27 584.29 5
655.72 587.35 6
661.35 589.93 5
666.15 592.70 6
671.85 595.17 6
677.27 597.92 5
681.44 598.97 6
687.78 601.89 6
692.85 604.60 5
713.98 619.67 6
703.24 608.93 5
708.66 610.90 5
713.92 613.84 5
719.43 616.84 5
725.62 618.81 5
728.61 621.01 6
735.49 623.77 6
521.31 513.47 10
532.37 521.40 11
541.21 523.11 9
548.80 526.67 10
556.47 529.10 11
571.41 539.23 10
577.98 540.25 10
590.54 548.61 11
596.07 549.15 11
607.48 556.56 11
617.53 562.51 10
626.97 565.23 12
636.54 570.58 11
644.91 576.80 12
654.77 581.69 11
665.38 585.82 9
672.46 587.61 10
684.64 596.29 11
694.31 600.56 9
702.32 602.03 11
713.27 607.35 11
722.72 611.36 11
730.59 616.07 11
738.96 615.63 11
749.12 621.70 9
757.31 624.97 9
767.01 626.69 10
776.24 633.27 11
786.04 634.56 10
793.01 634.85 11
801.53 634.42 11
811.03 639.66 11
819.59 639.90 10
828.77 639.58 11
833.98 639.43 11
845.85 643.09 11
853.08 641.17 11
860.15 640.93 11
870.07 643.38 10
875.06 638.55 12
885.10 641.67 10
893.72 640.94 10
900.13 640.05 11
910.05 639.93 11
510.80 489.89 11
523.34 499.98 10
531.10 500.45 10
539.99 505.40 10
550.48 508.21 11
560.13 513.49 11
570.11 518.55 11
578.62 523.01 11
588.92 530.17 10
597.61 531.69 10
608.77 538.16 11
612.74 538.82 11
628.74 548.33 11
635.15 553.10 10
643.57 556.07 11
655.14 561.30 10
664.56 566.70 11
671.86 572.93 12
680.72 573.18 11
693.89 578.80 10
703.11 582.19 11
710.85 587.60 11
720.04 590.55 10
728.10 595.03 11
739.16 599.16 9
748.62 599.46 10
754.60 602.69 10
766.42 607.06 10
774.68 607.76 11
782.28 609.79 10
791.42 612.01 11
801.33 613.15 10
811.04 618.12 10
817.40 617.77 11
827.04 617.79 10
835.79 618.32 10
842.73 617.35 11
853.05 620.40 10
859.10 617.45 10
866.75 618.46 10
875.50 617.69 10
880.82 614.55 12
891.65 616.97 11
901.37 618.48 11
503.11 471.59 10
513.05 474.09 11
523.30 478.55 10
532.35 481.60 11
541.51 486.03 11
550.93 492.42 11
561.10 494.91 10
568.84 501.29 11
588.93 508.73 9
599.14 515.70 10
605.66 518.16 10
617.23 524.38 11
626.52 529.70 11
636.94 535.70 11
645.44 538.36 10
655.25 543.43 10
666.79 549.32 10
674.44 551.87 10
682.73 555.17 10
694.66 561.19 10
700.44 564.00 11
713.07 569.15 11
720.27 571.90 9
729.17 574.98 11
740.63 580.29 10
747.84 581.53 10
755.96 580.80 10
764.84 584.23 10
775.87 589.02 11
783.95 590.01 11
792.62 591.81 10
801.35 593.03 10
807.98 593.46 10
815.89 592.54 10
825.98 595.21 12
832.63 595.33 11
843.52 594.69 11
848.91 593.99 11
860.18 594.40 11
864.72 594.56 10
874.26 594.58 9
494.61 443.34 11
505.09 450.57 11
513.50 453.65 12
524.55 458.90 12
533.50 463.48 10
541.22 466.08 11
552.26 472.10 10
563.88 477.49 11
574.32 482.57 11
580.02 486.85 11
591.29 491.54 11
599.70 494.81 10
608.32 500.83 11
619.63 506.61 11
628.19 511.77 10
638.66 516.94 11
647.07 519.72 10
658.01 525.17 11
665.12 527.62 10
676.76 535.49 11
682.60 535.55 11
693.42 538.62 10
706.65 546.90 11
711.38 550.11 11
721.98 551.67 12
730.81 555.10 11
739.24 558.69 10
749.22 562.28 10
756.84 560.41 9
767.79 565.08 10
778.20 568.64 11
785.77 567.38 11
793.55 568.18 11
802.19 569.86 10
811.34 570.21 10
818.94 571.95 11
825.47 571.62 11
835.18 571.08 11
841.51 571.28 10
852.77 573.08 11
859.29 571.75 10
868.28 572.23 10
873.77 571.14 10
882.32 571.67 11
889.51 566.78 10
490.85 424.30 11
498.00 438.47 12
508.08 431.43 11
517.57 433.82 9
527.17 439.72 11
536.47 444.76 11
546.43 449.21 10
555.65 454.58 10
564.26 458.59 9
575.59 465.83 9
585.19 470.81 10
594.30 475.89 10
602.68 478.70 9
612.92 483.81 11
622.24 489.00 11
630.22 490.92 11
640.91 499.66 9
647.56 502.53 11
661.22 507.04 11
668.87 510.43 11
679.06 515.46 11
689.86 520.54 11
694.78 521.02 10
706.18 526.56 10
715.73 529.95 10
725.73 532.86 11
733.87 535.69 11
740.88 536.97 11
752.74 541.47 10
758.27 541.17 12
768.14 543.86 9
779.01 546.00 12
786.54 548.40 10
796.34 545.51 10
802.80 546.91 10
811.15 547.97 9
819.39 548.28 10
828.56 551.23 11
837.14 552.79 11
843.72 548.70 10
854.19 549.71 11
862.31 548.73 11
868.27 548.18 11
875.64 545.99 11
884.90 546.81 10
891.44 544.39 10
900.99 543.10 10
905.73 541.74 10
915.39 543.38 10
923.86 542.26 11
484.78 404.13 11
496.04 407.87 11
502.81 408.81 11
511.04 412.29 10
521.88 418.09 11
532.91 424.40 11
547.83 429.28 10
549.98 433.32 11
561.89 437.93 9
569.72 439.88 10
579.53 447.62 10
587.70 450.81 11
593.78 450.49 11
609.21 462.46 11
619.00 467.99 11
627.29 472.54 10
635.54 474.49 12
644.97 479.35 10
654.84 485.52 10
664.34 496.08 11
673.86 493.92 11
682.76 495.63 10
701.94 503.01 10
709.64 505.27 10
720.88 510.97 11
727.04 512.08 11
736.58 513.72 11
744.84 516.87 10
754.44 518.02 10
765.22 521.43 9
772.08 521.07 11
780.47 523.58 10
790.33 528.07 10
798.84 526.37 10
806.92 529.30 12
815.43 527.26 10
821.57 529.42 11
831.98 529.67 10
840.19 527.55 10
848.20 527.04 10
856.00 528.95 11
862.24 525.91 11
872.84 526.01 11
879.19 525.08 11
889.59 524.30 10
896.61 522.14 10
482.03 380.80 10
491.47 384.98 11
497.81 384.51 11
510.84 394.60 10
518.25 397.68 10
529.64 403.97 11
536.04 407.32 10
547.20 411.34 11
554.04 413.69 10
564.55 418.15 10
573.71 423.51 10
584.65 430.49 10
595.76 435.21 12
605.22 442.57 10
613.17 442.70 10
622.23 450.00 11
632.97 454.25 11
641.71 459.55 11
652.32 465.53 10
662.04 467.62 12
670.91 471.76 11
680.89 474.98 10
688.67 479.64 12
697.47 482.06 10
707.10 484.21 10
716.48 487.71 11
725.58 490.29 10
733.22 493.11 11
743.41 497.28 10
751.73 499.74 11
760.99 498.49 11
769.67 501.89 11
777.14 502.32 10
786.77 502.91 11
794.72 505.80 11
803.68 504.96 10
810.49 506.45 10
820.90 508.03 10
827.89 507.96 11
835.53 506.22 11
843.44 505.34 10
479.37 359.86 11
486.44 360.42 10
497.94 365.99 10
504.75 366.73 9
514.20 374.63 10
523.51 380.73 11
535.32 385.20 10
545.50 387.72 10
553.85 392.86 11
563.34 398.16 10
574.32 405.71 11
579.39 405.97 9
590.02 413.25 10
599.18 417.23 11
610.22 421.61 10
620.00 425.69 11
627.99 431.71 12
638.28 435.96 12
648.38 440.33 11
657.76 443.06 11
669.14 452.16 10
675.86 451.84 11
686.33 455.91 10
696.04 463.79 10
705.37 465.86 10
713.75 467.59 10
728.92 465.46 11
729.30 471.83 10
737.71 472.02 10
760.65 477.24 11
766.60 479.78 10
775.41 482.92 10
783.02 479.81 10
792.25 482.88 10
799.35 483.68 10
807.19 482.09 10
817.27 484.70 11
825.47 484.01 12
832.35 482.44 10
477.61 337.79 11
484.75 340.09 10
496.15 345.89 10
503.26 350.40 11
511.80 352.42 9
522.53 356.42 11
531.27 361.52 9
540.89 368.58 11
550.29 372.37 10
562.09 376.24 10
571.07 379.21 10
573.96 382.70 10
589.68 392.78 9
600.74 397.97 11
608.23 400.96 11
617.74 405.54 10
627.33 409.97 10
637.72 416.22 10
647.66 419.09 11
658.66 425.80 11
665.64 429.12 11
675.89 434.10 11
684.67 435.16 10
695.78 440.08 11
700.75 442.96 11
711.11 445.78 10
723.03 450.34 11
728.88 451.06 10
738.81 453.74 10
749.05 455.64 11
753.79 454.98 12
764.42 456.54 11
771.05 459.77 10
779.83 462.37 10
789.43 462.12 10
797.20 460.65 10
805.50 461.93 11
814.08 463.54 11
821.59 465.14 12
829.58 461.16 10
474.28 316.88 11
481.88 319.05 10
491.97 324.62 11
502.59 330.26 11
512.02 332.26 11
520.97 335.56 10
530.96 344.02 11
539.63 344.60 9
550.56 351.12 10
558.52 354.82 11
568.09 360.04 10
577.62 364.67 10
587.58 372.28 10
598.96 373.84 10
605.64 378.62 11
617.31 383.41 10
627.92 390.43 10
635.84 396.25 12
644.32 397.92 10
655.54 401.91 10
662.22 406.31 11
673.52 412.55 11
681.51 414.58 10
690.59 416.55 11
699.14 420.94 10
710.11 424.54 10
718.62 426.88 11
726.81 429.48 10
735.97 432.51 10
742.53 432.40 10
751.81 435.11 11
762.59 436.97 11
769.73 438.97 10
779.10 438.71 11
787.02 442.01 10
794.78 439.15 11
804.46 441.45 10
811.74 439.59 11
819.57 440.90 11
827.07 438.48 11
836.30 440.63 10
842.07 440.29 11
856.42 446.65 10
859.10 436.32 12
869.33 439.19 11
875.16 436.48 9
883.75 434.78 10
892.71 433.76 10
900.01 432.59 11
469.76 292.35 10
480.28 298.42 11
490.22 301.02 10
498.30 306.14 10
509.26 310.24 11
517.78 313.87 10
527.60 320.67 10
538.89 325.02 11
548.93 330.10 10
555.87 332.23 10
566.32 339.45 11
587.58 354.82 11
585.13 348.25 10
594.62 352.48 8
604.39 356.84 11
623.76 369.47 10
634.93 374.87 10
642.63 374.05 10
652.13 382.63 12
659.79 382.95 10
671.57 390.86 11
678.21 389.95 10
688.20 395.27 11
697.14 400.76 10
708.48 403.67 11
717.37 405.97 12
724.49 406.36 11
733.24 409.16 11
740.76 409.67 11
750.43 414.46 11
760.67 415.90 9
768.74 417.42 12
778.15 417.83 11
784.01 418.74 11
793.53 417.60 11
802.34 419.52 11
810.71 417.14 11
810.37 420.27 10
827.93 420.08 12
834.86 419.91 10
842.43 416.49 10
850.10 416.14 10
858.29 415.81 10
864.95 414.71 10
874.35 414.12 10
883.30 413.44 11
468.36 270.93 11
478.04 275.65 11
488.55 280.81 9
497.31 282.65 11
506.84 288.09 11
515.95 295.60 11
526.05 300.08 12
533.00 301.01 11
545.76 307.10 11
553.62 313.02 9
562.11 315.83 10
573.32 322.79 10
582.29 326.04 11
590.53 331.91 11
603.58 338.46 10
610.07 339.58 11
620.89 345.41 11
630.04 349.66 10
637.01 352.30 12
647.69 359.66 10
661.70 372.38 9
669.19 367.89 11
677.59 370.12 10
685.21 374.81 11
694.69 378.18 10
703.79 380.47 10
722.65 387.76 11
731.17 390.75 10
739.16 390.74 11
748.63 390.13 10
756.01 393.42 10
765.74 393.62 10
773.88 396.42 10
781.19 395.22 10
789.50 393.43 11
799.64 398.55 10
806.95 397.81 11
814.69 396.29 10
822.16 397.80 11
832.50 400.05 10
839.23 396.42 11
847.00 395.66 12
463.68 250.82 10
474.94 254.70 10
482.99 255.94 11
493.15 264.07 10
500.93 263.89 10
509.99 268.25 11
518.15 271.29 10
530.74 279.74 10
546.84 288.31 11
570.32 300.49 10
577.01 306.11 11
587.78 311.23 11
598.06 314.53 11
604.38 317.02 10
616.82 323.66 11
624.88 326.85 10
635.57 334.01 11
645.21 338.61 10
653.56 340.68 10
664.31 344.42 10
670.74 346.62 11
682.13 352.88 12
690.45 356.05 10
699.95 360.02 10
708.15 362.62 10
717.70 362.72 11
725.37 364.00 12
734.15 367.81 10
743.14 368.66 10
751.05 373.43 10
760.27 373.59 10
770.52 374.90 11
787.03 374.74 11
792.97 372.45 11
803.92 376.40 11
808.80 374.34 10
819.66 375.08 10
827.79 374.72 10
834.42 374.06 11
842.08 371.56 10
849.44 371.97 12
857.46 374.66 11
865.18 370.25 11
875.59 368.51 11
871.24 365.00 11
890.87 369.30 11
459.51 227.94 11
469.08 231.26 11
476.27 233.86 10
487.28 241.90 11
495.93 245.68 10
505.40 247.98 12
515.73 250.90 11
525.21 259.92 11
533.93 263.87 10
544.39 266.81 11
553.80 272.85 12
564.88 280.32 11
572.85 282.12 11
584.41 289.05 9
592.17 291.24 11
602.55 297.21 11
608.27 298.58 10
622.45 306.51 11
631.72 311.22 11
639.91 318.97 11
648.42 318.54 12
657.28 323.63 10
665.43 324.74 10
677.31 330.24 10
686.76 333.19 10
695.14 334.34 11
704.73 338.97 11
713.09 342.49 12
719.68 343.45 11
727.25 346.09 10
737.75 344.30 11
745.54 348.11 10
755.22 349.83 11
766.57 353.74 10
772.37 350.43 10
788.25 357.18 11
789.70 351.65 9
796.85 352.18 9
805.13 353.00 12
813.48 354.02 9
819.42 350.65 11
830.18 347.38 11
836.99 347.31 11
844.40 348.72 10
853.20 347.54 11
860.36 347.33 10
450.74 205.88 11
462.85 211.08 12
471.97 211.57 11
480.55 217.03 11
490.65 223.76 10
498.52 224.36 10
509.04 230.54 10
516.59 235.53 11
528.95 239.68 10
540.01 247.63 9
548.03 251.82 11
556.45 255.73 11
565.64 260.59 9
573.66 263.06 10
584.91 270.41 11
593.99 274.30 10
606.04 281.30 10
614.15 283.52 11
623.22 289.18 10
632.53 293.20 10
641.25 297.05 10
652.01 299.51 11
661.27 304.55 9
669.27 306.86 10
678.71 310.71 11
686.18 313.89 10
695.43 314.10 10
706.37 318.58 9
715.87 322.49 10
723.99 325.02 10
731.18 322.93 10
740.62 326.01 10
749.72 328.04 11
759.80 332.24 11
764.38 330.03 10
774.90 328.91 10
782.48 328.56 12
791.18 328.90 11
798.90 329.78 9
807.51 328.49 10
815.27 328.73 10
823.12 329.43 11
830.54 328.83 11
838.35 328.77 11
856.08 326.91 10
863.27 323.79 11
871.01 323.81 10
446.08 190.27 7
452.14 192.02 7
462.11 196.47 7
467.50 197.64 7
473.30 201.24 7
481.45 205.90 7
486.79 207.79 7
493.82 209.70 6
501.10 214.19 7
507.61 217.48 7
513.17 220.29 7
519.02 223.19 7
527.70 227.70 6
533.81 229.99 7
539.00 228.30 7
548.47 238.32 7
556.27 242.75 6
562.39 245.43 7
569.83 248.62 8
577.46 254.68 7
584.14 256.54 7
590.98 260.54 8
597.86 264.46 7
603.06 264.94 6
610.74 269.45 7
616.61 271.77 7
621.67 273.08 8
630.08 277.52 7
637.90 281.36 6
644.26 285.46 7
649.85 284.41 7
657.40 290.14 7
665.08 292.58 7
668.62 295.56 7
665.58 293.10 7
683.73 299.06 6
689.46 300.55 7
695.47 302.27 7
702.98 304.00 6
708.30 305.02 7
722.63 310.07 7
726.42 310.16 6
756.19 314.13 7
763.44 315.09 7
768.08 314.77 6
775.17 313.27 7
779.92 313.80 7
785.13 315.10 7
791.53 316.11 7
799.64 315.78 6
803.54 315.71 7
811.57 315.28 6
815.45 313.58 7
821.35 314.05 7
828.63 314.54 7
833.29 313.69 6
838.88 312.68 8
844.26 310.23 7
849.16 310.10 6
855.73 311.21 7
861.17 309.66 7
867.51 309.55 7
872.83 308.32 7
878.15 307.53 8
883.93 306.44 6
887.77 304.01 7
897.60 306.31 8
900.88 303.60 7
906.04 303.93 6
912.45 303.77 8
917.10 302.73 7
924.95 303.08 7
930.96 303.15 7
936.15 304.47 8
940.49 299.99 7
946.42 301.47 7
952.14 300.75 7
951.68 299.57 7
962.82 301.53 8
969.39 300.59 7
976.80 303.33 7
982.49 302.59 7
988.70 303.62 7
995.06 304.67 7
999.64 304.88 7
1007.23 308.01 7
1013.56 310.82 7
1019.74 310.10 6
1025.66 310.65 7
1033.84 314.71 8
445.57 182.18 11
455.04 187.06 11
465.31 190.52 10
473.23 195.77 9
481.07 197.89 10
492.42 206.04 11
503.75 212.56 11
510.34 212.35 10
519.95 217.25 10
526.06 219.85 11
537.58 226.34 10
549.28 233.99 10
561.76 238.87 10
568.32 242.82 11
575.56 245.65 11
587.85 251.55 12
596.74 255.82 10
606.87 260.99 11
616.85 266.42 10
622.75 268.45 10
634.53 275.79 10
641.97 275.94 11
652.22 279.38 12
659.57 283.04 11
670.74 288.29 9
680.11 291.80 11
685.41 290.34 10
697.57 295.08 10
706.26 298.49 10
715.12 298.37 10
723.86 301.50 10
732.56 302.21 11
740.46 305.25 11
748.78 304.57 10
758.50 306.04 11
767.47 307.36 11
773.37 306.58 11
781.87 307.05 11
790.09 305.63 11
797.78 307.82 10
807.35 304.96 10
816.53 308.31 10
823.72 305.02 12
831.07 305.98 11
838.11 303.97 11
845.70 304.01 10
855.40 300.39 11
436.71 159.71 10
444.56 163.46 11
455.49 168.12 11
464.03 175.38 11
473.60 176.94 10
481.20 180.49 9
491.71 194.75 11
502.42 190.08 10
510.37 195.00 11
520.25 200.43 10
527.85 203.32 9
540.81 211.06 10
549.93 214.44 10
558.76 217.73 11
565.48 221.13 11
576.64 227.77 11
581.68 234.07 10
597.87 239.17 10
603.49 241.18 10
616.02 246.45 11
625.59 249.40 10
634.46 255.47 10
642.53 256.96 10
653.53 260.31 11
659.76 262.91 11
670.70 267.16 11
679.98 270.89 9
687.02 270.02 11
698.36 275.69 9
705.29 278.08 11
712.57 277.66 10
723.41 278.67 10
731.43 281.79 11
741.57 283.64 11
749.53 284.66 10
758.10 287.36 10
764.87 282.84 10
772.55 284.68 11
782.04 284.50 11
790.47 285.02 11
797.83 284.76 11
807.86 285.11 10
813.25 283.14 9
425.30 135.56 10
433.29 140.29 11
442.70 142.43 11
451.65 145.11 11
461.47 152.37 11
471.05 154.67 10
483.16 160.78 11
492.23 168.51 11
500.48 171.12 9
510.03 176.32 10
521.92 182.94 11
528.69 184.69 9
536.71 188.94 9
549.56 197.53 10
557.59 200.83 11
564.71 202.08 11
579.27 211.52 12
587.51 214.72 11
594.77 218.44 11
604.64 221.43 11
616.04 228.85 11
625.78 234.18 10
633.80 235.79 11
639.71 234.24 11
649.92 239.41 10
660.17 245.17 11
668.62 246.32 10
680.22 254.02 10
687.45 251.71 11
696.39 254.44 10
704.03 256.39 11
715.87 258.96 9
722.27 258.68 10
731.12 259.17 10
739.11 261.75 11
746.29 261.83 10
755.04 262.88 11
763.84 261.95 11
771.48 261.17 11
780.20 263.08 10
787.33 260.00 10
797.23 261.71 10
804.13 261.72 12
811.47 257.05 10
403.23 324.52 23
387.90 383.59 23
375.93 443.60 22
370.39 476.92 23
363.22 503.45 24
356.87 535.26 24
346.34 564.44 24
343.24 593.79 23
330.41 652.26 24
325.91 684.51 24
317.50 714.65 23
311.06 742.70 24
305.14 773.69 24
299.81 803.38 25
290.54 832.64 23
286.69 864.21 24
280.08 892.80 25
274.07 924.78 25
266.90 952.75 22
259.98 985.21 23
257.00 1013.42 23
250.31 1039.54 24
242.56 1073.97 23
235.24 1101.87 24
229.65 1132.30 24
211.67 1175.17 23
215.08 1191.64 24
209.79 1223.07 23
203.01 1253.68 24
199.25 1281.82 23
191.21 1311.53 24
183.68 1341.10 23
179.67 1370.68 24
172.61 1402.05 23
167.61 1430.85 25
159.40 1461.73 24
152.27 1492.68 23
143.74 1522.78 24
140.66 1551.05 23
135.32 1580.59 24
126.78 1610.61 24
1192.34 200.16 13
1191.03 210.38 13
1190.81 221.88 12
1188.19 234.98 13
1186.69 248.41 13
1185.90 259.33 12
1183.74 271.66 13
1184.07 282.34 12
1180.86 295.12 13
1180.89 308.30 13
1178.49 318.81 12
1177.03 330.11 12
1178.20 342.22 12
1177.43 355.99 13
1175.21 365.72 13
1174.85 376.98 12
1173.81 390.00 13
1171.96 402.12 12
1170.90 414.08 12
1171.57 424.46 12
1172.18 437.34 12
1170.64 450.25 13
1171.69 461.91 13
1170.28 474.07 13
1170.84 486.31 12
1169.47 496.77 13
1169.64 509.15 13
1169.33 522.32 13
1169.18 532.89 13
1169.13 545.26 13
1169.06 557.19 13
1168.60 570.12 12
1167.76 582.38 12
1168.09 593.75 12
1167.98 605.72 13
1166.54 615.42 13
1167.32 629.09 12
1168.07 641.98 12
1167.11 653.67 12
1167.04 663.04 12
1167.56 677.17 13
1166.94 689.03 13
1165.90 701.31 12
1165.67 712.68 13
1165.82 725.35 12
1164.94 736.76 13
1214.63 194.27 13
1213.27 205.74 12
1211.38 216.60 13
1210.42 229.79 12
1207.93 241.61 12
1208.89 254.51 13
1205.97 265.79 13
1203.01 277.21 13
1203.66 289.35 12
1201.97 301.48 12
1200.74 314.06 13
1198.61 324.82 12
1197.91 336.70 13
1197.12 347.30 13
1196.41 359.95 13
1196.16 371.86 13
1194.27 384.85 12
1194.58 396.45 13
1193.75 408.54 13
1192.60 419.69 13
1191.79 432.48 12
1192.05 444.73 13
1190.24 455.79 12
1192.13 467.53 13
1190.71 479.67 13
1190.77 491.79 13
1190.44 504.50 13
1191.26 516.01 13
1189.94 527.55 12
1190.14 539.97 13
1189.85 552.39 12
1188.53 564.58 13
1189.26 576.19 13
1189.47 587.71 13
1187.56 599.97 13
1187.25 610.61 12
1187.69 624.39 12
1188.01 635.89 13
1186.16 646.44 13
1187.50 658.73 12
1188.35 670.20 13
1186.75 683.92 13
1186.65 695.81 13
1186.60 707.92 12
1186.83 719.61 13
1236.06 200.67 13
1234.15 212.70 13
1232.00 224.23 13
1230.55 236.91 13
1229.11 246.71 12
1228.81 260.87 12
1226.68 271.84 12
1226.02 283.65 12
1224.23 295.47 12
1222.47 306.50 13
1221.91 318.86 13
1219.45 332.96 13
1216.69 353.44 13
1218.13 366.91 13
1216.18 377.60 12
1215.91 389.40 13
1214.29 401.79 13
1214.79 416.23 13
1213.66 438.93 12
1212.17 449.72 12
1212.07 462.62 12
1211.60 474.21 12
1210.87 485.98 12
1209.75 498.13 12
1211.82 511.05 12
1210.82 521.69 13
1211.13 534.02 13
1210.88 546.53 12
1210.13 558.57 13
1209.28 568.98 12
1208.96 581.11 13
1209.26 594.00 13
1209.06 605.72 13
1209.11 617.78 12
1208.60 631.07 13
1207.70 640.32 13
1208.60 652.69 12
1207.84 665.51 12
1207.76 678.20 12
1208.03 688.94 13
1207.80 702.30 12
1255.68 204.06 12
1254.56 217.62 13
1253.10 229.96 13
1251.63 242.09 12
1251.58 252.65 12
1249.04 264.77 13
1248.80 277.67 13
1245.65 287.84 12
1243.65 301.39 13
1242.97 311.62 13
1243.21 323.58 13
1240.28 336.34 12
1239.93 348.16 12
1239.56 359.63 12
1238.88 373.05 13
1236.98 383.20 12
1238.11 395.71 12
1236.26 407.22 13
1235.47 419.14 12
1235.52 431.49 13
1232.62 442.89 13
1231.97 454.24 13
1233.48 466.65 12
1232.52 479.36 12
1232.45 492.44 12
1232.50 503.15 12
1233.05 515.30 13
1230.10 525.36 13
1231.34 538.52 13
1232.67 551.36 13
1230.77 563.15 12
1231.19 575.58 13
1230.25 585.95 13
1229.97 599.58 12
1232.10 611.78 12
1229.26 622.35 13
1230.06 636.05 12
1229.76 646.34 12
1227.69 657.67 12
1228.51 670.89 13
1278.61 209.29 12
1274.90 219.96 12
1275.61 231.40 12
1271.75 243.67 13
1270.79 256.32 12
1271.36 267.46 13
1268.30 279.54 12
1266.25 291.29 13
1265.70 302.46 12
1264.96 316.19 13
1264.10 326.62 12
1262.27 339.55 12
1259.45 351.13 12
1260.04 362.69 12
1259.16 375.23 13
1257.94 385.70 12
1258.20 397.99 12
1255.97 409.66 12
1257.07 420.85 13
1255.16 435.76 13
1255.09 446.83 13
1254.95 458.74 13
1253.31 470.88 13
1254.93 482.71 13
1254.09 495.19 13
1252.17 506.93 13
1251.24 518.95 13
1252.85 530.32 12
1251.98 541.41 13
1253.05 553.84 13
1251.83 579.02 12
1251.78 589.58 12
1251.09 601.82 13
1251.63 614.15 13
1250.38 625.23 12
1250.48 636.82 12
1250.88 650.54 13
1249.84 660.79 13
1251.09 676.13 13
1249.75 686.23 13
1250.37 697.84 13
1248.68 709.45 12
1249.65 722.22 13
1248.09 732.86 12
1246.56 745.48 13
1246.79 757.82 13
1247.53 768.62 12
1247.16 780.20 12
1247.14 793.28 12
1298.06 208.71 13
1296.32 222.36 13
1295.62 233.93 13
1293.60 244.89 13
1291.00 256.83 13
1289.10 269.04 13
1289.48 281.48 12
1287.02 292.43 13
1287.02 305.57 12
1284.69 316.45 12
1284.67 328.31 12
1282.25 340.64 13
1282.00 351.58 12
1281.70 364.22 12
1279.92 377.22 13
1279.05 389.00 13
1278.66 399.28 12
1278.45 412.66 12
1277.34 423.78 13
1276.19 436.94 12
1275.92 447.60 13
1275.02 458.59 13
1276.24 471.39 12
1274.80 484.07 13
1273.83 495.62 12
1274.69 507.30 12
1273.89 519.57 12
1273.36 543.98 12
1273.52 555.90 13
1271.98 568.88 13
1271.39 579.61 12
1272.17 591.55 12
1272.26 603.60 13
1272.67 616.10 12
1272.44 627.77 13
1272.64 638.13 12
1271.44 651.60 13
1271.36 664.06 13
1271.55 675.57 13
1271.72 687.99 12
1271.55 698.83 12
1320.28 209.82 13
1317.65 222.06 13
1316.10 233.74 13
1313.88 244.91 12
1313.88 256.09 12
1312.75 268.04 12
1309.79 282.07 13
1310.79 292.69 13
1308.13 304.26 12
1307.25 316.20 13
1306.21 328.54 12
1305.02 339.34 13
1303.65 351.78 13
1303.45 363.80 13
1301.74 375.09 13
1301.83 387.58 13
1298.94 400.93 12
1298.50 410.96 12
1299.57 423.29 12
1296.23 435.33 12
1298.30 447.65 13
1296.18 458.50 13
1295.90 471.62 12
1296.69 484.05 13
1294.86 494.15 12
1294.29 507.90 13
1295.07 518.68 13
1295.01 530.18 12
1295.61 542.38 12
1295.75 554.74 13
1294.24 566.38 13
1293.47 579.29 12
1292.52 590.75 12
1293.44 601.77 13
1293.57 615.82 12
1293.70 626.36 12
1294.22 638.39 12
1293.39 651.15 12
1292.11 661.78 12
1292.08 675.21 13
1292.52 685.39 13
1291.48 699.42 13
1340.16 208.20 13
1338.62 220.39 13
1336.89 231.64 13
1335.81 244.33 13
1334.98 255.39 12
1333.10 267.28 13
1332.41 278.30 13
1330.07 290.15 12
1328.63 302.55 13
1327.73 314.52 12
1327.61 325.71 13
1325.86 337.78 12
1324.47 351.22 13
1323.97 363.36 12
1323.30 372.85 12
1322.03 386.11 12
1321.91 398.44 13
1319.93 410.49 12
1318.33 420.80 12
1318.32 432.95 13
1319.47 445.81 12
1318.81 456.61 12
1318.26 469.44 12
1317.32 483.38 12
1316.65 493.13 13
1317.17 505.63 12
1315.07 516.99 13
1316.27 529.45 13
1315.49 552.36 13
1314.99 567.04 12
1315.21 577.19 13
1314.09 589.94 12
1314.08 601.53 13
1314.13 613.23 13
1315.58 624.67 13
1313.62 637.59 13
1314.59 649.49 13
1313.26 660.68 12
1313.15 671.12 12
1313.44 684.99 13
1313.62 697.15 13
1362.93 205.05 12
1362.24 216.72 13
1360.80 228.96 12
1359.84 240.05 13
1355.93 252.39 13
1354.60 264.21 13
1354.14 276.79 12
1351.78 288.33 13
1351.24 300.72 12
1349.14 311.90 12
1349.26 322.63 12
1345.93 336.86 13
1346.54 347.75 12
1345.62 360.30 12
1343.85 371.83 12
1343.99 383.05 13
1343.08 395.04 13
1341.94 405.94 12
1340.65 419.69 13
1341.59 430.01 13
1338.99 443.86 13
1340.24 455.14 13
1339.10 466.04 13
1338.49 480.13 13
1338.12 491.48 12
1338.24 503.87 13
1337.76 514.39 12
1337.10 527.23 12
1336.80 538.69 12
1336.72 550.12 13
1335.72 562.68 12
1335.93 574.06 13
1335.47 585.96 12
1336.83 598.98 12
1336.46 609.04 12
1335.49 622.17 12
1336.25 634.71 13
1334.66 646.23 12
1334.83 659.10 13
1333.19 671.25 13
1334.08 683.77 13
1334.17 694.29 13
1333.71 707.25 13
1335.02 717.17 13
1332.91 730.90 13
1383.69 203.96 13
1381.41 215.54 12
1380.60 226.83 13
1379.93 238.62 12
1376.74 250.99 13
1376.90 263.01 13
1376.27 274.10 13
1373.44 286.88 13
1372.79 297.47 12
1370.57 311.21 12
1370.26 321.13 12
1368.30 333.78 13
1367.17 344.20 12
1365.91 357.41 12
1365.11 369.67 13
1364.90 381.94 12
1365.02 393.32 13
1364.10 405.79 13
1362.15 416.95 13
1362.95 429.58 12
1361.02 440.82 13
1362.46 453.39 12
1359.86 463.14 12
1361.08 475.75 12
1359.63 488.82 13
1360.08 500.42 12
1359.46 512.59 13
1359.53 524.08 12
1358.64 535.77 12
1357.56 549.63 12
1358.94 559.05 13
1359.20 571.37 13
1358.73 584.29 12
1358.95 595.72 12
1356.13 607.01 13
1357.69 622.14 12
1356.55 633.00 13
1357.29 643.77 13
1356.99 655.99 13
1357.77 667.99 13
1357.44 679.09 12
1355.65 692.08 13
1357.50 703.58 12
1405.06 202.55 13
1404.60 214.41 12
1401.63 225.39 13
1401.56 236.38 12
1398.68 249.41 13
1398.14 261.59 13
1397.21 272.89 12
1393.32 285.01 13
1392.02 297.34 13
1392.59 308.99 12
1392.73 321.07 13
1390.84 332.20 13
1388.63 344.78 12
1387.51 356.41 12
1386.83 367.22 13
1386.17 380.18 12
1386.01 392.06 13
1385.07 404.66 12
1383.78 415.29 12
1382.88 428.31 12
1382.35 439.05 12
1383.07 451.34 13
1382.51 463.48 13
1381.11 475.96 13
1380.88 487.29 12
1381.30 498.62 12
1381.33 512.19 12
1379.52 522.86 12
1380.22 535.66 13
1377.89 548.62 13
1380.27 557.75 13
1378.79 571.22 12
1377.78 584.39 12
1379.86 594.84 12
1378.68 607.14 13
1378.37 619.51 12
1377.30 629.67 12
1379.03 641.41 13
1379.98 654.54 12
1378.10 667.03 13
1427.64 203.18 13
1425.75 212.95 12
1424.08 225.29 13
1422.88 237.67 12
1419.17 249.82 12
1419.26 260.09 12
1416.65 272.93 12
1416.54 284.71 13
1415.01 297.46 13
1414.74 308.09 12
1413.34 320.62 13
1409.62 333.85 13
1410.69 344.76 12
1408.12 356.29 13
1407.43 369.06 13
1408.77 379.85 12
1406.93 391.47 12
1406.72 403.77 12
1404.04 416.90 13
1403.87 427.50 13
1403.52 439.46 12
1404.51 451.71 12
1402.71 464.56 13
1402.25 475.17 13
1402.12 487.21 12
1402.27 499.19 13
1402.13 512.22 13
1400.84 523.13 12
1400.91 534.03 12
1400.13 560.32 12
1400.83 570.74 13
1399.46 584.41 12
1400.50 594.82 12
1400.14 607.01 13
1400.43 620.72 13
1400.00 631.15 12
1399.20 643.65 12
1399.24 655.50 12
1398.38 667.20 13
1400.53 678.61 12
1398.61 692.69 13
1398.48 702.11 12
1398.41 715.89 12
1399.58 726.91 13
1447.95 205.03 13
1445.73 215.76 12
1444.73 228.68 13
1443.60 239.55 12
1439.73 252.49 13
1440.61 263.19 12
1438.54 276.51 13
1448.06 300.70 12
1436.20 300.86 13
1436.12 311.15 12
1433.49 322.72 12
1432.24 335.51 12
1430.24 347.63 13
1430.10 359.36 13
1429.73 369.56 13
1429.19 382.38 13
1428.45 393.70 12
1425.20 405.93 13
1426.97 417.63 12
1425.27 429.93 13
1424.22 442.21 13
1426.02 454.06 13
1423.10 465.67 12
1423.70 478.01 12
1423.83 489.06 12
1422.92 502.28 12
1423.63 513.67 13
1422.63 526.42 12
1422.05 537.02 12
1421.17 550.04 12
1421.81 562.59 13
1422.30 575.15 13
1421.57 586.22 13
1420.98 597.01 12
1420.83 609.07 13
1422.77 620.26 12
1421.60 644.61 13
1421.37 657.44 12
1420.53 670.19 13
1419.04 681.99 13
1420.47 694.68 12
