0.394816 0.315907 0.006541
0.410142 0.319014 0.007024
0.423851 0.320226 0.006767
0.438751 0.319946 0.006923
0.452721 0.325684 0.006742
0.466663 0.326804 0.006598
0.480016 0.328742 0.008332
0.493843 0.328004 0.006288
0.507701 0.330370 0.007233
0.523085 0.332183 0.006978
0.538449 0.335586 0.006776
0.394294 0.330309 0.007258
0.407308 0.330883 0.007542
0.422130 0.334762 0.007174
0.437194 0.336513 0.006593
0.450749 0.337522 0.007001
0.463424 0.338640 0.006572
0.479079 0.338297 0.006733
0.493358 0.342510 0.007227
0.507467 0.346157 0.007504
0.519209 0.343668 0.006395
0.534489 0.348461 0.006952
0.393146 0.342455 0.006287
0.408488 0.345593 0.007132
0.421720 0.347792 0.006698
0.433467 0.349451 0.007529
0.449923 0.349296 0.007343
0.462301 0.352871 0.007247
0.476616 0.355171 0.006464
0.490325 0.357995 0.007203
0.504981 0.360265 0.006708
0.520650 0.360734 0.006847
0.531722 0.364324 0.006086
0.391402 0.357752 0.007018
0.404545 0.360410 0.007229
0.419406 0.361904 0.006632
0.433606 0.362986 0.006869
0.446557 0.365726 0.005821
0.461390 0.367763 0.007412
0.476057 0.369305 0.007739
0.487661 0.371491 0.007450
0.504327 0.372415 0.006484
0.517242 0.375372 0.006846
0.532424 0.378006 0.005510
0.386710 0.370029 0.006914
0.402637 0.373418 0.008162
0.416126 0.376056 0.006548
0.429829 0.379150 0.007634
0.442903 0.378687 0.006984
0.458662 0.380686 0.006581
0.472394 0.384714 0.006466
0.485932 0.383887 0.007226
0.499977 0.387455 0.007189
0.515788 0.389155 0.006841
0.528643 0.392770 0.006726
0.387578 0.386738 0.006997
0.402866 0.388027 0.006598
0.414606 0.390734 0.006161
0.428839 0.391018 0.006617
0.441199 0.393530 0.006590
0.455047 0.393627 0.006437
0.470668 0.397234 0.007266
0.484242 0.399085 0.007627
0.499649 0.401312 0.007334
0.514218 0.402050 0.007639
0.526673 0.406385 0.005730
0.385250 0.398441 0.006998
0.397608 0.403462 0.006993
0.413198 0.403198 0.007775
0.425130 0.405429 0.006528
0.441281 0.407170 0.006518
0.456072 0.408730 0.007881
0.466608 0.412273 0.006935
0.482019 0.413267 0.007529
0.497319 0.417422 0.007679
0.511557 0.416389 0.006389
0.525549 0.418387 0.007766
0.381441 0.415026 0.006807
0.398467 0.414375 0.008384
0.410950 0.419540 0.007100
0.424854 0.421279 0.006987
0.439946 0.420258 0.005976
0.453435 0.425043 0.007239
0.467564 0.426159 0.006221
0.480999 0.427170 0.006963
0.494775 0.429642 0.005843
0.507174 0.432071 0.006984
0.524027 0.433560 0.006773
0.382433 0.428470 0.007672
0.393512 0.429604 0.007539
0.409311 0.431805 0.007312
0.422966 0.432706 0.006633
0.436189 0.435356 0.007427
0.450545 0.437192 0.007371
0.463294 0.439354 0.007432
0.480041 0.440224 0.006577
0.493007 0.443162 0.007607
0.507863 0.444234 0.007582
0.522693 0.446811 0.007414
0.379386 0.441792 0.006504
0.392023 0.442793 0.006433
0.407991 0.447391 0.006785
0.420843 0.448576 0.006997
0.434990 0.450865 0.006572
0.448076 0.453017 0.007577
0.463298 0.452524 0.006881
0.476624 0.455736 0.006627
0.490343 0.457469 0.006930
0.504569 0.459380 0.008018
0.520428 0.461726 0.006192
0.378103 0.455447 0.007535
0.390357 0.456302 0.007479
0.404382 0.458939 0.007720
0.419363 0.461100 0.006954
0.432144 0.463173 0.005824
0.446374 0.465686 0.006957
0.461980 0.466672 0.005967
0.477292 0.468482 0.007608
0.489909 0.471024 0.007498
0.503533 0.472647 0.006880
0.517661 0.475415 0.006956
0.375454 0.468352 0.007827
0.388651 0.471600 0.006147
0.403507 0.473652 0.007042
0.417187 0.475270 0.007275
0.431706 0.478186 0.007755
0.445265 0.480501 0.007614
0.460471 0.481445 0.007903
0.474010 0.483977 0.007224
0.487812 0.484798 0.007889
0.501047 0.487097 0.006710
0.517127 0.490173 0.007799
0.375110 0.482854 0.007205
0.388525 0.485661 0.006528
0.402242 0.487499 0.007291
0.414345 0.487245 0.006576
0.429297 0.492640 0.006936
0.446078 0.496313 0.006928
0.456357 0.498316 0.008104
0.470337 0.498685 0.006986
0.485712 0.499755 0.006764
0.497120 0.501402 0.006693
0.513878 0.503180 0.007264
0.371422 0.497071 0.007432
0.384781 0.498173 0.007760
0.400575 0.502777 0.007358
0.412458 0.503820 0.007513
0.427730 0.504602 0.006101
0.440598 0.506174 0.007337
0.455108 0.509580 0.006863
0.470416 0.510876 0.007152
0.481955 0.512470 0.005159
0.499247 0.516173 0.007466
0.510815 0.517146 0.006767
