763.00 453.51 15
794.17 446.83 15
822.89 439.85 15
853.59 432.16 15
884.88 428.36 15
914.19 421.20 15
945.26 414.38 15
976.46 406.64 15
1038.53 393.55 15
1068.71 386.08 15
1098.32 380.46 15
1130.24 372.34 15
1159.89 364.44 15
1188.57 361.48 15
1221.60 354.67 15
767.14 485.03 15
798.58 478.02 15
828.33 470.54 15
862.39 466.07 15
889.84 458.33 15
921.28 449.65 15
952.54 443.55 15
982.87 437.94 15
1011.55 429.49 15
1044.15 421.42 15
1076.30 417.60 15
1105.10 410.06 15
1136.25 402.27 15
1166.58 395.82 15
1197.39 389.02 15
1229.99 382.98 15
774.04 515.04 15
807.19 508.83 15
835.14 501.83 15
866.31 493.73 15
896.92 488.61 15
930.34 482.92 15
959.34 474.52 15
990.26 466.94 15
1020.36 459.84 15
1051.66 455.26 15
1079.98 446.28 15
1114.57 441.34 15
1144.34 434.91 15
1174.39 427.58 15
1204.53 421.11 15
1234.91 412.77 15
811.61 538.47 15
843.90 530.08 15
874.61 523.80 15
905.32 517.58 15
935.62 511.44 15
963.40 504.71 15
997.87 497.78 15
1026.28 492.64 15
1057.64 485.68 15
1085.80 476.58 15
1119.27 470.43 15
1148.03 463.46 15
1180.40 458.29 15
1212.57 450.25 15
1241.29 444.66 15
789.61 576.68 15
819.31 570.56 15
851.69 561.87 15
878.92 555.36 15
908.77 550.44 15
942.01 543.60 15
972.55 536.84 15
1002.46 529.55 15
1034.84 522.63 15
1067.00 516.99 15
1094.79 509.06 15
1126.83 501.75 15
1156.65 495.43 15
1186.79 487.80 15
1217.18 481.50 15
1248.53 476.29 15
796.03 608.57 15
826.21 599.78 15
858.48 591.70 15
887.44 587.71 15
916.65 579.85 15
947.70 573.42 15
1010.89 559.69 15
1039.81 553.96 15
1072.35 547.37 15
1102.37 539.23 15
1132.98 533.91 15
1164.23 528.25 15
1192.94 519.89 15
1223.95 513.42 15
1255.95 506.03 15
801.23 637.76 15
833.00 629.07 15
862.28 623.32 15
896.46 616.92 15
922.83 610.46 15
956.77 604.27 15
986.40 597.58 15
1016.46 590.96 15
1046.80 584.55 15
1076.39 577.53 15
1108.35 567.52 15
1138.04 562.54 15
1168.18 556.42 15
1201.11 549.83 15
1230.30 543.13 15
1260.23 535.87 15
807.82 668.27 15
840.08 659.53 15
867.50 652.83 15
901.04 647.97 15
932.15 641.17 15
961.81 633.41 15
992.08 625.82 15
1022.15 621.28 15
1053.16 614.09 15
1083.01 607.68 15
1114.85 600.37 15
1144.17 593.95 15
1177.11 586.82 15
1207.24 579.53 15
1236.66 573.47 15
1269.09 567.41 15
814.60 700.67 15
845.76 694.07 15
875.53 686.27 15
908.63 679.50 15
937.84 671.24 15
967.99 664.75 15
999.04 658.95 15
1029.70 652.76 15
1059.79 644.24 15
1092.16 639.40 15
1121.93 631.13 15
1151.32 624.18 15
1182.96 616.52 15
1213.71 610.95 15
1243.99 604.99 15
1274.96 597.14 15
823.58 731.71 15
854.18 723.83 15
883.02 716.99 15
914.68 711.12 15
944.08 700.91 15
975.01 695.96 15
1007.19 687.62 15
1037.38 681.97 15
1067.31 675.65 15
1097.56 668.13 15
1127.49 662.15 15
1158.72 656.85 15
1189.40 648.35 15
1219.73 641.59 15
1252.63 637.35 15
1283.35 627.95 15
831.26 758.80 15
857.54 754.87 15
888.70 746.65 15
919.15 739.91 15
950.85 732.94 15
982.13 725.83 15
1043.00 712.51 15
1073.40 705.99 15
1103.96 698.81 15
1133.82 694.51 15
1166.39 685.02 15
1195.94 678.73 15
1225.69 673.09 15
1256.38 664.73 15
1287.87 660.91 15
834.24 789.27 15
864.29 784.85 15
897.09 778.47 15
929.10 769.78 15
958.03 761.66 15
987.38 756.42 15
1019.01 751.45 15
1049.13 744.74 15
1081.79 737.60 15
1113.08 731.32 15
1171.67 715.55 15
1202.88 710.69 15
1234.97 702.88 15
1264.52 697.90 15
1296.10 689.60 15
839.75 820.26 15
871.99 814.57 15
904.43 807.89 15
934.51 800.73 15
965.48 794.42 15
996.03 789.76 15
1025.81 779.92 15
1056.58 774.66 15
1089.24 766.16 15
1115.42 761.93 15
1149.90 754.62 15
1178.09 749.02 15
1208.88 741.78 15
1242.03 734.73 15
1271.63 726.44 15
1301.85 720.90 15
848.36 851.98 15
880.04 845.09 15
911.23 839.06 15
940.69 832.57 15
971.42 826.10 15
1001.62 818.42 15
1033.39 809.82 15
1061.87 804.28 15
1092.50 797.80 15
1125.13 792.10 15
1155.19 785.01 15
1184.00 777.42 15
1218.02 770.77 15
1247.85 765.34 15
1278.61 759.34 15
1307.95 752.74 15
854.58 881.38 15
886.55 875.53 15
917.23 869.91 15
946.59 861.51 15
979.43 853.92 15
1007.49 850.24 15
1038.90 842.12 15
1069.57 835.51 15
1098.97 828.71 15
1132.75 823.28 15
1163.50 815.24 15
1191.71 807.08 15
1221.21 800.30 15
1255.70 796.72 15
1284.83 787.96 15
1316.21 780.79 15
861.68 914.65 15
893.48 907.64 15
921.97 900.19 15
954.56 895.02 15
984.21 884.89 15
1015.16 879.24 15
1045.61 872.23 15
1075.45 864.31 15
1107.99 859.89 15
1140.02 853.01 15
1170.75 846.55 15
1198.61 839.83 15
1228.37 831.07 15
1261.96 824.22 15
1292.03 819.08 15
1322.28 812.27 15
868.05 945.36 15
900.35 937.81 15
930.33 930.84 15
961.49 923.80 15
990.36 917.43 15
1025.06 910.94 15
1054.11 903.43 15
1081.60 897.67 15
1115.61 890.90 15
1142.84 883.34 15
1174.74 876.60 15
1206.12 871.17 15
1237.26 863.24 15
1268.02 855.85 15
1298.28 848.84 15
1329.08 843.44 15
874.16 975.35 15
906.54 966.78 15
938.53 960.44 15
966.55 954.94 15
1000.05 949.54 15
1027.10 939.94 15
1058.16 935.36 15
1092.46 925.67 15
1119.65 920.86 15
1152.16 914.27 15
1181.34 908.10 15
1212.35 900.48 15
1244.85 894.76 15
1274.28 887.73 15
1302.61 882.42 15
1335.40 873.85 15
882.97 1004.83 15
911.71 998.02 15
944.55 990.45 15
975.51 984.50 15
1004.05 978.30 15
1036.16 971.89 15
1065.14 965.72 15
1095.88 958.38 15
1128.36 950.92 15
1157.55 947.08 15
1190.16 937.89 15
1220.30 931.46 15
1251.08 925.73 15
1280.31 919.22 15
1312.93 911.41 15
1342.70 904.53 15
888.72 1036.76 15
921.93 1028.22 15
949.97 1021.16 15
982.11 1014.68 15
1010.76 1007.45 15
1042.37 1001.19 15
1072.38 994.63 15
1103.52 989.84 15
1135.54 981.20 15
1166.95 975.04 15
1193.82 968.81 15
1225.13 962.01 15
1257.91 956.24 15
1286.64 947.55 15
1317.56 941.98 15
1349.92 934.61 15
895.18 1065.20 15
925.59 1060.90 15
957.17 1053.64 15
988.12 1047.30 15
1018.82 1039.73 15
1049.76 1033.67 15
1080.80 1027.90 15
1109.37 1021.29 15
1141.45 1012.22 15
1171.85 1004.42 15
1201.94 998.22 15
1231.14 990.86 15
1263.60 986.34 15
1295.02 979.40 15
1323.41 970.07 15
1355.42 966.63 15
902.70 1096.99 15
933.80 1090.30 15
964.31 1084.41 15
994.18 1078.64 15
1024.56 1070.29 15
1056.48 1064.50 15
1086.28 1055.31 15
1114.35 1050.86 15
1146.84 1042.75 15
1178.95 1035.64 15
1209.11 1030.68 15
1239.39 1023.73 15
1270.00 1017.44 15
1300.92 1009.67 15
1331.98 1002.41 15
1361.93 995.81 15
908.14 1127.49 15
940.64 1122.79 15
971.85 1114.01 15
1001.50 1107.12 15
1032.78 1100.17 15
1061.90 1093.11 15
1095.19 1086.26 15
1122.94 1079.18 15
1154.59 1074.16 15
1184.99 1067.11 15
1215.37 1062.54 15
1247.70 1053.30 15
1277.21 1048.47 15
1307.39 1038.78 15
1335.77 1034.69 15
1368.87 1027.66 15
915.74 1159.16 15
945.83 1151.38 15
976.86 1144.24 15
1007.44 1137.27 15
1038.68 1131.07 15
1069.69 1123.58 15
1099.49 1118.11 15
1133.17 1112.98 15
1161.92 1105.76 15
1190.93 1097.54 15
1220.27 1091.95 15
1252.88 1083.70 15
1283.83 1078.02 15
1316.40 1070.12 15
1344.24 1064.29 15
1375.33 1057.82 15
920.74 1187.46 15
953.53 1181.09 15
985.11 1174.06 15
1015.72 1167.07 15
1046.56 1162.78 15
1106.48 1147.00 15
1136.04 1143.47 15
1167.91 1137.27 15
1198.39 1129.48 15
1229.83 1123.17 15
1259.47 1115.67 15
1290.16 1109.49 15
1321.92 1102.52 15
1352.47 1094.90 15
1382.02 1089.68 15
928.01 1221.51 15
959.98 1213.33 15
991.79 1209.08 15
1023.04 1200.46 15
1053.02 1195.31 15
1081.53 1186.70 15
1112.28 1180.70 15
1144.25 1170.72 15
1173.06 1164.89 15
1205.73 1158.20 15
1235.70 1152.76 15
1267.69 1145.59 15
1298.04 1140.22 15
1328.12 1130.80 15
1359.72 1126.53 15
1387.76 1118.90 15
935.60 1249.98 15
967.19 1244.25 15
995.06 1237.25 15
1028.05 1230.36 15
1058.58 1223.97 15
1088.59 1216.51 15
1119.01 1210.36 15
1151.74 1203.24 15
1180.97 1194.23 15
1212.26 1189.68 15
1243.75 1182.96 15
1273.19 1175.72 15
1304.06 1170.76 15
1334.16 1163.27 15
1366.16 1158.34 15
1394.40 1151.67 15
943.63 1279.97 15
973.83 1275.19 15
1035.86 1260.21 15
1065.21 1255.05 15
1126.85 1241.18 15
1157.97 1233.79 15
1189.36 1228.86 15
1217.92 1221.11 15
1247.92 1213.33 15
1280.19 1206.72 15
1310.42 1200.76 15
1342.15 1192.77 15
1373.76 1185.22 15
1402.85 1179.32 15
950.56 1311.40 15
981.52 1304.58 15
1012.19 1299.09 15
1041.03 1289.50 15
1073.29 1286.69 15
1102.09 1279.28 15
1133.95 1270.67 15
1165.59 1265.38 15
1192.92 1257.34 15
1225.16 1251.25 15
1254.43 1244.51 15
1285.91 1236.84 15
1317.46 1230.81 15
1346.92 1226.68 15
1378.49 1219.27 15
1408.73 1210.14 15
