0.042058 0.070630 0.006844
0.051495 0.071271 0.007624
0.060837 0.070872 0.007152
0.072088 0.072383 0.006754
0.081119 0.072385 0.007074
0.092235 0.069591 0.006880
0.102135 0.072261 0.006861
0.111859 0.071155 0.006596
0.122149 0.071576 0.007224
0.132148 0.072893 0.006521
0.141775 0.071887 0.006890
0.150418 0.071520 0.007378
0.163803 0.070937 0.007880
0.174322 0.071904 0.007102
0.182404 0.072297 0.007191
0.191404 0.072566 0.007454
0.202471 0.071373 0.007078
0.217012 0.073548 0.007686
0.222811 0.071736 0.006208
0.234028 0.073463 0.007279
0.242889 0.071910 0.006786
0.253012 0.073355 0.007199
0.260425 0.073409 0.007670
0.272222 0.071133 0.007149
0.281349 0.071714 0.006954
0.294323 0.071698 0.007168
0.302597 0.072490 0.006945
0.312426 0.071074 0.007165
0.323308 0.070855 0.006966
0.343454 0.072477 0.006555
0.352169 0.072969 0.007361
0.363322 0.072065 0.006986
0.373508 0.072175 0.006585
0.382773 0.072523 0.006613
0.393813 0.072173 0.007141
0.402449 0.071712 0.006750
0.413764 0.071638 0.007185
0.424449 0.073254 0.007558
0.433821 0.071189 0.008413
0.442436 0.072516 0.007255
0.453908 0.072001 0.007760
0.464198 0.071702 0.006478
0.496552 0.072623 0.006852
0.504973 0.071502 0.007192
0.515922 0.069936 0.007299
0.526059 0.072586 0.006482
0.539320 0.072047 0.007542
0.546825 0.072225 0.007347
0.555914 0.072895 0.007267
0.576018 0.072988 0.006914
0.586286 0.071612 0.007526
0.597982 0.073862 0.007202
0.607640 0.070767 0.006980
0.616753 0.071802 0.007343
0.625735 0.071560 0.006691
0.633548 0.070681 0.006953
0.646648 0.070904 0.006948
0.655604 0.071770 0.007215
0.667670 0.070211 0.006979
0.677826 0.071713 0.007207
0.685486 0.072354 0.006577
0.695482 0.070775 0.006629
0.706315 0.070963 0.007310
0.716900 0.070380 0.007112
0.727728 0.071283 0.006821
0.735505 0.071514 0.007239
0.744688 0.070919 0.007263
0.756561 0.070973 0.007542
0.766380 0.071821 0.007311
0.776815 0.072001 0.006837
0.788431 0.070584 0.007168
0.796439 0.071168 0.007573
0.808119 0.071008 0.007385
0.816858 0.070268 0.006893
0.832130 0.071000 0.007632
0.838005 0.072047 0.006858
0.847086 0.071894 0.007069
0.855748 0.070980 0.006411
0.866223 0.072677 0.007180
0.877104 0.072447 0.007274
0.885781 0.071059 0.007060
0.226775 0.400416 0.006319
0.234440 0.401720 0.005567
0.242300 0.402276 0.006827
0.250964 0.403291 0.005942
0.258891 0.404131 0.005354
0.266966 0.404827 0.005152
0.274935 0.405721 0.006299
0.283379 0.406201 0.004046
0.291069 0.407337 0.005439
0.299340 0.407810 0.006711
0.307417 0.408158 0.005626
0.316438 0.408682 0.005998
0.332198 0.409863 0.005938
0.340801 0.409821 0.005249
0.347819 0.410288 0.005702
0.356875 0.411881 0.006282
0.365111 0.411169 0.005660
0.372672 0.410851 0.005728
0.380666 0.410814 0.006271
0.388775 0.410671 0.006189
0.397231 0.410837 0.005765
0.405344 0.410835 0.005265
0.413278 0.410753 0.005125
0.422047 0.410871 0.005773
0.430119 0.410164 0.005680
0.437879 0.408595 0.006532
0.444890 0.408328 0.007244
0.453886 0.407672 0.006491
0.462022 0.407686 0.005425
0.469821 0.407358 0.005529
0.478508 0.406561 0.004872
0.485914 0.405027 0.005807
0.494924 0.405052 0.005803
0.502954 0.403258 0.006139
0.510820 0.403334 0.005202
0.519628 0.402575 0.005821
0.526658 0.401618 0.005667
0.535948 0.400807 0.006158
0.543380 0.399279 0.004953
0.551351 0.398318 0.006317
0.559479 0.397335 0.005681
0.568297 0.396383 0.005637
0.203723 0.382753 0.005052
0.211831 0.384481 0.005554
0.220998 0.385950 0.005802
0.237080 0.386963 0.005741
0.244337 0.388032 0.005071
0.252647 0.388609 0.005639
0.260323 0.389826 0.005181
0.268461 0.390257 0.004714
0.276829 0.391375 0.004952
0.284428 0.392031 0.005502
0.292764 0.391883 0.005827
0.300988 0.394087 0.005687
0.309287 0.394786 0.006330
0.317870 0.394505 0.005821
0.325621 0.395565 0.005686
0.333633 0.395567 0.005403
0.341540 0.396017 0.005923
0.350199 0.396323 0.005619
0.358101 0.395772 0.004719
0.366798 0.396597 0.005627
0.374518 0.396484 0.005644
0.382875 0.396866 0.005595
0.390850 0.397101 0.007033
0.399287 0.396067 0.005973
0.406163 0.395367 0.006086
0.415107 0.395678 0.005982
0.422636 0.394851 0.005440
0.430679 0.395447 0.005791
0.439263 0.394558 0.005800
0.447162 0.394681 0.005812
0.455842 0.393434 0.005306
0.463896 0.393675 0.005835
0.471423 0.391560 0.005506
0.479720 0.391729 0.005067
0.488279 0.390557 0.005152
0.496225 0.389923 0.005458
0.504881 0.389768 0.005623
0.512176 0.388063 0.005008
0.521302 0.387297 0.004875
0.528454 0.386437 0.005158
0.536106 0.385900 0.005383
0.544948 0.384214 0.006412
0.553659 0.383135 0.005894
0.560898 0.382069 0.004528
0.568857 0.381639 0.005385
0.576607 0.380714 0.005719
0.584886 0.378370 0.006173
0.209505 0.369456 0.005597
0.217768 0.370838 0.006542
0.225969 0.371541 0.005304
0.234591 0.372578 0.006690
0.241724 0.373173 0.005486
0.250581 0.374802 0.005629
0.258482 0.376438 0.005852
0.266983 0.375886 0.005403
0.274678 0.376648 0.005123
0.282863 0.377508 0.005883
0.291046 0.378682 0.005782
0.298771 0.379504 0.006457
0.306738 0.379591 0.006108
0.315226 0.380068 0.005369
0.323012 0.380875 0.005955
0.331959 0.380643 0.005269
0.339186 0.381403 0.004850
0.347737 0.381118 0.005537
0.355914 0.381609 0.005360
0.363841 0.382242 0.005300
0.371897 0.381605 0.006119
0.380247 0.381728 0.005612
0.388572 0.381394 0.005171
0.396414 0.381086 0.005384
0.404746 0.381801 0.005754
0.412678 0.381021 0.004595
0.421873 0.381080 0.005858
0.428477 0.380437 0.005734
0.436135 0.379884 0.005856
0.445835 0.380044 0.006281
0.453754 0.378604 0.006259
0.461578 0.378569 0.005397
0.468909 0.377188 0.006178
0.478180 0.376884 0.005727
0.486089 0.376241 0.005042
0.494248 0.375810 0.005615
0.502521 0.374479 0.005551
0.509959 0.373734 0.005869
0.517993 0.373270 0.005235
0.526444 0.371664 0.005220
0.534552 0.371269 0.005789
0.542506 0.370410 0.005276
0.550849 0.369081 0.005406
0.558500 0.368011 0.005296
0.566980 0.366896 0.005809
0.575542 0.366078 0.005738
0.223372 0.356742 0.005418
0.231769 0.357770 0.004210
0.239700 0.358452 0.005967
0.247661 0.359527 0.005167
0.256459 0.360530 0.005691
0.264522 0.362112 0.005380
0.272338 0.362413 0.004720
0.280967 0.363204 0.005883
0.288641 0.363450 0.005363
0.297077 0.364693 0.005577
0.304945 0.365083 0.005678
0.313377 0.365486 0.006765
0.321699 0.365736 0.005374
0.328980 0.365885 0.005467
0.337642 0.366698 0.005292
0.353599 0.366735 0.005759
0.361912 0.367230 0.005490
0.369881 0.367237 0.005706
0.378668 0.367640 0.005606
0.386224 0.366926 0.005565
0.394341 0.366917 0.005538
0.403260 0.366591 0.006848
0.410949 0.366805 0.005235
0.418639 0.366521 0.005645
0.426785 0.365515 0.005158
0.435127 0.365422 0.005961
0.443071 0.364851 0.005965
0.451116 0.364551 0.005567
0.459349 0.363452 0.005152
0.467261 0.363313 0.005997
0.476306 0.362508 0.006258
0.484169 0.361336 0.004842
0.491734 0.361437 0.005253
0.500326 0.359644 0.005576
0.508047 0.359074 0.005619
0.515920 0.358479 0.005658
0.524390 0.357414 0.005976
0.532766 0.355804 0.005490
0.541140 0.355251 0.005627
0.548684 0.353813 0.005984
0.556873 0.353172 0.005505
0.218536 0.341421 0.006387
0.226847 0.343706 0.005758
0.233909 0.344480 0.006189
0.243087 0.344984 0.005852
0.250273 0.345181 0.006101
0.259250 0.346289 0.005756
0.267670 0.348403 0.005817
0.275141 0.347930 0.005970
0.282969 0.348535 0.005537
0.291287 0.349948 0.006532
0.299847 0.349447 0.005427
0.307200 0.349667 0.006363
0.315146 0.351264 0.005604
0.323996 0.350857 0.006220
0.331998 0.352024 0.006022
0.339883 0.352600 0.006399
0.348644 0.352270 0.007229
0.356803 0.353309 0.007022
0.364480 0.352419 0.005604
0.372478 0.352192 0.005844
0.380455 0.352628 0.005429
0.388777 0.352606 0.005902
0.396189 0.352122 0.005183
0.404559 0.352667 0.005989
0.412922 0.351449 0.005077
0.421496 0.351668 0.006528
0.428744 0.351833 0.005595
0.437488 0.351038 0.005164
0.446025 0.350592 0.005510
0.453855 0.350025 0.005815
0.461679 0.349075 0.005188
0.470607 0.348538 0.006547
0.478565 0.347439 0.005945
0.486613 0.345540 0.005462
0.494404 0.345871 0.005117
0.502265 0.343993 0.005834
0.510128 0.343451 0.005929
0.518614 0.343086 0.006089
0.526851 0.342544 0.005669
0.535000 0.340678 0.005285
0.543524 0.339175 0.006124
0.551320 0.338690 0.005648
0.559390 0.337561 0.005225
0.204608 0.325913 0.005709
0.212738 0.326265 0.005609
0.221188 0.327957 0.005473
0.229551 0.329309 0.006049
0.237606 0.329851 0.004400
0.245466 0.330622 0.006067
0.253631 0.331965 0.005474
0.261100 0.332392 0.005426
0.270714 0.333366 0.005489
0.278050 0.333993 0.005831
0.285758 0.333557 0.005077
0.293888 0.334815 0.005626
0.302484 0.336341 0.006165
0.310311 0.335818 0.006062
0.318751 0.336926 0.005153
0.326308 0.336833 0.005277
0.334900 0.337431 0.004951
0.343439 0.337152 0.004973
0.350916 0.337449 0.006090
0.358909 0.338019 0.006135
0.367087 0.338166 0.005066
0.375166 0.337520 0.006610
0.383500 0.337309 0.006345
0.392267 0.338181 0.005973
0.400303 0.337949 0.005473
0.407507 0.337746 0.005425
0.416107 0.337756 0.006084
0.423846 0.337212 0.005951
0.432351 0.336547 0.004957
0.440239 0.336119 0.005800
0.448871 0.335219 0.005789
0.456710 0.334640 0.006371
0.465334 0.334114 0.005266
0.473117 0.333553 0.005521
0.481770 0.333088 0.005595
0.489319 0.331788 0.005592
0.497101 0.331031 0.005389
0.506182 0.330346 0.006352
0.513578 0.329094 0.005255
0.521060 0.327884 0.005426
0.530029 0.327004 0.005204
0.538423 0.326028 0.005547
0.545788 0.324915 0.006200
0.554139 0.323721 0.005774
0.562653 0.323424 0.006052
0.570545 0.322610 0.005975
0.224704 0.313434 0.005596
0.232344 0.315294 0.004793
0.240506 0.314978 0.005782
0.248565 0.316618 0.005666
0.257519 0.317537 0.005562
0.265405 0.317839 0.005458
0.273408 0.319306 0.005573
0.281915 0.319594 0.005332
0.290254 0.320299 0.005292
0.297869 0.320463 0.005368
0.305462 0.320515 0.005792
0.313973 0.321385 0.006524
0.321337 0.322697 0.005993
0.330081 0.322150 0.004749
0.338379 0.322736 0.005758
0.345896 0.322969 0.005946
0.354734 0.322819 0.006104
0.363068 0.323414 0.005407
0.370707 0.323548 0.004921
0.378798 0.323517 0.006105
0.387463 0.323737 0.005472
0.395490 0.323445 0.006609
0.403852 0.323690 0.005123
0.412045 0.323393 0.006677
0.419203 0.322481 0.005106
0.427497 0.322119 0.006655
0.435485 0.321462 0.005809
0.443907 0.321207 0.006188
0.451508 0.320241 0.006006
0.460204 0.319775 0.006264
0.468281 0.319405 0.005892
0.476785 0.318742 0.006150
0.485144 0.317745 0.005171
0.493366 0.316456 0.005692
0.500124 0.315898 0.005121
0.509076 0.314376 0.005706
0.517111 0.313212 0.005849
0.524713 0.313080 0.005689
0.534009 0.312569 0.006272
0.541299 0.310017 0.006154
0.549844 0.309508 0.006053
0.200734 0.296728 0.006218
0.208339 0.297466 0.006476
0.217131 0.298448 0.005354
0.223933 0.299184 0.005559
0.233248 0.300718 0.005767
0.240477 0.300859 0.005261
0.249363 0.301904 0.005489
0.256854 0.302514 0.004969
0.265183 0.303108 0.005135
0.273745 0.305194 0.006397
0.281870 0.304784 0.005597
0.290239 0.305190 0.004776
0.298388 0.306532 0.005837
0.305581 0.305952 0.005521
0.313941 0.307324 0.004749
0.322460 0.307075 0.005323
0.330346 0.308033 0.005556
0.338145 0.308435 0.005810
0.346606 0.308049 0.005402
0.354962 0.309040 0.006254
0.363097 0.309185 0.005582
0.371569 0.309154 0.006857
0.378707 0.308322 0.006182
0.387114 0.309462 0.006441
0.395461 0.308600 0.006349
0.402919 0.308954 0.005103
0.411249 0.308262 0.006341
0.419448 0.308454 0.007020
0.427232 0.307713 0.006577
0.435333 0.306528 0.005892
0.444415 0.306724 0.005202
0.451502 0.305523 0.006277
0.460618 0.304808 0.005484
0.468619 0.303944 0.005846
0.476146 0.303881 0.006167
0.484918 0.302969 0.006290
0.492482 0.302160 0.005311
0.500716 0.300365 0.006192
0.508744 0.301068 0.005975
0.516847 0.299577 0.005579
0.525583 0.298464 0.005561
0.533405 0.297378 0.005908
0.541723 0.296192 0.006561
0.549690 0.295538 0.005528
0.558953 0.294778 0.006165
0.565473 0.292924 0.005307
0.574151 0.292417 0.005454
0.229868 0.285038 0.005695
0.237132 0.286115 0.005652
0.245530 0.286377 0.005641
0.254214 0.287729 0.005336
0.262485 0.288860 0.005398
0.270406 0.289905 0.005496
0.278913 0.290261 0.006028
0.286279 0.291430 0.005875
0.294343 0.291335 0.006084
0.302883 0.292147 0.006266
0.311182 0.292062 0.005667
0.318381 0.293077 0.005378
0.327507 0.293142 0.005336
0.334990 0.294148 0.006501
0.342665 0.293261 0.006135
0.351877 0.293177 0.006451
0.359225 0.293463 0.006275
0.367046 0.294710 0.005635
0.375838 0.294201 0.005958
0.383429 0.294333 0.005768
0.391321 0.294076 0.006794
0.382690 0.287611 0.005990
0.407455 0.293096 0.006491
0.416116 0.293069 0.005771
0.424723 0.292850 0.006360
0.432498 0.292830 0.005842
0.440076 0.291872 0.005409
0.448360 0.291630 0.006366
0.456450 0.291176 0.005373
0.465133 0.290219 0.005581
0.472469 0.289338 0.006101
0.481964 0.288740 0.005916
0.489083 0.287789 0.005518
0.497294 0.286511 0.005746
0.504888 0.286008 0.006373
0.513673 0.284740 0.005372
0.521522 0.284606 0.004462
0.529562 0.283110 0.006234
0.537349 0.281654 0.005461
0.546562 0.281383 0.005561
0.197772 0.267239 0.006094
0.205519 0.267125 0.005492
0.213780 0.268768 0.005600
0.222553 0.268875 0.006268
0.230272 0.270285 0.006027
0.238577 0.271369 0.005682
0.246140 0.272188 0.005298
0.254984 0.273398 0.005233
0.262114 0.274059 0.006161
0.270814 0.275096 0.005989
0.278349 0.275647 0.005234
0.287273 0.276394 0.005826
0.295422 0.276569 0.004664
0.303385 0.277173 0.006027
0.311739 0.277481 0.005838
0.319917 0.278540 0.005336
0.327277 0.278986 0.006250
0.335691 0.279159 0.005879
0.343618 0.279427 0.005527
0.352583 0.278892 0.005522
0.359471 0.279885 0.005545
0.367901 0.279504 0.006095
0.376157 0.280025 0.005994
0.384439 0.279665 0.005468
0.393175 0.279785 0.005083
0.400464 0.279310 0.005573
0.408852 0.279274 0.005865
0.417120 0.278610 0.005277
0.425408 0.278836 0.005295
0.433336 0.277619 0.005595
0.441580 0.277108 0.005831
0.449636 0.276427 0.005993
0.457798 0.276433 0.006209
0.465893 0.275487 0.004775
0.473288 0.274819 0.006182
0.482132 0.274367 0.005857
0.490140 0.273315 0.005404
0.498187 0.272809 0.006081
0.506609 0.271424 0.004670
0.514833 0.270968 0.004754
0.523300 0.269498 0.006643
0.530888 0.268651 0.005018
0.538853 0.268451 0.005778
0.547172 0.266401 0.005120
0.554668 0.265859 0.005433
0.563227 0.264190 0.005155
0.570971 0.263682 0.006163
0.580214 0.262230 0.004665
0.207721 0.253435 0.005651
0.215656 0.254025 0.005153
0.224157 0.254776 0.005131
0.232313 0.255845 0.006053
0.240064 0.256560 0.005200
0.248393 0.258033 0.005597
0.256337 0.258440 0.005887
0.264732 0.259544 0.005694
0.272286 0.260221 0.005979
0.280573 0.261021 0.006181
0.288728 0.262263 0.005785
0.297114 0.261956 0.005500
0.304636 0.262768 0.005630
0.313210 0.262695 0.005453
0.320844 0.263768 0.006141
0.329300 0.264021 0.005312
0.336624 0.264926 0.005832
0.344607 0.264898 0.005986
0.353492 0.264646 0.005312
0.361789 0.264804 0.004900
0.369383 0.265554 0.006079
0.378846 0.264945 0.005710
0.385746 0.264863 0.005614
0.393840 0.264932 0.005654
0.402299 0.264940 0.005750
0.410270 0.264396 0.005855
0.418713 0.264185 0.005612
0.426373 0.263647 0.005351
0.430072 0.257485 0.005911
0.442483 0.262235 0.006011
0.450888 0.261715 0.005346
0.459140 0.261391 0.004712
0.466887 0.261059 0.006178
0.475588 0.260374 0.006094
0.483579 0.259382 0.006048
0.491846 0.259343 0.005447
0.499379 0.257643 0.006243
0.507773 0.257206 0.005890
0.516037 0.255722 0.005516
0.524475 0.254856 0.005307
0.532320 0.254247 0.006496
0.540650 0.252801 0.005759
0.548829 0.251534 0.005668
0.557175 0.250406 0.005206
0.564961 0.249418 0.006046
0.572241 0.249419 0.005572
0.221304 0.239787 0.006537
0.230305 0.240626 0.005761
0.237652 0.241484 0.005928
0.246187 0.242174 0.005267
0.254664 0.243400 0.005082
0.262063 0.244249 0.005215
0.270181 0.245351 0.005422
0.278065 0.246913 0.005022
0.286906 0.246726 0.005130
0.294695 0.247034 0.005019
0.302401 0.248026 0.005870
0.310663 0.248531 0.006064
0.318809 0.248513 0.005279
0.326573 0.249114 0.006396
0.335522 0.249659 0.005877
0.343818 0.249729 0.005701
0.352168 0.250200 0.005805
0.359349 0.250908 0.006534
0.368075 0.250951 0.006010
0.376903 0.250308 0.006228
0.383024 0.250471 0.007168
0.391726 0.250440 0.005558
0.399897 0.250185 0.005576
0.409119 0.250105 0.005907
0.416714 0.249227 0.005203
0.424604 0.249387 0.005356
0.432691 0.248641 0.005272
0.440573 0.248720 0.006558
0.457067 0.246695 0.005462
0.464741 0.246868 0.005264
0.473644 0.245549 0.006026
0.475713 0.249422 0.006146
0.489774 0.243893 0.005491
0.498421 0.243896 0.006145
0.506290 0.242409 0.005384
0.514108 0.242904 0.006278
0.522311 0.241086 0.005942
0.530049 0.240568 0.005554
0.538675 0.239222 0.005014
0.546562 0.238098 0.005721
0.554535 0.236402 0.005924
0.562601 0.236520 0.006604
0.236070 0.226867 0.005459
0.243865 0.227584 0.005607
0.252497 0.228693 0.005257
0.261369 0.229566 0.005921
0.268002 0.230379 0.005562
0.276415 0.230587 0.005187
0.284580 0.231863 0.005517
0.292913 0.232100 0.005533
0.300752 0.232586 0.005247
0.309490 0.233603 0.005804
0.317213 0.233564 0.005359
0.325702 0.234428 0.005423
0.333783 0.234614 0.005641
0.341457 0.235133 0.004854
0.349821 0.235880 0.005745
0.358637 0.235837 0.005475
0.365796 0.235863 0.005274
0.373697 0.236145 0.006568
0.383056 0.235660 0.005877
0.390174 0.236188 0.005271
0.398065 0.235974 0.004922
0.405787 0.235847 0.005296
0.414941 0.235066 0.006311
0.422844 0.234976 0.004579
0.430142 0.235063 0.005866
0.439073 0.234209 0.005109
0.446411 0.233856 0.005765
0.455590 0.232735 0.006768
0.463942 0.232109 0.006230
0.471589 0.231548 0.005841
0.480231 0.230531 0.005532
0.487051 0.230496 0.006040
0.495147 0.229604 0.005231
0.504345 0.228429 0.005156
0.511456 0.228296 0.005694
0.520266 0.226138 0.006555
0.528941 0.226374 0.005810
0.536700 0.225133 0.006242
0.544518 0.223892 0.005369
0.552606 0.223148 0.005728
0.234604 0.212236 0.004953
0.242142 0.212461 0.005748
0.250561 0.214211 0.005350
0.258815 0.214014 0.006267
0.267093 0.214195 0.006000
0.274916 0.215652 0.005972
0.282606 0.217479 0.006268
0.290575 0.217834 0.005480
0.299635 0.218002 0.004530
0.307422 0.218184 0.004787
0.315953 0.219255 0.005647
0.323871 0.219747 0.005007
0.331054 0.220063 0.005253
0.340270 0.219713 0.005324
0.347972 0.220575 0.005753
0.356379 0.221135 0.004257
0.363848 0.221465 0.005943
0.372829 0.220862 0.005905
0.381277 0.221016 0.005579
0.387966 0.221291 0.005554
0.396630 0.221637 0.006522
0.404887 0.221550 0.005644
0.413310 0.220629 0.004393
0.421512 0.220397 0.006261
0.429009 0.220390 0.005043
0.437436 0.219925 0.005641
0.445940 0.219010 0.006422
0.453467 0.218259 0.005133
0.461831 0.217954 0.005470
0.469832 0.217267 0.005945
0.477943 0.217233 0.005519
0.485399 0.215953 0.005989
0.494572 0.214819 0.005371
0.502295 0.214706 0.005404
0.510739 0.213876 0.005597
0.518878 0.213177 0.005559
0.527061 0.211739 0.005846
0.535250 0.210544 0.006099
0.543378 0.209652 0.006297
0.551729 0.208124 0.004992
0.559102 0.207820 0.005460
0.240383 0.196923 0.005665
0.249109 0.198260 0.006157
0.257279 0.199147 0.006080
0.265715 0.199548 0.005163
0.273549 0.201229 0.006646
0.281539 0.201373 0.005576
0.290158 0.202644 0.006828
0.297797 0.203008 0.005267
0.305434 0.203978 0.005376
0.313264 0.203931 0.006433
0.321899 0.205358 0.005452
0.331150 0.205261 0.005708
0.338356 0.206117 0.006242
0.346267 0.206588 0.005951
0.354799 0.205950 0.006694
0.362185 0.206806 0.005359
0.371619 0.206306 0.005787
0.378663 0.206642 0.005334
0.386743 0.206883 0.006052
0.395086 0.206791 0.006158
0.403967 0.206403 0.005940
0.411980 0.205944 0.005152
0.419928 0.206096 0.005932
0.428030 0.205442 0.005195
0.435161 0.205854 0.005317
0.444629 0.204603 0.005461
0.452350 0.204285 0.005737
0.460083 0.203878 0.005905
0.468188 0.202474 0.005307
0.476761 0.202299 0.005550
0.484083 0.202219 0.006609
0.492546 0.201524 0.005582
0.501609 0.200322 0.005861
0.508826 0.199508 0.005336
0.517244 0.198496 0.006774
0.525257 0.197446 0.005319
0.533782 0.197128 0.005563
0.541226 0.196184 0.005511
0.550052 0.194338 0.005521
0.558210 0.193621 0.006053
0.203090 0.178293 0.005505
0.210940 0.179034 0.005952
0.219527 0.180127 0.006591
0.226994 0.181188 0.005099
0.234596 0.181962 0.005410
0.243806 0.182599 0.005147
0.251290 0.183967 0.005646
0.259735 0.184899 0.005363
0.267998 0.185635 0.005878
0.276399 0.186367 0.003979
0.287833 0.189417 0.006081
0.292761 0.187501 0.005278
0.300587 0.188212 0.005724
0.308438 0.188953 0.004581
0.316382 0.190558 0.006187
0.324744 0.190463 0.004572
0.333216 0.190657 0.004928
0.341103 0.191465 0.005679
0.348782 0.191738 0.005065
0.356952 0.191667 0.005197
0.365300 0.192315 0.006580
0.373006 0.191927 0.005782
0.382429 0.191573 0.005361
0.390365 0.192081 0.005269
0.397762 0.192364 0.005917
0.406150 0.192671 0.005915
0.413575 0.191170 0.005386
0.423151 0.190933 0.004565
0.430050 0.190719 0.005199
0.438122 0.190665 0.004300
0.449131 0.197865 0.005006
0.454486 0.190607 0.005805
0.463118 0.189820 0.006224
0.470716 0.188003 0.006158
0.479214 0.187579 0.005813
0.487472 0.187588 0.006017
0.495531 0.186417 0.004797
0.503512 0.185835 0.005840
0.511685 0.184635 0.004660
0.519763 0.184353 0.005041
0.528168 0.182685 0.005641
0.536687 0.181893 0.006609
0.543997 0.180816 0.005283
0.552080 0.180525 0.005111
0.560153 0.178895 0.005866
0.568338 0.178333 0.005955
0.576453 0.177491 0.005010
0.584830 0.176107 0.005668
0.592819 0.174461 0.005220
0.601684 0.174449 0.005947
0.209682 0.164103 0.005802
0.217658 0.165357 0.005666
0.226039 0.165702 0.005547
0.233736 0.167004 0.005820
0.242337 0.168692 0.005183
0.249805 0.167670 0.006454
0.257676 0.169921 0.006652
0.266503 0.170538 0.006072
0.274360 0.172161 0.005121
0.269609 0.199674 0.006520
0.290472 0.172559 0.004959
0.298547 0.173572 0.006023
0.307783 0.174086 0.006052
0.315390 0.174486 0.005786
0.322250 0.174745 0.006166
0.331606 0.175633 0.006418
0.339648 0.176657 0.005086
0.347991 0.176127 0.006246
0.355371 0.177415 0.005330
0.364056 0.176394 0.005673
0.372378 0.177040 0.005152
0.380012 0.178001 0.005494
0.387903 0.177907 0.005686
0.396188 0.177736 0.005449
0.404697 0.177316 0.005767
0.412102 0.177311 0.005518
0.420739 0.178057 0.005520
0.428271 0.177666 0.005575
0.436817 0.176743 0.005409
0.444701 0.176299 0.006399
0.453159 0.175328 0.005078
0.460825 0.174632 0.006501
0.469212 0.174132 0.005494
0.477530 0.173167 0.005043
0.485184 0.173183 0.004927
0.493440 0.171603 0.005398
0.502367 0.171185 0.005605
0.510252 0.169995 0.005836
0.518066 0.169823 0.006542
0.526208 0.169042 0.005017
0.534209 0.167639 0.006019
0.542720 0.166699 0.006053
0.550636 0.166125 0.005189
0.558444 0.164661 0.005906
0.566787 0.163606 0.006448
0.574911 0.163083 0.006267
0.583098 0.162038 0.005353
0.590597 0.160974 0.006383
0.599521 0.160090 0.005765
0.219687 0.150120 0.005594
0.228025 0.151483 0.005490
0.235706 0.152808 0.006078
0.243637 0.153015 0.005683
0.251532 0.154529 0.005960
0.259507 0.155481 0.005535
0.268201 0.155404 0.005634
0.276682 0.157164 0.005876
0.285362 0.157370 0.005858
0.292697 0.158816 0.005510
0.300420 0.159330 0.005684
0.309161 0.159507 0.005484
0.317191 0.159938 0.005730
0.325490 0.160704 0.004997
0.332956 0.161671 0.005381
0.341601 0.161954 0.006216
0.349368 0.162492 0.005795
0.358128 0.162502 0.005675
0.365746 0.162420 0.005091
0.374154 0.162791 0.005741
0.382303 0.163066 0.005553
0.390715 0.163399 0.005414
0.398235 0.163392 0.006406
0.406451 0.162483 0.004757
0.414247 0.162843 0.005752
0.422230 0.161519 0.006213
0.431010 0.162100 0.006213
0.439287 0.161789 0.005960
0.447569 0.161107 0.005786
0.455407 0.161124 0.005590
0.464493 0.159853 0.005843
0.472125 0.159589 0.005688
0.479912 0.159143 0.005653
0.487928 0.158765 0.005714
0.496215 0.157682 0.006233
0.503500 0.157598 0.005683
0.512330 0.155394 0.005337
0.520133 0.155265 0.005134
0.528257 0.154774 0.005800
0.536438 0.153718 0.004743
0.544741 0.152465 0.006220
0.552456 0.151582 0.005262
0.560515 0.150510 0.005886
0.568640 0.149463 0.006358
0.577472 0.148614 0.006007
0.585011 0.147894 0.006412
0.593006 0.145954 0.006891
0.217898 0.135639 0.006115
0.225773 0.135832 0.005114
0.233711 0.138106 0.006430
0.241917 0.138319 0.005908
0.249240 0.139593 0.006292
0.257829 0.139780 0.006235
0.265859 0.140705 0.005158
0.273965 0.141696 0.006320
0.282537 0.142846 0.005223
0.291537 0.143613 0.005539
0.299074 0.144836 0.004943
0.307469 0.144981 0.006391
0.314562 0.145303 0.005552
0.323563 0.145581 0.005842
0.331256 0.146315 0.004723
0.338991 0.147018 0.005219
0.347211 0.147421 0.006009
0.355876 0.147918 0.006268
0.364851 0.148249 0.005594
0.371872 0.147862 0.005204
0.372143 0.156184 0.005556
0.388503 0.148235 0.005683
0.395935 0.148595 0.005803
0.404596 0.149153 0.005586
0.412956 0.147932 0.006293
0.421034 0.148588 0.005241
0.429394 0.149221 0.005918
0.436694 0.147341 0.005811
0.444294 0.147707 0.006123
0.453771 0.145898 0.004975
0.460225 0.146994 0.005544
0.469423 0.145637 0.005809
0.477644 0.144209 0.006102
0.485498 0.144298 0.005740
0.494211 0.143163 0.006098
0.502748 0.141946 0.005644
0.509950 0.142104 0.005475
0.518373 0.140833 0.005010
0.526608 0.139614 0.006153
0.534169 0.140214 0.007278
0.542507 0.138173 0.004870
0.550633 0.137395 0.005459
0.558404 0.136829 0.005194
0.567090 0.135262 0.005777
0.575312 0.134115 0.006639
0.583019 0.133053 0.005481
0.591625 0.132786 0.006276
0.598750 0.131453 0.005719
0.242881 0.123805 0.005150
0.252039 0.124148 0.005187
0.259132 0.125232 0.006190
0.268060 0.126834 0.005522
0.275381 0.127413 0.006388
0.284179 0.128061 0.005887
0.292187 0.128689 0.005855
0.300124 0.129388 0.005106
0.304811 0.137383 0.005494
0.316385 0.130450 0.004761
0.323911 0.131207 0.005929
0.332915 0.131906 0.005602
0.340386 0.132583 0.006389
0.349370 0.133173 0.005376
0.357371 0.133418 0.005804
0.364785 0.133932 0.005429
0.373734 0.133587 0.006134
0.381412 0.133309 0.005082
0.388674 0.134315 0.005697
0.397927 0.133610 0.005458
0.405645 0.133749 0.004580
0.413696 0.133471 0.005224
0.422140 0.133926 0.006323
0.430526 0.133129 0.006204
0.438238 0.132692 0.005607
0.446453 0.132512 0.006420
0.453730 0.132582 0.005900
0.470547 0.135762 0.006035
0.470489 0.131861 0.005680
0.478792 0.130506 0.005287
0.487372 0.129119 0.005628
0.495399 0.128306 0.006368
0.503607 0.128392 0.005544
0.511097 0.127055 0.004355
0.519042 0.126776 0.005849
0.527872 0.125318 0.005416
0.535522 0.124621 0.004388
0.544295 0.123441 0.005525
0.551500 0.122943 0.005521
0.560159 0.122329 0.005634
0.568261 0.121253 0.005907
0.575326 0.120468 0.005509
0.260926 0.017852 0.008035
0.273720 0.017114 0.008304
0.285689 0.017711 0.009002
0.298368 0.018311 0.008993
0.311245 0.017602 0.008890
0.324408 0.016909 0.008448
0.336032 0.017625 0.008862
0.347958 0.017810 0.008826
0.359589 0.017854 0.008313
0.372457 0.018033 0.009087
0.385489 0.017605 0.007922
0.398083 0.017906 0.008959
0.410785 0.018362 0.008566
0.422233 0.017670 0.008485
0.435031 0.017728 0.008252
0.448359 0.017844 0.008349
0.460441 0.017734 0.008019
0.471718 0.019128 0.008678
0.484756 0.017333 0.008232
0.497709 0.017768 0.008884
0.509822 0.017410 0.008754
0.522484 0.018143 0.008550
0.534824 0.018771 0.008372
0.547743 0.018342 0.008789
0.560067 0.017930 0.008785
0.571539 0.018545 0.008800
0.584323 0.018596 0.009077
0.596895 0.018525 0.008639
0.608683 0.018086 0.008809
0.621620 0.017961 0.008709
0.635085 0.018138 0.008654
0.645957 0.017795 0.008768
0.658847 0.018287 0.008577
0.671882 0.017798 0.008271
0.683729 0.017242 0.008568
0.696259 0.017452 0.008851
0.708679 0.018294 0.009201
0.720778 0.017633 0.008438
0.733926 0.017374 0.009017
0.744782 0.017227 0.008841
0.757229 0.017422 0.009075
0.770393 0.017850 0.008421
0.368147 0.553256 0.004731
0.372149 0.551780 0.005709
0.376080 0.553157 0.005816
0.380737 0.554174 0.003578
0.384562 0.553137 0.006054
0.388580 0.554396 0.006110
0.392599 0.554085 0.003690
0.397468 0.554528 0.005237
0.401566 0.555153 0.004664
0.405723 0.554727 0.005569
0.408761 0.555074 0.005806
0.414257 0.555846 0.005620
0.417617 0.556180 0.005495
0.421933 0.555800 0.006468
0.426396 0.557212 0.003845
0.430453 0.557189 0.004315
0.433914 0.556993 0.005417
0.438912 0.558185 0.004100
0.442239 0.558079 0.004842
0.447609 0.559155 0.004458
0.451100 0.558722 0.004302
0.454945 0.558374 0.005612
0.459137 0.559311 0.004803
0.464153 0.559375 0.005077
0.467750 0.559989 0.005762
0.472319 0.560357 0.006406
0.475305 0.560442 0.005110
0.480178 0.560461 0.005249
0.484598 0.561813 0.005693
0.488259 0.561758 0.004461
0.492533 0.562914 0.004475
0.496585 0.562598 0.005363
0.500368 0.562672 0.005918
0.505401 0.563159 0.004072
0.509222 0.562629 0.005554
0.512861 0.563888 0.005105
0.517246 0.563789 0.005782
0.521423 0.564598 0.004239
0.525183 0.564727 0.005604
0.530761 0.565683 0.005198
0.533718 0.566096 0.003477
0.538428 0.565449 0.004758
0.542431 0.567180 0.004962
0.546370 0.566717 0.005927
0.550151 0.567078 0.004846
0.554981 0.567409 0.004882
0.558186 0.567983 0.006274
0.562107 0.568580 0.004676
0.567379 0.569088 0.005649
0.571895 0.568535 0.006731
0.368146 0.544794 0.002264
0.370441 0.544279 0.003189
0.373280 0.544886 0.002663
0.376098 0.545108 0.003131
0.377935 0.545422 0.002834
0.380700 0.545152 0.002825
0.385239 0.545477 0.002846
0.387742 0.545681 0.002682
0.390128 0.545432 0.002694
0.392817 0.546129 0.002789
0.395190 0.545534 0.003001
0.397629 0.546468 0.002513
0.400233 0.547168 0.002672
0.402676 0.546623 0.002668
0.404707 0.546700 0.002727
0.407161 0.546467 0.002631
0.409588 0.547078 0.002420
0.412010 0.546871 0.002953
0.415014 0.547381 0.002966
0.417212 0.547255 0.002785
0.419577 0.547484 0.002526
0.422520 0.548093 0.002651
0.424318 0.548076 0.003290
0.427282 0.548174 0.002865
0.429567 0.548444 0.002859
0.432022 0.548949 0.002901
0.434021 0.548723 0.002123
0.436663 0.548912 0.003304
0.439324 0.549459 0.002497
0.441788 0.549270 0.001669
0.444483 0.549210 0.002771
0.446352 0.549813 0.002183
0.448599 0.549754 0.003153
0.451348 0.550397 0.002407
0.453723 0.550338 0.002082
0.456521 0.550210 0.003107
0.458955 0.550822 0.001787
0.460847 0.550955 0.002032
0.463816 0.551174 0.002647
0.465900 0.551107 0.002172
0.476670 0.552247 0.002759
0.479152 0.552328 0.002895
0.481292 0.552224 0.003042
0.483750 0.552198 0.002250
0.486308 0.553088 0.001985
0.488929 0.553082 0.002686
0.491246 0.553219 0.002746
0.493804 0.553292 0.002733
0.496008 0.553620 0.002671
0.498589 0.554063 0.002691
0.501308 0.554436 0.003090
0.503272 0.554761 0.003354
0.505439 0.554343 0.002788
0.508552 0.554310 0.003167
0.510356 0.554901 0.002695
0.513319 0.555473 0.002806
0.515739 0.555298 0.002930
0.518240 0.555642 0.002737
0.520977 0.555870 0.002672
0.523037 0.556220 0.002550
0.525565 0.556373 0.002596
0.527659 0.556811 0.002883
0.530231 0.557147 0.002850
0.532936 0.556807 0.002731
0.535321 0.557295 0.002706
0.537887 0.557337 0.002409
0.540507 0.557502 0.002638
0.542396 0.558322 0.002635
0.545178 0.557854 0.003116
0.547554 0.558530 0.002614
0.550019 0.558434 0.002839
0.552688 0.558344 0.003028
0.554586 0.558795 0.003289
0.557801 0.559112 0.002727
0.559676 0.559555 0.002532
0.562525 0.559035 0.002707
0.564772 0.559549 0.003215
0.566974 0.559988 0.002962
0.569512 0.560087 0.002870
0.572689 0.560661 0.002429
0.574970 0.560723 0.002704
0.577027 0.560883 0.002624
0.579570 0.560893 0.002541
0.581791 0.561191 0.001974
0.584724 0.561415 0.002433
0.586985 0.561826 0.002137
0.589377 0.561856 0.003054
0.591798 0.561789 0.002414
0.594186 0.562195 0.002600
0.596530 0.562828 0.002827
0.607278 0.563252 0.002903
0.609683 0.563276 0.003215
0.611508 0.563709 0.002996
0.614803 0.563928 0.002495
0.617001 0.563892 0.002775
0.619396 0.564561 0.002597
0.622114 0.564277 0.002796
0.624152 0.564675 0.002120
0.626911 0.564893 0.002676
0.628999 0.565308 0.002968
0.631239 0.565072 0.003010
0.634227 0.565362 0.002831
0.636234 0.565361 0.002700
0.638600 0.565900 0.002421
0.641729 0.566200 0.002043
0.642634 0.564997 0.003104
0.646405 0.566206 0.003152
0.648685 0.566903 0.002451
0.650980 0.566667 0.002910
0.653145 0.566880 0.002346
0.656266 0.567225 0.002739
0.658506 0.567096 0.002434
0.660862 0.567232 0.002410
0.663691 0.567519 0.003408
0.665738 0.567715 0.002825
0.668363 0.568222 0.002648
0.671070 0.567765 0.003016
0.673338 0.568017 0.002123
0.675863 0.568314 0.002147
0.678256 0.568718 0.002917
0.680455 0.568196 0.003273
0.683313 0.568638 0.002631
0.684721 0.570817 0.002501
0.687747 0.569051 0.002483
0.690827 0.569286 0.002457
0.692596 0.569191 0.003263
0.695221 0.569039 0.002448
0.697677 0.569090 0.002798
0.700200 0.569505 0.002088
0.702800 0.569629 0.002585
0.705614 0.569966 0.003244
0.707903 0.569714 0.002944
0.710288 0.569832 0.002672
0.712536 0.570393 0.002799
0.715450 0.570443 0.002483
0.717252 0.570421 0.001949
0.719441 0.570342 0.002694
0.722558 0.570285 0.002908
0.732722 0.570673 0.003110
0.735062 0.571247 0.002019
0.737708 0.571125 0.003048
0.740090 0.572630 0.002065
0.742444 0.571314 0.003415
0.745129 0.571335 0.002053
0.747287 0.571314 0.002537
0.749774 0.571383 0.002349
0.752583 0.571849 0.003022
0.755153 0.571218 0.002300
0.757054 0.571877 0.002955
0.759810 0.571364 0.002860
0.762492 0.571990 0.003121
0.764737 0.572317 0.003243
0.766913 0.571922 0.002745
0.769806 0.571678 0.003074
0.772048 0.571687 0.002195
0.774396 0.572070 0.002290
0.776807 0.571763 0.002926
0.779155 0.571822 0.001896
0.781346 0.572073 0.003196
0.783856 0.571862 0.003122
0.786480 0.572038 0.001977
0.789094 0.572126 0.001987
0.791492 0.572231 0.002443
0.794025 0.572186 0.003274
0.796063 0.572057 0.002838
0.798849 0.571992 0.002534
0.801252 0.572067 0.003184
0.803593 0.572367 0.002957
0.806514 0.571621 0.002626
0.808484 0.571801 0.002395
0.811209 0.571963 0.002461
0.813711 0.571901 0.002665
0.815985 0.572156 0.002823
0.818859 0.572280 0.002103
0.820891 0.571548 0.002556
0.823183 0.572078 0.002126
0.826181 0.571816 0.002640
0.828308 0.571573 0.002989
0.830832 0.571808 0.002265
0.833293 0.571560 0.002684
0.843077 0.571177 0.002765
0.845675 0.571010 0.002969
0.848468 0.571405 0.002553
0.850774 0.571506 0.002794
0.853360 0.571252 0.003086
0.855453 0.571321 0.002927
0.857991 0.571238 0.002451
0.860771 0.571282 0.002569
0.863000 0.570934 0.002888
0.866310 0.571478 0.002735
0.867990 0.570525 0.002741
0.870342 0.570432 0.002127
0.872742 0.570500 0.002405
0.875649 0.570710 0.002726
0.877410 0.570307 0.002430
0.880507 0.570066 0.003155
0.882453 0.570341 0.002026
0.885027 0.569903 0.001938
0.887899 0.570081 0.003026
0.890012 0.569954 0.003678
0.892805 0.569969 0.002925
0.894977 0.569480 0.002863
0.897599 0.569459 0.003007
0.900158 0.569505 0.002761
0.902687 0.569324 0.003648
0.904867 0.569178 0.002756
0.907287 0.569105 0.002536
0.909575 0.568997 0.002279
0.912197 0.568698 0.002915
0.914398 0.568862 0.002909
0.917357 0.568501 0.002678
0.919567 0.568344 0.002512
0.922075 0.568382 0.002570
0.924649 0.567851 0.003674
0.927228 0.567617 0.002502
0.929742 0.567705 0.002702
0.931988 0.567437 0.002840
0.934685 0.567446 0.002588
0.936559 0.566988 0.003143
0.938732 0.566457 0.003385
0.941663 0.567045 0.003276
0.944471 0.567088 0.002903
0.946988 0.566593 0.002365
0.949024 0.566187 0.002423
0.951744 0.566061 0.003606
0.367682 0.539369 0.005526
0.372708 0.539384 0.005308
0.376417 0.540905 0.004707
0.379313 0.540545 0.005105
0.384563 0.540704 0.004182
0.388284 0.540146 0.007232
0.393772 0.541321 0.005534
0.396966 0.542292 0.005309
0.400736 0.541675 0.005560
0.405101 0.541700 0.004846
0.408873 0.542318 0.004183
0.413972 0.541536 0.004894
0.417507 0.542555 0.006072
0.421374 0.542272 0.004558
0.425151 0.542395 0.005959
0.429839 0.543627 0.004885
0.434319 0.544585 0.005814
0.438431 0.544831 0.004906
0.442743 0.544498 0.004111
0.446649 0.544790 0.006341
0.450351 0.545175 0.004764
0.454255 0.544532 0.006228
0.458494 0.545327 0.004027
0.463882 0.546041 0.004883
0.468456 0.546727 0.006145
0.470965 0.546909 0.006856
0.476357 0.547244 0.005504
0.479812 0.547359 0.004276
0.483456 0.547926 0.004829
0.488389 0.547959 0.003815
0.492546 0.548341 0.005461
0.495482 0.549684 0.005246
0.500610 0.549491 0.005983
0.504767 0.549362 0.005417
0.509128 0.549539 0.006286
0.513014 0.549796 0.005207
0.517129 0.550042 0.004890
0.520937 0.550722 0.005196
0.525758 0.551845 0.005465
0.529288 0.552260 0.005769
0.533947 0.552343 0.004733
0.537866 0.553153 0.005078
0.541686 0.553533 0.006574
0.368542 0.526476 0.005370
0.372047 0.527510 0.003897
0.376683 0.526886 0.006062
0.380768 0.527356 0.004580
0.385804 0.526924 0.005886
0.389798 0.528913 0.006501
0.392427 0.528111 0.005124
0.397283 0.527797 0.006099
0.400762 0.528767 0.005577
0.406104 0.528563 0.005819
0.410058 0.529011 0.005027
0.413645 0.530280 0.005714
0.417674 0.528855 0.005614
0.422315 0.529748 0.004978
0.426733 0.530217 0.005733
0.430282 0.530472 0.005087
0.434768 0.529019 0.006099
0.439043 0.530752 0.005007
0.442797 0.530683 0.004619
0.446649 0.531842 0.004272
0.451143 0.531772 0.004695
0.455392 0.531754 0.006227
0.458817 0.532828 0.005501
0.463718 0.532285 0.005655
0.467978 0.533307 0.005079
0.472615 0.533090 0.005731
0.475706 0.533650 0.005645
0.480744 0.534943 0.005041
0.483879 0.534836 0.004542
0.488896 0.534665 0.004483
0.492883 0.535619 0.004525
0.496000 0.535716 0.005733
0.501326 0.536500 0.005623
0.504990 0.536814 0.004737
0.509470 0.536521 0.005570
0.513095 0.537624 0.005446
0.516712 0.537529 0.004950
0.522276 0.537321 0.006038
0.526700 0.538156 0.005796
0.530059 0.538481 0.005233
0.533612 0.539507 0.005522
0.538414 0.539268 0.005336
0.541953 0.540148 0.005251
0.547004 0.540461 0.004761
0.550520 0.540260 0.004359
0.369512 0.513057 0.004744
0.373036 0.514036 0.004856
0.377963 0.514179 0.005067
0.381243 0.514332 0.006464
0.386674 0.513318 0.004577
0.394645 0.514336 0.005158
0.397855 0.514798 0.004604
0.401696 0.514821 0.005402
0.406218 0.515510 0.003971
0.410474 0.515071 0.004473
0.415433 0.516305 0.005686
0.419772 0.516180 0.005643
0.421981 0.516752 0.005254
0.427702 0.516693 0.004825
0.431621 0.517052 0.004784
0.435172 0.516825 0.004796
0.439624 0.517718 0.005247
0.444188 0.518065 0.006504
0.447360 0.518224 0.005507
0.451549 0.518449 0.004510
0.455929 0.519028 0.006765
0.460675 0.519381 0.005942
0.464306 0.519361 0.005754
0.469771 0.519043 0.006162
0.472658 0.520829 0.004959
0.477760 0.520430 0.006207
0.481900 0.521207 0.005104
0.484979 0.521570 0.004621
0.490167 0.521701 0.005247
0.493309 0.522108 0.004849
0.498019 0.522120 0.003631
0.502051 0.522557 0.006492
0.505840 0.523670 0.005343
0.509360 0.523773 0.006046
0.513726 0.524554 0.005246
0.519039 0.524481 0.004752
0.522050 0.524695 0.005535
0.527176 0.524779 0.004878
0.530789 0.524828 0.004578
0.534499 0.525270 0.004920
0.539370 0.525752 0.005352
0.542717 0.526294 0.004537
0.547464 0.527097 0.004307
0.552118 0.527389 0.005012
0.555790 0.527257 0.006087
0.559599 0.528468 0.004786
0.563270 0.528688 0.006349
0.568233 0.529130 0.005150
0.572105 0.529366 0.004725
0.370670 0.499835 0.004932
0.374759 0.500770 0.005517
0.378854 0.500709 0.004927
0.382750 0.500831 0.005452
0.388218 0.500994 0.004364
0.391689 0.500958 0.004868
0.394729 0.500932 0.004413
0.399468 0.501152 0.004250
0.404598 0.501811 0.004726
0.407875 0.501742 0.005764
0.411821 0.502232 0.005422
0.416661 0.502824 0.005238
0.420362 0.502381 0.005101
0.424353 0.502843 0.005549
0.428567 0.503256 0.005893
0.432923 0.503961 0.003994
0.437036 0.503861 0.004911
0.441676 0.504562 0.005593
0.445155 0.504886 0.004944
0.449849 0.505397 0.004837
0.453123 0.505503 0.006785
0.457369 0.505717 0.006291
0.462476 0.506438 0.005218
0.465770 0.506662 0.006620
0.470000 0.506061 0.005170
0.473925 0.507446 0.004875
0.475865 0.505129 0.004636
0.482895 0.507759 0.005787
0.486462 0.508317 0.004746
0.490812 0.507911 0.003998
0.494973 0.509225 0.005156
0.498741 0.508957 0.004584
0.503223 0.508703 0.005413
0.507265 0.509514 0.004508
0.511332 0.510056 0.004958
0.514869 0.510831 0.004778
0.519176 0.511608 0.004211
0.522643 0.511628 0.006126
0.528007 0.510977 0.005685
0.531807 0.511916 0.005975
0.535002 0.512406 0.006379
0.539900 0.512334 0.004971
0.544191 0.513624 0.004187
0.548535 0.512987 0.005397
0.552765 0.514176 0.006257
0.556620 0.514789 0.005443
0.560135 0.515815 0.006486
0.565527 0.515588 0.005066
0.372269 0.486925 0.005248
0.375971 0.487122 0.005091
0.380617 0.486510 0.006061
0.383747 0.486281 0.005806
0.388127 0.487262 0.005438
0.392399 0.488254 0.005295
0.396399 0.487780 0.006016
0.400409 0.487962 0.005638
0.405405 0.487999 0.005979
0.408746 0.488695 0.004289
0.413744 0.489349 0.004920
0.417766 0.489901 0.005509
0.422238 0.488631 0.005818
0.425787 0.490132 0.005011
0.429875 0.489981 0.004891
0.432904 0.491219 0.006464
0.437789 0.490813 0.004724
0.442546 0.491093 0.004405
0.447190 0.491394 0.005273
0.450907 0.492889 0.006989
0.455081 0.491862 0.003901
0.458625 0.492446 0.005372
0.463638 0.492640 0.005373
0.468327 0.492694 0.004424
0.471264 0.492930 0.005257
0.475556 0.493789 0.005757
0.479042 0.494077 0.006396
0.483671 0.493947 0.004089
0.487395 0.494718 0.004899
0.491980 0.495181 0.005182
0.494117 0.493209 0.005739
0.500662 0.495684 0.003954
0.503580 0.495744 0.005093
0.508324 0.496826 0.003700
0.512805 0.496491 0.003719
0.517382 0.496953 0.006877
0.520987 0.498238 0.005729
0.525943 0.498142 0.005521
0.528827 0.498814 0.006134
0.533002 0.498610 0.005137
0.537187 0.499067 0.005391
0.541473 0.499216 0.004969
0.545545 0.500110 0.004100
0.549937 0.499774 0.006374
0.553919 0.500269 0.005625
0.557801 0.500462 0.005786
0.373421 0.472942 0.005470
0.377131 0.473370 0.005227
0.382390 0.472930 0.006416
0.385468 0.473974 0.006978
0.389458 0.473750 0.005128
0.394344 0.474698 0.006499
0.398494 0.475319 0.005278
0.402349 0.474568 0.004384
0.406486 0.474668 0.005036
0.409937 0.475803 0.005412
0.414651 0.475250 0.006188
0.418763 0.475680 0.005070
0.423028 0.475515 0.005188
0.427484 0.476437 0.005226
0.431016 0.476700 0.004590
0.434733 0.476957 0.005857
0.439562 0.477107 0.005112
0.443584 0.477041 0.006663
0.446874 0.478399 0.006192
0.451883 0.478447 0.005046
0.455640 0.478595 0.004617
0.460632 0.479223 0.005255
0.463703 0.479412 0.005023
0.469130 0.480072 0.004607
0.473175 0.479717 0.005199
0.476478 0.480113 0.006047
0.481498 0.480231 0.006420
0.485213 0.481243 0.005399
0.489529 0.482190 0.005931
0.493079 0.481868 0.006669
0.498873 0.479861 0.004138
0.501382 0.483309 0.005258
0.505876 0.481901 0.004839
0.509383 0.483024 0.005231
0.513190 0.484180 0.006237
0.517686 0.483700 0.006189
0.522802 0.483353 0.005534
0.526506 0.485968 0.005951
0.530283 0.485072 0.005539
0.533607 0.486193 0.005972
0.539663 0.485333 0.005145
0.543037 0.485902 0.005373
0.373315 0.460221 0.005900
0.377594 0.460394 0.005068
0.381972 0.460145 0.005696
0.386988 0.460126 0.006127
0.390482 0.461002 0.005419
0.394683 0.460137 0.005495
0.398849 0.461573 0.005475
0.402403 0.460858 0.005717
0.406562 0.462290 0.006631
0.411559 0.461366 0.006194
0.415232 0.462480 0.005216
0.418571 0.462229 0.005108
0.423169 0.462125 0.005425
0.427943 0.463346 0.006346
0.432497 0.463649 0.005195
0.435946 0.463216 0.004949
0.439658 0.463815 0.003530
0.447686 0.465179 0.005579
0.452088 0.464628 0.004965
0.456257 0.465380 0.006249
0.459865 0.465965 0.004865
0.464445 0.465732 0.004358
0.469657 0.466899 0.005512
0.473085 0.466111 0.005620
0.477984 0.466658 0.007342
0.480835 0.466614 0.006583
0.485644 0.467733 0.005087
0.489430 0.468051 0.005278
0.493787 0.468601 0.005882
0.497749 0.468782 0.005213
0.502027 0.468943 0.004670
0.507203 0.469573 0.005778
0.510255 0.469825 0.005985
0.514340 0.470652 0.005235
0.518913 0.470243 0.004795
0.521924 0.470821 0.004415
0.526624 0.471164 0.004320
0.530722 0.471853 0.005717
0.535090 0.471835 0.005798
0.538291 0.471834 0.005528
0.543214 0.473290 0.005796
0.547111 0.473308 0.003980
0.551815 0.472563 0.005381
0.372758 0.446106 0.005332
0.377866 0.446890 0.003525
0.381887 0.447243 0.006237
0.386024 0.447611 0.005523
0.389811 0.448402 0.004955
0.394047 0.447647 0.004771
0.398573 0.447870 0.004346
0.402923 0.448796 0.006852
0.406593 0.448401 0.006182
0.410761 0.448294 0.005016
0.415251 0.449432 0.005359
0.419145 0.449758 0.005404
0.423587 0.449467 0.005447
0.427527 0.449709 0.004916
0.430599 0.450085 0.005187
0.435575 0.449904 0.004649
0.440160 0.450268 0.005035
0.444355 0.450714 0.006271
0.448051 0.450901 0.004631
0.451994 0.451915 0.005111
0.456275 0.452378 0.003937
0.460333 0.452365 0.004883
0.464582 0.452600 0.005527
0.468581 0.452522 0.004905
0.472924 0.453587 0.004541
0.477138 0.453911 0.004291
0.481363 0.454040 0.005155
0.485981 0.453798 0.005774
0.490481 0.454681 0.006298
0.494329 0.454718 0.005395
0.497696 0.455803 0.005471
0.501975 0.455844 0.003813
0.505810 0.456093 0.005014
0.509967 0.456550 0.005265
0.514688 0.457349 0.005699
0.518844 0.457279 0.005352
0.522529 0.457371 0.006171
0.526643 0.457813 0.003877
0.530787 0.458055 0.005671
0.534879 0.458774 0.005131
0.539418 0.457907 0.005355
0.543061 0.459188 0.004510
0.547808 0.459227 0.005473
0.551830 0.459439 0.006144
0.555752 0.460706 0.005809
0.559456 0.460882 0.003717
0.372975 0.433236 0.004950
0.376852 0.433948 0.003972
0.381283 0.433325 0.005178
0.385207 0.433458 0.004460
0.389388 0.433815 0.005433
0.393946 0.433959 0.005244
0.398054 0.435222 0.006107
0.401300 0.434827 0.005893
0.406052 0.435693 0.005677
0.410618 0.435887 0.004997
0.414393 0.435923 0.005740
0.418347 0.436142 0.004756
0.422086 0.435993 0.003751
0.426477 0.437287 0.006773
0.430330 0.437551 0.005655
0.434789 0.438001 0.004194
0.438515 0.437671 0.004298
0.442641 0.437185 0.006110
0.447012 0.438307 0.005016
0.451213 0.438398 0.005912
0.456097 0.438295 0.004566
0.459643 0.439769 0.005510
0.460805 0.443870 0.005973
0.468064 0.439574 0.006089
0.472185 0.440660 0.004739
0.476302 0.440411 0.005630
0.480112 0.440639 0.005523
0.485401 0.441232 0.005575
0.488857 0.441380 0.004922
0.492749 0.442314 0.006019
0.497055 0.441765 0.005154
0.501366 0.442399 0.004713
0.505750 0.442802 0.004337
0.509265 0.443395 0.005522
0.514375 0.443956 0.005471
0.517552 0.443091 0.005360
0.521588 0.444686 0.005137
0.525717 0.444318 0.005274
0.529317 0.443920 0.005443
0.534606 0.445376 0.005719
0.537853 0.446287 0.005107
0.542746 0.446299 0.004665
0.547799 0.446263 0.004959
0.551069 0.446894 0.005128
0.554152 0.446784 0.005526
0.559195 0.447555 0.005182
0.563291 0.447307 0.005382
0.567663 0.448834 0.005257
0.973047 0.424695 0.006035
0.970569 0.419297 0.006050
0.967089 0.414033 0.006016
0.963065 0.409661 0.006090
0.959597 0.405035 0.006086
0.957061 0.400176 0.006110
0.953983 0.395202 0.006112
0.950387 0.391136 0.006115
0.947458 0.384546 0.006031
0.943595 0.379618 0.005996
0.939599 0.374818 0.006224
0.936095 0.370170 0.005972
0.932311 0.364951 0.006222
0.929390 0.360586 0.006207
0.926040 0.355239 0.005854
0.922955 0.350577 0.005931
0.919643 0.344824 0.006255
0.917631 0.339774 0.006027
0.910661 0.329778 0.006080
0.909114 0.325349 0.006002
0.904847 0.319107 0.005955
0.902164 0.313671 0.005955
0.899544 0.308244 0.006105
0.897285 0.303890 0.006170
0.893707 0.299489 0.006002
0.891816 0.293509 0.005888
0.888990 0.288430 0.006121
0.886533 0.282437 0.006197
0.885438 0.278123 0.006198
0.882493 0.271355 0.006000
0.880649 0.265651 0.006079
0.878218 0.260384 0.006018
0.876014 0.254870 0.006100
0.873946 0.249651 0.006102
0.872124 0.243393 0.006074
0.871014 0.237983 0.005948
0.868537 0.232556 0.006119
0.867183 0.226944 0.006250
0.865202 0.221426 0.006039
0.862643 0.215942 0.006060
0.862068 0.211557 0.006225
0.858882 0.205252 0.005990
0.857957 0.198697 0.006115
0.855859 0.193816 0.006064
0.853989 0.186772 0.006187
0.852447 0.181922 0.006143
0.849986 0.175561 0.006009
0.848358 0.171467 0.006175
0.959972 0.432114 0.006006
0.957605 0.427152 0.006054
0.954040 0.422908 0.006005
0.950529 0.417845 0.005983
0.947424 0.413628 0.005874
0.942679 0.408596 0.006189
0.939638 0.403547 0.006137
0.937291 0.397486 0.005931
0.934447 0.392784 0.005960
0.930027 0.388314 0.005968
0.925900 0.382489 0.005861
0.921832 0.379173 0.006119
0.920651 0.372508 0.006154
0.915241 0.367949 0.006108
0.912855 0.362866 0.006129
0.910786 0.358428 0.006216
0.906298 0.353535 0.006059
0.903705 0.348291 0.005910
0.900587 0.343140 0.006010
0.897934 0.337497 0.006112
0.894978 0.332216 0.006103
0.891370 0.328424 0.006004
0.888572 0.323320 0.006160
0.887065 0.316483 0.006111
0.883422 0.312354 0.006153
0.880662 0.307263 0.006076
0.878656 0.300864 0.006042
0.876380 0.296371 0.006044
0.873671 0.291168 0.006021
0.871109 0.286063 0.006172
0.869636 0.279399 0.005930
0.867630 0.274218 0.006052
0.868337 0.279952 0.006078
0.862266 0.262645 0.006043
0.861257 0.257859 0.006154
0.859785 0.252512 0.006179
0.857555 0.246138 0.006109
0.855676 0.240769 0.006144
0.853344 0.235327 0.006043
0.851177 0.229359 0.006115
0.849258 0.224123 0.006179
0.847997 0.217987 0.006179
0.846449 0.213470 0.006088
0.844643 0.206015 0.005956
0.842039 0.201190 0.006106
0.946146 0.438019 0.006094
0.942838 0.433050 0.006018
0.938266 0.428086 0.006067
0.937072 0.423444 0.006248
0.933903 0.417367 0.005929
0.928757 0.412630 0.006000
0.925771 0.407683 0.006151
0.922892 0.402694 0.006263
0.918848 0.398092 0.006167
0.914003 0.392754 0.006072
0.911280 0.387589 0.006134
0.907317 0.383006 0.006079
0.905681 0.378401 0.006036
0.902150 0.373662 0.006141
0.899368 0.368429 0.006108
0.894653 0.363407 0.005998
0.890658 0.357483 0.006241
0.888032 0.352826 0.006088
0.885865 0.348271 0.006074
0.882707 0.342566 0.006102
0.880335 0.338332 0.006166
0.876612 0.331317 0.006064
0.874466 0.327331 0.006095
0.871423 0.320516 0.006082
0.870171 0.316595 0.006321
0.866219 0.310924 0.006095
0.864259 0.306515 0.006144
0.861336 0.299768 0.006055
0.859677 0.295556 0.006017
0.857090 0.289225 0.005890
0.850095 0.280676 0.005946
0.852882 0.278734 0.006051
0.850888 0.273551 0.006307
0.848340 0.268636 0.006062
0.846543 0.262184 0.005771
0.843006 0.257171 0.006058
0.841985 0.251255 0.005985
0.831490 0.243913 0.005910
0.837950 0.239496 0.005950
0.837821 0.235083 0.006072
0.835721 0.227747 0.006106
0.831926 0.223810 0.006032
0.830162 0.217270 0.006050
0.829229 0.212361 0.005843
0.827015 0.205830 0.006240
0.825436 0.200461 0.005985
0.823230 0.194897 0.006170
0.821979 0.188106 0.006226
0.930071 0.440392 0.006138
0.927027 0.435457 0.005983
0.922931 0.430473 0.006015
0.920015 0.426234 0.006048
0.917398 0.419516 0.006018
0.912873 0.415617 0.005952
0.910854 0.411383 0.005883
0.905929 0.405593 0.005911
0.903710 0.401207 0.005917
0.900288 0.395911 0.006173
0.897346 0.391217 0.005955
0.892118 0.384948 0.006044
0.888923 0.380410 0.006079
0.884452 0.375875 0.006081
0.882132 0.370844 0.005959
0.878099 0.365994 0.006067
0.876402 0.360992 0.006134
0.872918 0.355761 0.006071
0.871014 0.350815 0.006137
0.865722 0.344474 0.006020
0.865088 0.340558 0.005972
0.862519 0.335485 0.006091
0.857600 0.329356 0.006032
0.856056 0.324555 0.006171
0.852721 0.318854 0.005989
0.851261 0.313370 0.005952
0.847072 0.308261 0.006055
0.845438 0.304125 0.006042
0.843290 0.298604 0.005992
0.840606 0.292350 0.006249
0.837877 0.286710 0.006072
0.836028 0.280913 0.006148
0.833633 0.276775 0.006032
0.832167 0.269811 0.006120
0.831359 0.265863 0.006023
0.828281 0.259141 0.006067
0.826728 0.253310 0.005937
0.824206 0.248351 0.006142
0.821720 0.242367 0.006214
0.821423 0.237742 0.005983
0.819731 0.232410 0.006111
0.816796 0.226486 0.006173
0.816349 0.220374 0.005873
0.813070 0.214940 0.006118
0.811634 0.207373 0.006170
0.916725 0.445641 0.005898
0.912167 0.439611 0.005951
0.910177 0.435129 0.006128
0.905129 0.430505 0.006012
0.900629 0.423816 0.006276
0.898178 0.421275 0.006045
0.893272 0.414919 0.006320
0.890990 0.410256 0.006054
0.888383 0.405876 0.006088
0.884703 0.400299 0.006163
0.880396 0.395068 0.006043
0.876029 0.389690 0.005989
0.873016 0.386206 0.006071
0.870017 0.381050 0.006064
0.866207 0.375317 0.006354
0.864289 0.370312 0.005964
0.859569 0.365708 0.005773
0.857891 0.359719 0.005964
0.856231 0.354505 0.006133
0.852074 0.350897 0.006396
0.848665 0.345536 0.006064
0.846440 0.339537 0.006252
0.843715 0.336543 0.006039
0.840643 0.328873 0.005908
0.836982 0.323205 0.005858
0.836234 0.320051 0.006072
0.833164 0.312621 0.005807
0.831189 0.308309 0.006005
0.829062 0.302671 0.006010
0.826550 0.296911 0.005944
0.822889 0.291103 0.006181
0.821774 0.286920 0.006062
0.818656 0.280860 0.006045
0.817580 0.274642 0.006062
0.814898 0.269603 0.006036
0.812952 0.264361 0.005925
0.811266 0.259351 0.006102
0.808930 0.252946 0.006173
0.807258 0.246795 0.006051
0.805662 0.241879 0.005945
0.803750 0.236088 0.005916
0.802535 0.230422 0.006099
0.800016 0.224187 0.005974
0.798808 0.219055 0.006076
0.795787 0.214070 0.006067
0.793561 0.208126 0.006025
0.793069 0.201433 0.006000
0.901621 0.452328 0.006057
0.898175 0.448373 0.006155
0.894812 0.442492 0.006104
0.892197 0.438465 0.006076
0.888473 0.435532 0.006149
0.885025 0.428367 0.006088
0.881844 0.424094 0.006003
0.878334 0.418461 0.006040
0.874776 0.413239 0.006103
0.870925 0.408611 0.005952
0.868026 0.403979 0.006207
0.864688 0.398732 0.005809
0.860921 0.394146 0.006069
0.857319 0.388548 0.006101
0.854033 0.383912 0.005982
0.847213 0.373544 0.005857
0.844929 0.367791 0.006063
0.842514 0.363780 0.006226
0.838099 0.357857 0.006068
0.835239 0.353905 0.006083
0.832672 0.346046 0.005885
0.829255 0.343247 0.006236
0.828210 0.336584 0.005909
0.823640 0.332729 0.006089
0.821481 0.325683 0.006009
0.819682 0.321034 0.006255
0.818193 0.315760 0.006173
0.815758 0.310602 0.005988
0.812223 0.304851 0.006170
0.810560 0.299843 0.005879
0.808728 0.294181 0.006154
0.805419 0.288360 0.006143
0.804045 0.282731 0.006149
0.802357 0.278632 0.006353
0.801013 0.271542 0.006207
0.797721 0.267114 0.005928
0.796865 0.261372 0.005974
0.794521 0.255163 0.006155
0.792289 0.250042 0.005951
0.888430 0.461429 0.006082
0.884031 0.457795 0.006194
0.881097 0.451445 0.006220
0.878328 0.446545 0.005978
0.881022 0.436477 0.006201
0.871730 0.436282 0.005983
0.867585 0.431440 0.005920
0.864589 0.427307 0.006181
0.861951 0.422882 0.005986
0.856747 0.417455 0.006221
0.853463 0.412053 0.006158
0.851048 0.407415 0.006039
0.847103 0.401079 0.006178
0.843899 0.396301 0.006036
0.842385 0.391899 0.006037
0.837683 0.386111 0.006196
0.833932 0.382319 0.005967
0.831270 0.376673 0.006108
0.828659 0.370446 0.006067
0.826604 0.366795 0.006015
0.823707 0.361200 0.006054
0.820178 0.356035 0.006234
0.816976 0.352045 0.006148
0.814424 0.347067 0.006050
0.810932 0.340407 0.006105
0.809011 0.333936 0.005901
0.806531 0.330824 0.006068
0.804169 0.324780 0.006068
0.801630 0.318579 0.006118
0.799605 0.314484 0.006106
0.796294 0.309102 0.006119
0.794943 0.302857 0.006188
0.793387 0.296750 0.005944
0.791979 0.291055 0.006031
0.788415 0.286314 0.006141
0.786973 0.281357 0.006035
0.785240 0.275012 0.005913
0.783263 0.269756 0.006182
0.781400 0.264146 0.005806
0.779905 0.257545 0.006082
0.712211 0.283471 0.006255
0.711960 0.288753 0.005556
0.713129 0.291897 0.005664
0.713501 0.296641 0.005668
0.712962 0.301331 0.005874
0.717625 0.307636 0.005887
0.713950 0.310673 0.005674
0.715900 0.316685 0.005649
0.717735 0.321854 0.005449
0.715148 0.324116 0.005701
0.717778 0.330706 0.005828
0.719024 0.334092 0.005730
0.722198 0.340437 0.005844
0.724097 0.345034 0.005366
0.723588 0.349015 0.005301
0.725367 0.353830 0.005453
0.726017 0.363283 0.005536
0.727810 0.367045 0.006300
0.727792 0.373529 0.006006
0.727328 0.377391 0.005269
0.728469 0.382053 0.005871
0.730154 0.386998 0.005305
0.729809 0.392241 0.005591
0.729378 0.397007 0.005351
0.727866 0.400611 0.005476
0.727987 0.406284 0.005343
0.727287 0.411202 0.005662
0.726790 0.416632 0.005314
0.724886 0.418798 0.005905
0.722964 0.425309 0.005605
0.722055 0.429831 0.006185
0.721400 0.435500 0.005847
0.719170 0.439381 0.005306
0.717170 0.443004 0.005569
0.717561 0.449355 0.005490
0.716464 0.452991 0.005972
0.715301 0.458269 0.005923
0.713757 0.463813 0.006033
0.712285 0.467713 0.005748
0.713064 0.472134 0.005585
0.712399 0.478086 0.005470
0.712741 0.481541 0.005285
0.727756 0.259410 0.005591
0.727256 0.263633 0.005489
0.726320 0.267827 0.006079
0.724972 0.278037 0.005621
0.723526 0.282498 0.005565
0.723058 0.287293 0.005555
0.723441 0.292286 0.005277
0.723261 0.296730 0.005572
0.724438 0.301425 0.005701
0.724508 0.305283 0.004866
0.727526 0.310304 0.005638
0.726017 0.315105 0.005599
0.726483 0.324878 0.006112
0.728272 0.325124 0.005703
0.730702 0.330572 0.005951
0.730396 0.334226 0.006081
0.731580 0.338274 0.005454
0.733572 0.343406 0.005750
0.735482 0.347997 0.005512
0.741076 0.357190 0.005501
0.738059 0.358182 0.005251
0.738250 0.363877 0.006059
0.738299 0.368836 0.005643
0.738240 0.372027 0.006154
0.740269 0.376786 0.005580
0.740187 0.382233 0.005557
0.740187 0.386083 0.005804
0.741392 0.392167 0.005600
0.739629 0.395913 0.005768
0.739114 0.400508 0.005456
0.738611 0.405548 0.005385
0.738975 0.410635 0.006024
0.737141 0.414531 0.005334
0.736117 0.420328 0.005838
0.733636 0.426014 0.005455
0.733836 0.429578 0.006044
0.731370 0.434566 0.005159
0.729543 0.439859 0.005955
0.729013 0.443356 0.005998
0.728574 0.448824 0.006109
0.727339 0.453632 0.006304
0.727549 0.458052 0.005652
0.719114 0.464074 0.005333
0.725149 0.468342 0.005616
0.724177 0.471560 0.006169
0.723000 0.477587 0.005625
0.724029 0.482045 0.005393
0.741382 0.252898 0.005774
0.738283 0.257978 0.005418
0.736410 0.264722 0.005769
0.737032 0.267791 0.005798
0.735526 0.272623 0.005873
0.734933 0.277756 0.005501
0.734877 0.282905 0.006255
0.734465 0.291157 0.005887
0.734896 0.295991 0.006032
0.735850 0.301138 0.005545
0.736460 0.307205 0.006152
0.736386 0.310121 0.005469
0.737932 0.314483 0.006005
0.738913 0.319599 0.005789
0.739537 0.323831 0.005861
0.739846 0.328385 0.005661
0.742675 0.334289 0.005382
0.743008 0.338712 0.005627
0.744640 0.342694 0.005416
0.748484 0.348371 0.006200
0.748682 0.353863 0.006040
0.749441 0.358133 0.005368
0.751106 0.363124 0.005470
0.751224 0.367345 0.005731
0.751177 0.371737 0.005679
0.750878 0.376997 0.005462
0.749646 0.380623 0.006462
0.752235 0.386931 0.005745
0.750915 0.394915 0.005423
0.750766 0.401563 0.006035
0.750919 0.405900 0.005659
0.746757 0.405801 0.006010
0.747697 0.414374 0.005333
0.746054 0.420650 0.005550
0.746641 0.423488 0.006014
0.746078 0.429561 0.006027
0.743572 0.432881 0.005811
0.741601 0.438486 0.005822
0.739465 0.444114 0.005966
0.738378 0.448403 0.006149
0.739247 0.452134 0.005947
0.736606 0.458529 0.005698
0.735720 0.463779 0.006048
0.736202 0.466666 0.005479
0.736569 0.472556 0.005892
0.735614 0.476074 0.005717
0.735428 0.481771 0.005281
0.750181 0.262848 0.005622
0.748528 0.265393 0.005512
0.746741 0.272217 0.005058
0.747351 0.278454 0.006302
0.746566 0.282471 0.005483
0.745643 0.291391 0.005145
0.746151 0.295759 0.005288
0.746773 0.301015 0.006077
0.747335 0.305054 0.005759
0.749055 0.310424 0.005347
0.748916 0.315281 0.005713
0.750114 0.319377 0.005651
0.751098 0.324324 0.005530
0.751622 0.329279 0.005224
0.754274 0.333870 0.005858
0.755545 0.337875 0.005401
0.757355 0.343992 0.005205
0.758034 0.348223 0.005384
0.758060 0.352944 0.005462
0.760495 0.358360 0.005833
0.760306 0.363601 0.005770
0.761951 0.367670 0.005598
0.761923 0.371623 0.006265
0.762323 0.376932 0.006242
0.762851 0.381045 0.005116
0.762365 0.386168 0.005319
0.762934 0.391188 0.005809
0.762504 0.395844 0.006058
0.761157 0.400607 0.005744
0.762095 0.405448 0.005821
0.760180 0.409956 0.005785
0.759908 0.415491 0.006479
0.758825 0.419071 0.005621
0.756971 0.423932 0.005695
0.755801 0.429665 0.005706
0.755067 0.432946 0.006170
0.753499 0.439178 0.006231
0.751802 0.444273 0.005337
0.749974 0.448425 0.005535
0.749135 0.453957 0.005593
0.749373 0.457472 0.005718
0.748607 0.462367 0.005484
0.746895 0.467063 0.005494
0.746972 0.471531 0.005742
0.745131 0.478080 0.006272
0.745637 0.481522 0.005726
0.763569 0.248294 0.006185
0.762253 0.252276 0.006053
0.761903 0.256988 0.005650
0.760855 0.263828 0.005531
0.758753 0.267453 0.005569
0.757395 0.272848 0.005522
0.758362 0.278390 0.005221
0.757567 0.281420 0.005138
0.757817 0.286585 0.005691
0.758121 0.291856 0.005870
0.757403 0.296056 0.005299
0.758052 0.301620 0.005750
0.760266 0.305755 0.005759
0.758858 0.310868 0.005856
0.759195 0.314979 0.005128
0.760489 0.319954 0.005260
0.763284 0.325642 0.005488
0.763516 0.329228 0.006106
0.765623 0.334017 0.005487
0.764738 0.338495 0.005075
0.766750 0.344225 0.005800
0.767908 0.347920 0.005951
0.770446 0.352566 0.005256
0.771354 0.358582 0.005512
0.772877 0.363456 0.005903
0.771799 0.367610 0.006172
0.774201 0.372474 0.005873
0.774254 0.376718 0.006117
0.773995 0.382231 0.005779
0.775661 0.386386 0.005768
0.773390 0.391397 0.005770
0.773708 0.395963 0.005311
0.772842 0.400558 0.005902
0.772260 0.405268 0.005567
0.771019 0.411001 0.005775
0.770733 0.414921 0.005955
0.768814 0.420323 0.005657
0.768123 0.425438 0.005778
0.767300 0.429738 0.005440
0.766855 0.434127 0.005854
0.764692 0.438433 0.005830
0.762581 0.444559 0.005048
0.762175 0.448412 0.004984
0.761418 0.453481 0.005716
0.760688 0.457900 0.006014
0.759273 0.462918 0.005709
0.758902 0.468341 0.005959
0.756054 0.473134 0.005488
0.757987 0.475447 0.005939
0.757661 0.482053 0.005388
