0.471803 0.151162 0.007251
0.479514 0.149911 0.007319
0.485758 0.150965 0.006234
0.493471 0.150827 0.007171
0.499153 0.151102 0.007182
0.505820 0.149956 0.007219
0.512600 0.150281 0.007628
0.519510 0.149830 0.007029
0.525459 0.149289 0.007680
0.531458 0.149550 0.007628
0.538289 0.150293 0.007677
0.545986 0.150103 0.007601
0.553549 0.149709 0.007930
0.558289 0.149789 0.008324
0.566121 0.151033 0.007415
0.571299 0.150757 0.007161
0.579413 0.151003 0.007627
0.585205 0.150780 0.008360
0.592181 0.150440 0.007512
0.599782 0.151110 0.007404
0.606948 0.150422 0.007232
0.611940 0.150257 0.007053
0.618128 0.150543 0.007044
0.624730 0.151004 0.008678
0.632361 0.149826 0.007203
0.638666 0.150213 0.007003
0.642567 0.149625 0.007393
0.651385 0.150524 0.007802
0.658619 0.150246 0.007047
0.664947 0.151390 0.007194
0.672802 0.149675 0.007466
0.678447 0.150433 0.007835
0.686309 0.151532 0.006984
0.699296 0.148585 0.008243
0.705503 0.150702 0.007097
0.711103 0.149385 0.007009
0.719221 0.149824 0.007634
0.726203 0.150833 0.007795
0.731769 0.150755 0.007341
0.737606 0.152035 0.007497
0.744369 0.150120 0.007729
0.751119 0.150865 0.007821
0.757701 0.150880 0.007518
0.766408 0.151117 0.007831
0.771892 0.150147 0.006751
0.040015 0.712400 0.007381
0.049443 0.710693 0.007324
0.059236 0.707353 0.006913
0.068041 0.705856 0.007024
0.078323 0.704120 0.007151
0.088121 0.702525 0.007223
0.096830 0.699291 0.007044
0.107005 0.698681 0.007053
0.116438 0.696742 0.007121
0.126409 0.693823 0.007351
0.135972 0.690899 0.006905
0.146286 0.690132 0.007457
0.155234 0.688816 0.007055
0.164333 0.686869 0.007187
0.174939 0.685239 0.007058
0.183869 0.681953 0.007239
0.192887 0.680482 0.007381
0.203175 0.678702 0.007478
0.213714 0.675962 0.007025
0.223309 0.673583 0.007171
0.232128 0.672402 0.007321
0.241794 0.669405 0.007168
0.251829 0.668167 0.006771
0.260074 0.667351 0.007519
0.272125 0.664449 0.007107
0.280232 0.662259 0.007387
0.290941 0.660093 0.007133
0.298599 0.658098 0.007740
0.308984 0.656691 0.007042
0.319363 0.654062 0.007304
0.328970 0.652626 0.007520
0.338303 0.650480 0.007268
0.347760 0.649216 0.006765
0.357498 0.645889 0.007165
0.367337 0.644684 0.006933
0.376599 0.642774 0.007312
0.386222 0.641216 0.006976
0.396335 0.638280 0.006862
0.403742 0.634675 0.007107
0.415503 0.634767 0.007613
0.424635 0.631253 0.007664
0.434396 0.631582 0.007074
0.444563 0.628125 0.007331
0.453854 0.626767 0.007284
0.463891 0.625031 0.006852
0.040864 0.689905 0.007230
0.049858 0.687939 0.006939
0.059162 0.686452 0.007274
0.069633 0.683369 0.007380
0.079124 0.682016 0.007132
0.088429 0.680591 0.007307
0.097452 0.679214 0.007424
0.107825 0.676565 0.006853
0.116990 0.673879 0.006998
0.126573 0.672611 0.007005
0.136673 0.670350 0.007065
0.146361 0.669920 0.007531
0.155458 0.666227 0.007214
0.166089 0.663570 0.007374
0.174822 0.662293 0.007208
0.185411 0.659927 0.007072
0.193717 0.658235 0.007219
0.204078 0.656993 0.007258
0.213722 0.653658 0.006866
0.224405 0.652148 0.006963
0.232578 0.649847 0.007122
0.242529 0.649218 0.006868
0.252168 0.645476 0.007018
0.262241 0.644401 0.006999
0.271897 0.642114 0.007401
0.282070 0.640392 0.007060
0.290422 0.637940 0.007604
0.299960 0.636955 0.006895
0.309787 0.634514 0.007074
0.319983 0.632525 0.007093
0.330974 0.629005 0.007312
0.339467 0.628706 0.006697
0.348650 0.627269 0.007349
0.357580 0.624219 0.007310
0.367407 0.622778 0.007177
0.377551 0.619692 0.007176
0.387414 0.618066 0.006765
0.396342 0.615965 0.007178
0.406870 0.613982 0.006958
0.415283 0.612191 0.007330
0.426793 0.609444 0.007008
0.434892 0.608084 0.007014
0.445507 0.606442 0.006921
0.454468 0.604653 0.007051
0.464261 0.603204 0.007255
0.473538 0.600046 0.007413
0.482885 0.599307 0.007197
0.493519 0.596434 0.007060
0.040955 0.668559 0.007293
0.055309 0.661560 0.006912
0.059106 0.663276 0.007468
0.070612 0.662309 0.007085
0.079375 0.660151 0.006866
0.089991 0.657878 0.006989
0.099306 0.656725 0.007152
0.108564 0.654399 0.007098
0.119226 0.651189 0.007104
0.128355 0.648768 0.007340
0.132763 0.658390 0.006982
0.146687 0.646879 0.007145
0.156930 0.643786 0.007004
0.166504 0.642931 0.006781
0.176154 0.639763 0.006888
0.185565 0.637458 0.007130
0.195062 0.636694 0.007048
0.204547 0.635202 0.006983
0.214540 0.632022 0.007202
0.224860 0.629903 0.006871
0.233958 0.629574 0.006962
0.242741 0.626621 0.007012
0.252181 0.624262 0.007596
0.262605 0.621926 0.006901
0.273017 0.619483 0.006790
0.282518 0.618169 0.006915
0.291345 0.616035 0.007203
0.301705 0.614607 0.007125
0.310909 0.612007 0.007560
0.320865 0.610780 0.007565
0.329621 0.608606 0.007291
0.339524 0.606324 0.006999
0.349931 0.604704 0.007336
0.358360 0.602522 0.007030
0.369760 0.599837 0.007312
0.379225 0.598141 0.006734
0.388604 0.595700 0.006998
0.397659 0.594903 0.007271
0.407967 0.592430 0.007342
0.416941 0.590513 0.007014
0.427286 0.588481 0.006896
0.437053 0.585830 0.007480
0.445526 0.584653 0.006887
0.455124 0.582597 0.006899
0.464596 0.579402 0.007311
0.474637 0.578535 0.006956
0.485325 0.575570 0.007282
0.493796 0.575116 0.007346
0.503922 0.572793 0.007159
0.041852 0.644794 0.007064
0.051075 0.644346 0.006974
0.061826 0.641373 0.006850
0.071216 0.639595 0.007261
0.083847 0.636879 0.007306
0.090041 0.635477 0.006981
0.099313 0.633621 0.006847
0.108753 0.632024 0.006994
0.118677 0.630172 0.007100
0.128061 0.627414 0.007032
0.138885 0.627273 0.007104
0.148346 0.622917 0.006953
0.157605 0.622160 0.007048
0.167754 0.620566 0.007498
0.176636 0.617726 0.007040
0.186655 0.616174 0.007211
0.196429 0.614602 0.007612
0.210740 0.610025 0.007216
0.215778 0.609100 0.006852
0.225232 0.606665 0.007007
0.235035 0.604946 0.006976
0.254484 0.603181 0.007170
0.262840 0.600153 0.007026
0.274101 0.597488 0.006972
0.283098 0.595470 0.007115
0.292607 0.593532 0.007534
0.302628 0.592415 0.007319
0.312910 0.590248 0.006904
0.325266 0.578270 0.006844
0.332513 0.586521 0.007285
0.340361 0.584380 0.006951
0.350647 0.583004 0.007029
0.360415 0.580691 0.006883
0.370037 0.578071 0.007627
0.379510 0.575558 0.007207
0.388965 0.574712 0.007137
0.397432 0.572019 0.007251
0.408138 0.569759 0.007033
0.417624 0.569120 0.007185
0.427442 0.566073 0.007144
0.437076 0.563984 0.007044
0.447174 0.561536 0.007512
0.043298 0.624904 0.007077
0.051584 0.621875 0.007184
0.061122 0.620207 0.007326
0.071794 0.618564 0.007383
0.081339 0.616638 0.007235
0.091152 0.613886 0.007228
0.100096 0.611318 0.007193
0.111067 0.609159 0.007273
0.120486 0.607072 0.007561
0.130423 0.606115 0.007017
0.139075 0.604702 0.006921
0.147914 0.601227 0.007316
0.158110 0.600980 0.006949
0.168252 0.598561 0.007516
0.177264 0.596034 0.007044
0.186823 0.594311 0.007230
0.197776 0.593345 0.007323
0.207426 0.589584 0.007196
0.216785 0.586754 0.006788
0.226406 0.586124 0.007576
0.236116 0.583817 0.007046
0.245753 0.581333 0.007082
0.254997 0.578874 0.007112
0.264692 0.578076 0.007150
0.273332 0.575395 0.007211
0.283776 0.573929 0.006899
0.293123 0.572184 0.006753
0.303289 0.569993 0.006898
0.313034 0.567732 0.007019
0.322235 0.565918 0.007061
0.332667 0.563402 0.006861
0.342004 0.562121 0.007195
0.351611 0.560456 0.006599
0.361700 0.557078 0.006863
0.371425 0.555845 0.006904
0.380594 0.554436 0.007172
0.390357 0.552095 0.007196
0.399269 0.551424 0.006659
0.409792 0.548076 0.006964
0.419155 0.546140 0.007563
0.043775 0.602124 0.006873
0.053033 0.599657 0.006615
0.063225 0.597729 0.007041
0.073172 0.595539 0.007559
0.082815 0.593074 0.007027
0.091554 0.592179 0.006928
0.101776 0.589613 0.007048
0.111944 0.586858 0.007165
0.120956 0.586589 0.007158
0.130767 0.584300 0.007098
0.140884 0.582357 0.007491
0.151403 0.580375 0.006903
0.158734 0.578342 0.007191
0.169421 0.576515 0.007097
0.178890 0.574281 0.007104
0.188366 0.571530 0.007127
0.198545 0.569106 0.007291
0.207733 0.566706 0.006954
0.218159 0.565655 0.007068
0.227506 0.563364 0.007122
0.237083 0.562684 0.006859
0.246430 0.560504 0.006756
0.255425 0.558510 0.007216
0.266594 0.551567 0.007015
0.275777 0.552727 0.007277
0.284151 0.551861 0.007297
0.295135 0.549515 0.007184
0.304336 0.547935 0.007160
0.314376 0.545494 0.007560
0.323300 0.545273 0.007506
0.331877 0.543176 0.007310
0.342130 0.540370 0.006887
0.352140 0.539070 0.007411
0.361652 0.536309 0.007151
0.371807 0.535077 0.007559
0.390117 0.530162 0.006901
0.400067 0.528687 0.007180
0.409733 0.524756 0.007021
0.420592 0.524669 0.007040
0.430105 0.522789 0.007177
0.438528 0.520378 0.006949
0.449188 0.517778 0.007054
0.457606 0.515175 0.006997
0.468044 0.512899 0.006507
0.044511 0.579841 0.006824
0.055478 0.576884 0.006967
0.063946 0.576327 0.006939
0.074330 0.573749 0.007157
0.083209 0.571641 0.007346
0.093334 0.571082 0.006971
0.102655 0.568062 0.007294
0.112114 0.566475 0.007269
0.121757 0.562069 0.006913
0.131153 0.560792 0.007262
0.142478 0.559536 0.006932
0.151623 0.556752 0.007151
0.159223 0.555032 0.007576
0.170935 0.552919 0.007164
0.179605 0.551901 0.007060
0.189813 0.549948 0.006867
0.198873 0.548050 0.007057
0.208564 0.546529 0.006812
0.217333 0.544088 0.007458
0.227538 0.541889 0.007009
0.237251 0.539048 0.007428
0.247421 0.537590 0.007537
0.256388 0.536349 0.006782
0.266103 0.534163 0.006923
0.276239 0.531438 0.006778
0.285874 0.529861 0.006956
0.294799 0.527581 0.006910
0.304207 0.526914 0.007048
0.314826 0.524827 0.007323
0.324984 0.520691 0.007337
0.334244 0.520265 0.007582
0.343736 0.518692 0.007379
0.353543 0.516074 0.006827
0.361863 0.514078 0.007389
0.372618 0.511450 0.007348
0.382036 0.510312 0.007064
0.391978 0.507122 0.006826
0.401015 0.506366 0.007255
0.410499 0.503663 0.007225
0.420932 0.501676 0.007018
0.433896 0.493961 0.007279
0.439971 0.497926 0.006888
0.450134 0.495824 0.006845
0.459726 0.494497 0.007107
0.469362 0.491210 0.006873
0.477684 0.489820 0.007434
0.488755 0.488123 0.007145
0.498420 0.485671 0.007345
0.046769 0.557194 0.007261
0.055963 0.555872 0.007347
0.064005 0.553592 0.007334
0.076179 0.551240 0.007280
0.084672 0.550095 0.007157
0.093486 0.547466 0.007969
0.102878 0.545298 0.007132
0.112764 0.542067 0.007341
0.122177 0.542009 0.007022
0.132441 0.539391 0.007434
0.142238 0.537251 0.007608
0.152025 0.535165 0.007019
0.162191 0.534008 0.007256
0.170822 0.532155 0.007245
0.180779 0.530386 0.007139
0.189150 0.527985 0.007454
0.199736 0.526542 0.007286
0.208932 0.524602 0.007309
0.219462 0.521053 0.007040
0.228071 0.521060 0.007065
0.237904 0.519092 0.007060
0.248135 0.515490 0.007261
0.257823 0.513989 0.007110
0.267822 0.512354 0.007377
0.277027 0.509101 0.006994
0.286727 0.508509 0.006883
0.296536 0.504804 0.006660
0.306546 0.503162 0.007445
0.316433 0.501641 0.007711
0.324562 0.499684 0.007344
0.334720 0.497877 0.007167
0.344714 0.495802 0.006798
0.353734 0.493779 0.007024
0.363935 0.491975 0.006951
0.373173 0.490312 0.007364
0.383000 0.487995 0.007307
0.393715 0.485663 0.007452
0.402142 0.483991 0.007016
0.412321 0.482076 0.007095
0.420898 0.480096 0.006720
0.431165 0.477971 0.007036
0.046668 0.535002 0.007435
0.056327 0.533166 0.007126
0.064790 0.531293 0.006884
0.076261 0.530199 0.007276
0.084369 0.528629 0.007084
0.094130 0.526186 0.007268
0.104437 0.523340 0.007361
0.114346 0.521413 0.006713
0.122989 0.520061 0.007198
0.133324 0.517549 0.007346
0.143231 0.516242 0.007265
0.152735 0.513031 0.006730
0.162221 0.512237 0.007082
0.173134 0.509546 0.007580
0.181203 0.507759 0.007504
0.189805 0.512893 0.007256
0.200102 0.503210 0.007332
0.209839 0.501424 0.006965
0.218846 0.498836 0.007259
0.229806 0.498489 0.007174
0.239141 0.495092 0.007362
0.249022 0.494402 0.006652
0.258989 0.491195 0.007164
0.267940 0.490266 0.007238
0.278533 0.488374 0.007071
0.287720 0.485070 0.007124
0.297778 0.483655 0.007143
0.306870 0.482575 0.007074
0.316408 0.479304 0.006911
0.326664 0.478305 0.007208
0.335809 0.474357 0.007250
0.345244 0.474860 0.007429
0.354901 0.472418 0.007288
0.364583 0.468810 0.007609
0.374047 0.467366 0.007225
0.383894 0.466299 0.007201
0.393377 0.463077 0.007179
0.404116 0.462698 0.007467
0.412995 0.460685 0.006985
0.422448 0.456965 0.006814
0.431623 0.456373 0.006818
0.442515 0.453715 0.007283
0.450925 0.452161 0.007050
0.460765 0.449826 0.006835
0.470565 0.447476 0.006970
0.480096 0.446213 0.007470
0.047184 0.513777 0.006909
0.056303 0.512314 0.007145
0.066152 0.509419 0.007323
0.074712 0.507116 0.006971
0.085956 0.505034 0.007211
0.094970 0.504926 0.007176
0.105485 0.501986 0.007277
0.114511 0.499967 0.007130
0.125031 0.501103 0.007202
0.133893 0.495844 0.007024
0.143629 0.493023 0.006961
0.153296 0.492105 0.007252
0.163109 0.488953 0.007298
0.172594 0.487856 0.007003
0.182294 0.485206 0.007109
0.192512 0.483323 0.007605
0.202550 0.481831 0.007282
0.211044 0.479564 0.007237
0.220410 0.477223 0.006976
0.230785 0.475898 0.007190
0.239599 0.474894 0.007254
0.249925 0.471386 0.006907
0.259281 0.469725 0.006922
0.269364 0.468118 0.007075
0.278293 0.465715 0.007281
0.288380 0.462839 0.007124
0.297627 0.462059 0.006859
0.307581 0.459685 0.007143
0.317417 0.457442 0.006947
0.327056 0.455125 0.007626
0.335961 0.453563 0.007364
0.346033 0.452382 0.007522
0.354035 0.449947 0.007394
0.365007 0.448118 0.006529
0.375357 0.444391 0.007237
0.384031 0.443660 0.007363
0.394619 0.441178 0.007141
0.403669 0.438373 0.006962
0.412852 0.437546 0.007089
0.423201 0.436067 0.007063
0.432094 0.434919 0.007068
0.441557 0.432789 0.007307
0.047769 0.491694 0.006782
0.057485 0.489778 0.006979
0.067345 0.488323 0.007333
0.076282 0.484913 0.007570
0.086923 0.482462 0.007331
0.095555 0.481168 0.007210
0.106033 0.480285 0.006859
0.115427 0.477615 0.007220
0.125024 0.474654 0.007273
0.131700 0.474999 0.006969
0.144973 0.470993 0.006791
0.153345 0.469225 0.007112
0.164089 0.467975 0.007085
0.174105 0.466588 0.007321
0.182781 0.463844 0.007141
0.191790 0.461782 0.006957
0.202099 0.459318 0.007028
0.211957 0.456616 0.007155
0.221543 0.456530 0.007204
0.231075 0.453522 0.006871
0.240412 0.451481 0.007297
0.251132 0.450126 0.007413
0.260640 0.448838 0.006924
0.270126 0.445641 0.007545
0.279896 0.443378 0.006889
0.289516 0.441672 0.007019
0.298636 0.439366 0.006582
0.313031 0.438857 0.007349
0.318638 0.434805 0.007498
0.327272 0.432487 0.007226
0.336308 0.431739 0.007159
0.345815 0.428491 0.006984
0.357118 0.427177 0.007235
0.366241 0.423932 0.007383
0.375264 0.422816 0.007039
0.385548 0.422161 0.007152
0.394306 0.420165 0.006978
0.404776 0.418824 0.007103
0.413959 0.415116 0.006964
0.423118 0.414757 0.007616
0.433473 0.411643 0.007315
0.443424 0.410448 0.006591
0.452181 0.407239 0.006745
0.462632 0.405804 0.007061
0.472968 0.403701 0.006869
0.482543 0.401656 0.007309
0.491386 0.398443 0.007171
0.501948 0.397478 0.007438
0.049441 0.470112 0.007428
0.058176 0.466561 0.007167
0.067450 0.466661 0.007313
0.075402 0.468044 0.007439
0.087177 0.461511 0.007064
0.096426 0.458355 0.006897
0.106979 0.457148 0.007256
0.116851 0.455057 0.007163
0.126252 0.453854 0.006870
0.135621 0.451484 0.007334
0.145543 0.449257 0.007373
0.154575 0.448155 0.007733
0.164376 0.444679 0.007233
0.174646 0.442910 0.006914
0.184330 0.441153 0.006930
0.193145 0.439971 0.007334
0.203918 0.438347 0.006719
0.213023 0.435932 0.006899
0.226394 0.437571 0.006966
0.231904 0.431420 0.007351
0.251637 0.427586 0.006976
0.261939 0.424632 0.007131
0.270702 0.423637 0.007077
0.279474 0.422256 0.007311
0.290195 0.420600 0.007479
0.299263 0.417768 0.007252
0.309166 0.416223 0.006918
0.319504 0.413035 0.007185
0.328196 0.410941 0.007152
0.337877 0.409780 0.007177
0.348063 0.406554 0.007252
0.357454 0.405881 0.006814
0.366534 0.404088 0.007168
0.375719 0.402349 0.007156
0.387287 0.399938 0.006895
0.395597 0.397600 0.007742
0.405568 0.396049 0.006887
0.410682 0.401755 0.007222
0.425254 0.392070 0.006658
0.434197 0.390231 0.007017
0.444252 0.387406 0.007024
0.453787 0.385350 0.006844
0.463658 0.383541 0.007304
0.473377 0.381144 0.006902
0.483049 0.379322 0.007122
0.492367 0.377551 0.007191
0.501926 0.376032 0.007161
0.512092 0.373291 0.007102
0.521530 0.370753 0.007012
0.050781 0.446172 0.007250
0.059072 0.445817 0.007142
0.070177 0.443167 0.007479
0.077951 0.441121 0.007130
0.087802 0.439000 0.007397
0.097856 0.437884 0.006376
0.108159 0.434632 0.006899
0.116913 0.433224 0.007123
0.127908 0.430103 0.007063
0.135861 0.429422 0.007275
0.145312 0.428344 0.007208
0.156488 0.425476 0.006811
0.163965 0.422658 0.007217
0.175151 0.422166 0.007089
0.185036 0.419085 0.007127
0.194102 0.418049 0.006754
0.204629 0.416365 0.007135
0.214519 0.412124 0.007174
0.223006 0.411927 0.006994
0.232557 0.409295 0.007452
0.243130 0.408086 0.006741
0.252117 0.404612 0.007055
0.261409 0.403252 0.007033
0.272350 0.400716 0.007128
0.281551 0.399981 0.006988
0.291796 0.397466 0.007457
0.300862 0.396116 0.007247
0.310109 0.394265 0.007370
0.320397 0.391390 0.007382
0.330074 0.389816 0.006960
0.339345 0.387527 0.007358
0.349661 0.385465 0.007225
0.358772 0.384258 0.007268
0.368067 0.381209 0.006972
0.377446 0.379285 0.007487
0.388215 0.378713 0.006673
0.397112 0.374939 0.007286
0.406320 0.372946 0.007044
0.416569 0.370905 0.007238
0.425591 0.370371 0.007418
0.435984 0.368653 0.007327
0.050754 0.425045 0.006878
0.060644 0.424437 0.007084
0.070258 0.422187 0.007308
0.079827 0.419333 0.006987
0.089940 0.417515 0.006759
0.098625 0.416276 0.006821
0.108818 0.413448 0.006911
0.118981 0.410799 0.007269
0.127566 0.409503 0.007016
0.137075 0.406876 0.007296
0.147353 0.405805 0.007150
0.164948 0.401739 0.006715
0.175291 0.399502 0.006812
0.185062 0.396035 0.006992
0.195203 0.396447 0.007444
0.205108 0.393825 0.007174
0.214046 0.390737 0.007049
0.223593 0.388968 0.007124
0.233404 0.387378 0.007142
0.243013 0.385493 0.007051
0.252955 0.383768 0.006967
0.262170 0.380972 0.006639
0.272826 0.379670 0.007164
0.282777 0.378672 0.007429
0.291976 0.374543 0.006926
0.300050 0.373168 0.007203
0.310889 0.371444 0.007358
0.321325 0.369086 0.007174
0.330363 0.367566 0.006684
0.340583 0.364480 0.007322
0.350080 0.363596 0.007255
0.358622 0.360358 0.007128
0.369687 0.359924 0.007116
0.378531 0.356235 0.007449
0.387841 0.355435 0.006951
0.397677 0.352132 0.007100
0.407267 0.351271 0.007443
0.416539 0.350559 0.007466
0.426569 0.347759 0.006998
0.052532 0.402313 0.006940
0.061170 0.400667 0.006948
0.071133 0.399506 0.007299
0.080622 0.397068 0.006793
0.089736 0.394407 0.007022
0.100021 0.393407 0.006871
0.108974 0.390716 0.006888
0.118585 0.390054 0.007347
0.128914 0.388072 0.007120
0.137739 0.385295 0.007241
0.147535 0.383178 0.006707
0.156998 0.382280 0.006896
0.166887 0.379498 0.006852
0.177785 0.377445 0.007038
0.186321 0.375504 0.007170
0.195703 0.373147 0.007116
0.205657 0.372192 0.006518
0.214993 0.369830 0.007314
0.224597 0.367166 0.007464
0.234872 0.365294 0.006879
0.243532 0.364599 0.007275
0.253569 0.360406 0.007748
0.263954 0.357887 0.007016
0.273753 0.357087 0.006970
0.282634 0.355844 0.007007
0.291717 0.354348 0.007175
0.302391 0.351064 0.007287
0.312219 0.348924 0.007469
0.321316 0.347679 0.006735
0.331214 0.345214 0.007140
0.340961 0.343847 0.007005
0.351381 0.341405 0.006780
0.359954 0.338856 0.006640
0.369413 0.337925 0.007445
0.378765 0.336455 0.006880
0.389373 0.333524 0.006766
0.398250 0.331786 0.006719
0.407239 0.329428 0.006561
0.417473 0.327726 0.007098
0.427762 0.326240 0.006992
0.436202 0.323785 0.007085
0.445365 0.321757 0.007478
0.456857 0.320782 0.007261
0.466406 0.317662 0.007166
0.475895 0.314535 0.006880
0.485438 0.312900 0.006705
0.305905 0.139437 0.005265
0.303841 0.142914 0.005357
0.301393 0.146718 0.005360
0.298387 0.152403 0.004930
0.295331 0.151238 0.005313
0.293464 0.159307 0.005243
0.291692 0.164046 0.005149
0.288805 0.168100 0.005193
0.299533 0.179222 0.005233
0.283656 0.176174 0.005147
0.280745 0.179736 0.005264
0.277848 0.184835 0.005234
0.275742 0.188498 0.005326
0.273229 0.193018 0.005170
0.270866 0.197574 0.005233
0.268022 0.201138 0.005169
0.266142 0.205130 0.005193
0.262434 0.209296 0.005207
0.260245 0.213235 0.004941
0.257872 0.216976 0.005315
0.255471 0.221694 0.005310
0.252273 0.225984 0.005186
0.250185 0.229824 0.005484
0.247754 0.234016 0.005197
0.244428 0.238667 0.004990
0.242207 0.242895 0.005154
0.240258 0.246940 0.005430
0.237152 0.250602 0.005193
0.234387 0.255021 0.005022
0.232416 0.258858 0.005364
0.229710 0.263616 0.005091
0.227538 0.267364 0.005340
0.223818 0.271605 0.005263
0.221728 0.275810 0.005210
0.219144 0.280423 0.005541
0.216740 0.283260 0.005286
0.213901 0.287683 0.005437
0.211219 0.292484 0.005231
0.209387 0.296224 0.005075
0.205782 0.300103 0.005378
0.203141 0.304882 0.005127
0.336725 0.112576 0.005507
0.333766 0.117373 0.005027
0.331493 0.122590 0.004994
0.328860 0.126536 0.005247
0.325827 0.129206 0.005203
0.323923 0.133636 0.005154
0.320985 0.138301 0.005214
0.317950 0.142989 0.005154
0.315472 0.146461 0.005271
0.313430 0.150730 0.005119
0.310491 0.155389 0.005239
0.307873 0.159183 0.005277
0.305479 0.163173 0.005188
0.303437 0.167415 0.005210
0.300478 0.171625 0.005197
0.297640 0.175042 0.005270
0.295681 0.179223 0.005360
0.292285 0.183404 0.005041
0.290046 0.187232 0.005393
0.287639 0.191378 0.005214
0.285474 0.195935 0.005275
0.282469 0.200330 0.005286
0.279324 0.204109 0.005209
0.277584 0.208159 0.005215
0.274372 0.212780 0.005215
0.271895 0.216228 0.005286
0.269825 0.220312 0.005419
0.267441 0.225021 0.005124
0.264722 0.229768 0.005134
0.262141 0.232824 0.005153
0.259464 0.237265 0.005210
0.257295 0.241453 0.005137
0.254402 0.245864 0.005363
0.251817 0.249484 0.005233
0.248707 0.254637 0.005131
0.246504 0.257118 0.005148
0.243466 0.262622 0.005096
0.241578 0.266396 0.005235
0.238756 0.270282 0.005061
0.236198 0.274186 0.005067
0.233507 0.278232 0.005230
0.231137 0.282958 0.004936
0.228942 0.286598 0.005311
0.225897 0.291300 0.005355
0.223110 0.295235 0.005205
0.220713 0.299702 0.005348
0.218829 0.303714 0.005324
0.215968 0.307490 0.005126
0.213114 0.311024 0.005428
0.328800 0.784702 0.005964
0.337051 0.785136 0.006005
0.344659 0.786660 0.006027
0.353023 0.787072 0.006035
0.360768 0.787492 0.005952
0.368974 0.787628 0.005980
0.376845 0.788859 0.005966
0.384407 0.788940 0.005962
0.392160 0.788919 0.005997
0.400980 0.788382 0.006008
0.409778 0.787361 0.006052
0.416677 0.787637 0.005957
0.426039 0.786050 0.005985
0.433536 0.786093 0.005985
0.441827 0.785285 0.005971
0.449917 0.783729 0.005996
0.457887 0.782137 0.006036
0.466546 0.780858 0.005925
0.474336 0.779167 0.006054
0.483365 0.776511 0.005949
0.491520 0.774156 0.006042
0.500255 0.772084 0.005977
0.508153 0.769784 0.006072
0.517695 0.766621 0.005992
0.524772 0.766041 0.006004
0.533489 0.763032 0.006058
0.542311 0.760056 0.006024
0.550467 0.757115 0.005952
0.558480 0.755118 0.005956
0.567394 0.751790 0.006000
0.574587 0.751027 0.006014
0.584366 0.748154 0.006050
0.592349 0.745845 0.006013
0.600581 0.743626 0.006009
0.608214 0.742328 0.006013
0.617381 0.740878 0.005990
0.625032 0.739521 0.006012
0.633971 0.737430 0.005999
0.641635 0.736286 0.006026
0.650383 0.736360 0.005978
0.657999 0.734852 0.006047
0.667362 0.734259 0.006034
0.674547 0.734856 0.006003
0.682489 0.735079 0.005984
0.690893 0.734886 0.006014
0.698874 0.734541 0.006030
0.331234 0.776165 0.003585
0.335527 0.776415 0.003609
0.339971 0.777056 0.003574
0.344389 0.778057 0.003593
0.349010 0.778034 0.003619
0.353074 0.778608 0.003601
0.358042 0.778964 0.003578
0.362517 0.779328 0.003595
0.366910 0.779576 0.003607
0.371931 0.779875 0.003590
0.376173 0.780252 0.003658
0.380915 0.780607 0.003559
0.385540 0.780191 0.003596
0.390191 0.780407 0.003593
0.394978 0.780400 0.003566
0.399326 0.780249 0.003588
0.404101 0.779923 0.003605
0.408464 0.780311 0.003604
0.413379 0.779796 0.003608
0.417949 0.779170 0.003619
0.422525 0.778615 0.003599
0.426924 0.778597 0.003638
0.431728 0.778505 0.003603
0.435989 0.777553 0.003657
0.440943 0.777234 0.003615
0.445938 0.775837 0.003601
0.450081 0.775430 0.003603
0.455178 0.774209 0.003603
0.460086 0.773535 0.003575
0.465022 0.772369 0.003591
0.469312 0.771436 0.003583
0.473965 0.770749 0.003557
0.478817 0.769404 0.003601
0.483401 0.768464 0.003585
0.488222 0.767610 0.003608
0.493307 0.766318 0.003584
0.498146 0.764578 0.003605
0.502810 0.763112 0.003587
0.507119 0.761987 0.003614
0.511731 0.761674 0.003581
0.516546 0.759403 0.003591
0.521773 0.757776 0.003570
0.526316 0.756575 0.003603
0.331466 0.773408 0.005930
0.339357 0.774818 0.005996
0.348199 0.775099 0.005986
0.356104 0.775631 0.005964
0.363360 0.776961 0.005966
0.370983 0.778077 0.005983
0.379341 0.781225 0.005995
0.387750 0.777740 0.005997
0.395571 0.777577 0.006043
0.403362 0.778287 0.006027
0.411089 0.776891 0.006041
0.419600 0.777242 0.005956
0.428172 0.775855 0.006012
0.435840 0.775258 0.005977
0.444462 0.774212 0.005995
0.452509 0.772725 0.005937
0.469067 0.768092 0.006017
0.477207 0.768282 0.006011
0.486058 0.764929 0.006014
0.494795 0.763477 0.006005
0.502654 0.761337 0.005975
0.511478 0.757952 0.005997
0.519123 0.756011 0.005955
0.528789 0.753760 0.005990
0.535822 0.751167 0.005983
0.544381 0.749347 0.006006
0.552535 0.747403 0.006043
0.560669 0.744303 0.006001
0.569349 0.742103 0.005909
0.577585 0.739921 0.006037
0.586080 0.737155 0.006021
0.595201 0.735573 0.006048
0.603877 0.732555 0.006015
0.611099 0.732024 0.006074
0.619132 0.730057 0.005968
0.626978 0.728798 0.006053
0.635968 0.727416 0.006022
0.643769 0.726538 0.006043
0.653373 0.724657 0.006018
0.661157 0.724102 0.006002
0.669506 0.723528 0.006045
0.676767 0.724292 0.005985
0.685048 0.724282 0.006009
0.693522 0.723869 0.005955
0.702403 0.724269 0.005961
0.334846 0.762430 0.006045
0.342942 0.764595 0.006000
0.350478 0.764621 0.005934
0.358998 0.764980 0.005986
0.366895 0.765930 0.006035
0.375752 0.766637 0.006064
0.382946 0.767202 0.005997
0.391292 0.766798 0.005979
0.399183 0.767029 0.006029
0.407311 0.766668 0.005986
0.413946 0.767183 0.005978
0.424393 0.765547 0.005956
0.431427 0.766099 0.006033
0.439126 0.764526 0.005996
0.448762 0.762598 0.005956
0.456726 0.760796 0.006013
0.464641 0.760324 0.005972
0.473121 0.758370 0.005992
0.481169 0.757353 0.006031
0.489636 0.754465 0.005994
0.497988 0.752467 0.005951
0.506630 0.750182 0.005995
0.514810 0.747645 0.006011
0.523115 0.745414 0.005958
0.531278 0.742997 0.006036
0.539489 0.740495 0.005992
0.548059 0.737837 0.006048
0.556344 0.735981 0.006011
0.563936 0.733991 0.006001
0.572991 0.731640 0.006014
0.581838 0.729254 0.005966
0.589525 0.727159 0.006010
0.598325 0.724797 0.006026
0.606800 0.722331 0.005988
0.614618 0.720866 0.006003
0.622572 0.719084 0.006016
0.631015 0.717428 0.006060
0.639393 0.716382 0.005992
0.647802 0.715252 0.005995
0.656045 0.713805 0.006044
0.664891 0.712888 0.005937
0.672462 0.713099 0.005907
0.679986 0.713126 0.006032
0.689242 0.712594 0.005966
0.696193 0.712536 0.005989
0.704808 0.713507 0.005940
0.712397 0.713383 0.005994
0.720656 0.714236 0.005974
0.336405 0.757550 0.003093
0.339548 0.758224 0.003117
0.343073 0.758552 0.003115
0.346639 0.758621 0.003142
0.350039 0.759034 0.003111
0.353645 0.759638 0.003118
0.356563 0.760239 0.003124
0.359469 0.760987 0.003126
0.363227 0.760651 0.003119
0.366613 0.761155 0.003123
0.370337 0.760968 0.003130
0.374020 0.761375 0.003104
0.377264 0.761727 0.003142
0.380751 0.761671 0.003149
0.384210 0.761558 0.003156
0.387877 0.761818 0.003128
0.390770 0.762212 0.003130
0.394283 0.762206 0.003127
0.397416 0.762048 0.003190
0.401366 0.762535 0.003154
0.404744 0.762426 0.003152
0.408460 0.761853 0.003135
0.411623 0.761791 0.003131
0.414786 0.761548 0.003135
0.418644 0.761427 0.003153
0.421538 0.761718 0.003141
0.425566 0.761072 0.003093
0.429076 0.760460 0.003149
0.432615 0.759828 0.003143
0.435949 0.759853 0.003164
0.439702 0.759075 0.003157
0.443168 0.759144 0.003184
0.446574 0.758468 0.003123
0.449553 0.758178 0.003149
0.453615 0.757667 0.003140
0.457027 0.756911 0.003131
0.461185 0.756156 0.003150
0.463986 0.755876 0.003145
0.467330 0.754885 0.003136
0.471095 0.753844 0.003177
0.474517 0.753258 0.003140
0.478523 0.752667 0.003113
0.482153 0.751744 0.003145
0.485090 0.750847 0.003116
0.488627 0.750411 0.003188
0.501521 0.746586 0.003119
0.504849 0.746227 0.003137
0.508941 0.744761 0.003166
0.512410 0.743867 0.003167
0.515751 0.742701 0.003136
0.519177 0.741942 0.003136
0.522943 0.740888 0.003146
0.526668 0.740125 0.003155
0.529811 0.739179 0.003154
0.533846 0.737493 0.003156
0.536545 0.737188 0.003148
0.540622 0.736027 0.003123
0.543862 0.735020 0.003129
0.547925 0.733756 0.003134
0.551615 0.732363 0.003140
0.555066 0.731199 0.003158
0.558876 0.730287 0.003169
0.561910 0.729572 0.003133
0.565614 0.728808 0.003139
0.569033 0.727654 0.003121
0.572688 0.726367 0.003161
0.576355 0.725326 0.003152
0.579827 0.724623 0.003129
0.583576 0.723302 0.003133
0.587151 0.722523 0.003103
0.590751 0.721392 0.003162
0.593967 0.720864 0.003127
0.597832 0.719988 0.003117
0.601903 0.718523 0.003142
0.605173 0.717796 0.003130
0.608627 0.717306 0.003169
0.612132 0.716290 0.003132
0.615489 0.715572 0.003133
0.618755 0.714957 0.003136
0.622313 0.714617 0.003131
0.625878 0.713945 0.003165
0.629583 0.713020 0.003149
0.632978 0.712625 0.003133
0.636376 0.712397 0.003166
0.639887 0.711693 0.003127
0.337714 0.752027 0.005957
0.345767 0.753178 0.005954
0.353995 0.753831 0.005989
0.361417 0.753847 0.006026
0.369417 0.754585 0.005972
0.376871 0.755354 0.006025
0.386247 0.756000 0.006040
0.394007 0.755862 0.006013
0.401949 0.756259 0.005993
0.410108 0.756641 0.006052
0.418239 0.755154 0.005998
0.425875 0.755506 0.006017
0.434476 0.754093 0.006000
0.442739 0.752661 0.006008
0.450543 0.752855 0.005994
0.458996 0.750447 0.005984
0.467069 0.750078 0.005934
0.476640 0.747210 0.005974
0.484407 0.745856 0.006026
0.493375 0.743819 0.006035
0.500679 0.741059 0.006012
0.509107 0.739441 0.005972
0.517367 0.736847 0.005992
0.526289 0.734249 0.005923
0.534010 0.733255 0.005986
0.542334 0.730545 0.005957
0.551663 0.727394 0.005990
0.559617 0.724581 0.005998
0.567742 0.722535 0.006047
0.577132 0.719816 0.005983
0.584848 0.717358 0.005982
0.592424 0.716210 0.005998
0.601151 0.713762 0.005997
0.610287 0.710954 0.006013
0.617766 0.710327 0.005985
0.626405 0.707644 0.005963
0.633970 0.706785 0.006063
0.642533 0.705015 0.006067
0.658851 0.704187 0.005948
0.667356 0.703505 0.006023
0.675340 0.702674 0.006027
0.683021 0.701879 0.005928
0.339789 0.740895 0.006003
0.347549 0.742379 0.005957
0.356116 0.742692 0.005965
0.364167 0.743780 0.005987
0.371956 0.744715 0.005970
0.380230 0.744656 0.005987
0.388304 0.745061 0.006037
0.395831 0.745601 0.006051
0.404550 0.745586 0.005999
0.411689 0.745089 0.005963
0.419125 0.744795 0.005974
0.428487 0.744878 0.006000
0.436565 0.743506 0.005986
0.444379 0.743399 0.005969
0.453525 0.741970 0.006001
0.461930 0.739991 0.006005
0.470979 0.737816 0.006032
0.478216 0.736221 0.005948
0.485904 0.735161 0.006046
0.494517 0.733401 0.006016
0.502839 0.731001 0.006043
0.511663 0.728951 0.006025
0.519250 0.726755 0.006012
0.526959 0.725031 0.005977
0.536528 0.721317 0.005965
0.544948 0.719052 0.005969
0.552516 0.717255 0.006052
0.561783 0.713560 0.006057
0.570141 0.711353 0.005974
0.578945 0.709016 0.006001
0.586772 0.707339 0.005972
0.594619 0.705483 0.006006
0.604243 0.702872 0.005998
0.611060 0.701825 0.005985
0.619362 0.699845 0.005991
0.628506 0.696465 0.005956
0.636463 0.696032 0.006005
0.644719 0.695502 0.005964
0.653034 0.693628 0.005990
0.661412 0.693078 0.005987
0.668629 0.691849 0.005953
0.677315 0.691618 0.006033
0.686089 0.690211 0.006000
0.693148 0.691535 0.005957
0.702097 0.691469 0.005995
0.340884 0.730222 0.005964
0.348354 0.731567 0.006006
0.358388 0.728547 0.005970
0.364774 0.733096 0.006015
0.372230 0.733250 0.006033
0.381098 0.734203 0.006007
0.389063 0.734472 0.006008
0.397618 0.735502 0.005987
0.404746 0.735186 0.005936
0.412472 0.735440 0.006009
0.420758 0.734779 0.006050
0.429511 0.734220 0.006031
0.438113 0.733432 0.006013
0.445198 0.732688 0.006032
0.453264 0.731559 0.006019
0.462352 0.728719 0.005965
0.470330 0.727956 0.005958
0.479180 0.726666 0.006064
0.486650 0.724387 0.005999
0.494558 0.722842 0.006001
0.503645 0.720628 0.005999
0.512607 0.718215 0.005978
0.520397 0.715744 0.005990
0.528679 0.713031 0.005962
0.537277 0.710980 0.006013
0.545348 0.708741 0.006020
0.554386 0.706496 0.006004
0.561842 0.703899 0.005991
0.570283 0.701725 0.005984
0.579403 0.697680 0.005989
0.587280 0.696656 0.006065
0.595577 0.694484 0.006030
0.603710 0.692785 0.005989
0.612859 0.690069 0.006050
0.620977 0.688814 0.005924
0.629205 0.686397 0.006037
0.638106 0.685439 0.005979
0.645070 0.683975 0.006023
0.652956 0.682695 0.006006
0.661989 0.682186 0.006046
0.670322 0.682008 0.005988
0.677580 0.680665 0.006063
0.685842 0.680196 0.006040
0.694504 0.681023 0.006019
0.701683 0.680312 0.005992
0.339819 0.719861 0.005961
0.349126 0.721242 0.005985
0.356401 0.721633 0.005970
0.363880 0.721446 0.006037
0.372877 0.723529 0.005982
0.379984 0.724026 0.006015
0.389046 0.724147 0.005995
0.396799 0.724880 0.005951
0.404077 0.723888 0.006005
0.413481 0.724261 0.006020
0.421126 0.724296 0.005969
0.428576 0.724054 0.006033
0.436501 0.722420 0.005984
0.444542 0.722331 0.006102
0.453121 0.719892 0.005984
0.461277 0.718668 0.005984
0.469475 0.717394 0.005949
0.477612 0.716338 0.005972
0.486918 0.714050 0.005998
0.494874 0.711984 0.006038
0.503329 0.710288 0.006052
0.512031 0.707596 0.005959
0.520074 0.705032 0.006010
0.528375 0.702688 0.005990
0.537258 0.700610 0.006043
0.545384 0.698146 0.005981
0.553613 0.695650 0.006045
0.561170 0.693562 0.005954
0.570161 0.691269 0.005949
0.578369 0.688075 0.005985
0.587307 0.686059 0.005949
0.595753 0.683665 0.006015
0.604024 0.682245 0.006000
0.611399 0.679677 0.006025
0.620322 0.677845 0.006012
0.628114 0.677086 0.006041
0.637025 0.674479 0.006012
0.644981 0.673958 0.006029
0.653572 0.672269 0.005985
0.661633 0.671341 0.005971
0.669814 0.671121 0.005960
0.339242 0.709357 0.006014
0.347468 0.710689 0.006002
0.355028 0.711583 0.006036
0.363714 0.712581 0.005997
0.371225 0.712952 0.005910
0.379510 0.713190 0.005984
0.387404 0.713580 0.006020
0.395672 0.714036 0.006018
0.403817 0.714308 0.005999
0.411429 0.713398 0.006033
0.419623 0.713087 0.006053
0.428207 0.713105 0.006029
0.436109 0.712251 0.006074
0.444773 0.711491 0.005985
0.453115 0.709529 0.005955
0.460979 0.708360 0.005998
0.469246 0.706059 0.005973
0.478769 0.705550 0.005987
0.485492 0.703274 0.005994
0.494509 0.701471 0.005950
0.502164 0.699865 0.006039
0.519090 0.694831 0.005974
0.528519 0.691688 0.005953
0.535895 0.690642 0.006031
0.544587 0.687171 0.005986
0.551886 0.685047 0.005950
0.560613 0.682356 0.005998
0.569127 0.680312 0.005975
0.578274 0.678431 0.005977
0.585966 0.675296 0.005928
0.594908 0.672793 0.005953
0.602661 0.671466 0.005974
0.611497 0.668470 0.006017
0.620297 0.667656 0.005940
0.628401 0.666913 0.006008
0.636304 0.665200 0.006007
0.644543 0.663188 0.006062
0.652741 0.662295 0.006005
0.660686 0.661113 0.005895
0.340031 0.698865 0.005980
0.346707 0.700046 0.005917
0.355394 0.701668 0.005988
0.363041 0.701859 0.006055
0.371289 0.702567 0.006023
0.379656 0.702808 0.005974
0.386572 0.702887 0.006020
0.395371 0.702984 0.006003
0.403371 0.703009 0.005986
0.411277 0.703119 0.005971
0.420100 0.703493 0.005999
0.428276 0.702448 0.006007
0.435987 0.701249 0.005971
0.444738 0.700211 0.005966
0.452891 0.699370 0.006007
0.460796 0.697691 0.006001
0.468835 0.696837 0.005985
0.477255 0.694038 0.005963
0.486367 0.692728 0.006022
0.501847 0.689783 0.005977
0.510413 0.687299 0.006030
0.519199 0.684048 0.005949
0.527818 0.681566 0.005983
0.535222 0.679299 0.006057
0.544052 0.676830 0.005982
0.552357 0.673847 0.005977
0.560843 0.672453 0.005968
0.569337 0.669951 0.005978
0.577295 0.667443 0.006047
0.586073 0.665228 0.005971
0.593732 0.662933 0.006015
0.602696 0.660228 0.005975
0.610888 0.659240 0.006036
0.619754 0.657531 0.006004
0.628122 0.655065 0.005997
0.636028 0.653219 0.006007
0.644516 0.653113 0.006028
0.652530 0.651384 0.006031
0.660856 0.649814 0.005954
0.668233 0.649135 0.005931
0.677347 0.649514 0.005887
0.684625 0.649573 0.005981
0.693371 0.648343 0.006009
0.701671 0.649536 0.005944
0.902471 0.770531 0.003748
0.902572 0.766003 0.003745
0.902855 0.761086 0.003741
0.903521 0.756645 0.003748
0.903815 0.751621 0.003747
0.904383 0.747371 0.003751
0.904773 0.742536 0.003741
0.904694 0.737339 0.003750
0.905252 0.733506 0.003748
0.905637 0.728294 0.003751
0.906068 0.723879 0.003744
0.905929 0.718794 0.003740
0.906500 0.714175 0.003748
0.906289 0.709516 0.003745
0.907109 0.704554 0.003746
0.907106 0.700185 0.003752
0.906988 0.695357 0.003748
0.907481 0.690454 0.003745
0.907227 0.685795 0.003751
0.907146 0.681517 0.003752
0.907030 0.676864 0.003752
0.907262 0.671902 0.003747
0.907451 0.666640 0.003752
0.907177 0.662450 0.003748
0.907007 0.657664 0.003751
0.907283 0.653310 0.003740
0.906352 0.647879 0.003749
0.906316 0.643053 0.003741
0.906363 0.638670 0.003752
0.905744 0.633520 0.003746
0.905261 0.628830 0.003749
0.904505 0.624437 0.003754
0.904416 0.619435 0.003757
0.903839 0.614794 0.003747
0.903197 0.609854 0.003748
0.902860 0.605364 0.003758
0.901988 0.600922 0.003743
0.901372 0.595965 0.003745
0.900529 0.591178 0.003750
0.900122 0.586370 0.003742
0.899053 0.581365 0.003743
0.898325 0.577254 0.003746
0.897403 0.571912 0.003749
0.896159 0.567156 0.003743
0.895338 0.562761 0.003747
0.894422 0.558538 0.003748
0.892759 0.552760 0.003750
0.892198 0.547779 0.003752
0.896901 0.748246 0.003749
0.897577 0.743243 0.003746
0.898404 0.738753 0.003748
0.898086 0.733909 0.003748
0.898922 0.729004 0.003745
0.899330 0.724283 0.003752
0.899074 0.719346 0.003748
0.899356 0.714852 0.003749
0.899692 0.709816 0.003746
0.900015 0.705307 0.003751
0.900218 0.700756 0.003749
0.900059 0.696248 0.003745
0.900277 0.691302 0.003745
0.900626 0.686529 0.003747
0.900632 0.681261 0.003749
0.900251 0.677149 0.003747
0.900092 0.672352 0.003743
0.900480 0.667598 0.003742
0.900319 0.662637 0.003747
0.899590 0.657820 0.003739
0.899747 0.653104 0.003749
0.899795 0.648299 0.003749
0.899159 0.644066 0.003748
0.898668 0.638765 0.003746
0.898439 0.629411 0.003751
0.897604 0.624611 0.003745
0.897166 0.619717 0.003751
0.897080 0.615361 0.003750
0.895976 0.610047 0.003760
0.895610 0.605243 0.003745
0.895077 0.601029 0.003741
0.894299 0.595886 0.003750
0.892644 0.586151 0.003752
0.891684 0.582098 0.003750
0.889951 0.571919 0.003749
0.889139 0.567343 0.003748
0.888170 0.562269 0.003747
0.887494 0.557488 0.003752
0.886192 0.552109 0.003752
0.885116 0.547954 0.003743
0.888629 0.767307 0.003741
0.889679 0.762391 0.003753
0.889753 0.758534 0.003745
0.889711 0.753140 0.003744
0.890149 0.748310 0.003750
0.890585 0.743636 0.003756
0.890964 0.738693 0.003749
0.891505 0.734213 0.003761
0.891903 0.729174 0.003750
0.891899 0.724829 0.003749
0.892445 0.720058 0.003754
0.892550 0.715293 0.003748
0.892848 0.710590 0.003752
0.892763 0.705638 0.003746
0.893174 0.700737 0.003748
0.893421 0.696112 0.003749
0.893603 0.691557 0.003749
0.893641 0.687043 0.003747
0.893827 0.681861 0.003747
0.893475 0.677357 0.003747
0.893474 0.672306 0.003749
0.893052 0.667528 0.003753
0.893767 0.662649 0.003742
0.892853 0.657740 0.003742
0.892384 0.653598 0.003742
0.892638 0.648004 0.003742
0.891949 0.643586 0.003750
0.892013 0.638647 0.003747
0.891702 0.634655 0.003757
0.891727 0.629594 0.003747
0.890615 0.624558 0.003744
0.890473 0.619865 0.003738
0.889751 0.614862 0.003754
0.889161 0.610303 0.003750
0.888572 0.605433 0.003747
0.888188 0.600805 0.003743
0.887547 0.595920 0.003749
0.886219 0.591089 0.003742
0.885770 0.586139 0.003749
0.884885 0.581631 0.003751
0.884169 0.576547 0.003739
0.883703 0.571845 0.003747
0.882304 0.566906 0.003748
0.881617 0.562011 0.003749
0.880736 0.557667 0.003751
0.879222 0.552596 0.003750
0.878012 0.547475 0.003751
0.884413 0.739003 0.003750
0.884599 0.734136 0.003754
0.884806 0.729877 0.003750
0.885074 0.724820 0.003743
0.885105 0.720285 0.003741
0.885646 0.715262 0.003743
0.885704 0.710369 0.003755
0.886019 0.705428 0.003744
0.886236 0.700922 0.003747
0.886165 0.696101 0.003748
0.886132 0.691024 0.003748
0.886918 0.686286 0.003746
0.886454 0.682094 0.003750
0.886056 0.677175 0.003752
0.886885 0.672253 0.003742
0.886360 0.667514 0.003751
0.886065 0.662698 0.003750
0.885677 0.657791 0.003744
0.886200 0.653455 0.003748
0.885768 0.648880 0.003757
0.885358 0.642697 0.003746
0.885090 0.638381 0.003749
0.884510 0.633500 0.003749
0.884136 0.628797 0.003747
0.883968 0.623904 0.003755
0.883367 0.618796 0.003747
0.882836 0.614340 0.003749
0.882400 0.608782 0.003747
0.882154 0.605059 0.003748
0.881428 0.600103 0.003745
0.880359 0.594845 0.003751
0.879857 0.590466 0.003751
0.878631 0.585418 0.003751
0.878006 0.580791 0.003741
0.876546 0.575568 0.003753
0.875973 0.570615 0.003748
0.875330 0.566337 0.003748
0.874307 0.561428 0.003745
0.873616 0.556058 0.003743
0.872100 0.551442 0.003756
0.871676 0.546920 0.003745
0.877075 0.738851 0.003751
0.877374 0.734311 0.003748
0.877804 0.729107 0.003744
0.877891 0.724672 0.003754
0.878220 0.720322 0.003751
0.878681 0.714724 0.003746
0.878811 0.710233 0.003746
0.879319 0.705382 0.003752
0.878834 0.700203 0.003747
0.879048 0.695824 0.003754
0.879098 0.691091 0.003744
0.879372 0.685840 0.003747
0.878828 0.681042 0.003749
0.879258 0.676451 0.003754
0.879403 0.671469 0.003745
0.879593 0.666560 0.003752
0.879339 0.661808 0.003745
0.878569 0.657034 0.003745
0.879581 0.652333 0.003752
0.878959 0.647196 0.003752
0.878802 0.642923 0.003751
0.878089 0.637507 0.003745
0.877711 0.632583 0.003744
0.877319 0.627961 0.003745
0.876800 0.623509 0.003751
0.876254 0.617970 0.003748
0.875821 0.613813 0.003755
0.875462 0.608769 0.003756
0.874676 0.603974 0.003745
0.874104 0.599261 0.003748
0.873244 0.594368 0.003749
0.872691 0.588967 0.003745
0.871888 0.584304 0.003747
0.870851 0.579553 0.003746
0.870424 0.574193 0.003747
0.869086 0.569799 0.003751
0.868188 0.564707 0.003751
0.867337 0.560171 0.003758
0.866614 0.555782 0.003753
0.865149 0.550529 0.003756
0.864165 0.545690 0.003747
0.867709 0.767097 0.003741
0.868190 0.762808 0.003745
0.868841 0.757340 0.003755
0.869389 0.753022 0.003750
0.869562 0.748000 0.003744
0.869707 0.743598 0.003742
0.869697 0.738256 0.003745
0.870857 0.733538 0.003747
0.870846 0.723676 0.003750
0.871824 0.718977 0.003744
0.871878 0.714470 0.003753
0.871851 0.709128 0.003748
0.871915 0.704540 0.003744
0.872459 0.699792 0.003746
0.872478 0.694553 0.003747
0.872601 0.690651 0.003750
0.872808 0.685153 0.003751
0.872488 0.680340 0.003746
0.872388 0.670740 0.003748
0.872376 0.665917 0.003749
0.872505 0.661067 0.003744
0.871947 0.655875 0.003752
0.872002 0.651179 0.003745
0.871633 0.646243 0.003748
0.871370 0.641528 0.003747
0.870649 0.636614 0.003747
0.870598 0.632032 0.003749
0.870254 0.627261 0.003748
0.870348 0.622418 0.003742
0.869511 0.617105 0.003746
0.868685 0.612314 0.003745
0.868317 0.607944 0.003751
0.867826 0.602798 0.003749
0.867117 0.597806 0.003755
0.866556 0.593062 0.003754
0.865512 0.588082 0.003747
0.864617 0.583323 0.003748
0.864345 0.578413 0.003747
0.863036 0.573660 0.003747
0.862562 0.569197 0.003752
0.861546 0.563950 0.003746
0.860336 0.558981 0.003758
0.859219 0.553848 0.003746
0.858322 0.549039 0.003746
0.857151 0.544868 0.003751
0.863629 0.781597 0.001909
0.863700 0.779285 0.001905
0.863901 0.776933 0.001905
0.864410 0.774687 0.001904
0.864542 0.772343 0.001904
0.864620 0.769963 0.001905
0.864804 0.767748 0.001903
0.865192 0.765213 0.001905
0.865244 0.763026 0.001901
0.865549 0.760702 0.001906
0.865633 0.758502 0.001908
0.865949 0.756376 0.001904
0.866172 0.754134 0.001904
0.866205 0.751737 0.001904
0.866359 0.749384 0.001905
0.866746 0.747101 0.001905
0.866577 0.744589 0.001903
0.866969 0.742632 0.001905
0.866788 0.740202 0.001904
0.867288 0.737904 0.001906
0.867186 0.735821 0.001906
0.867640 0.733301 0.001904
0.867559 0.730964 0.001907
0.867950 0.728523 0.001904
0.867989 0.726463 0.001908
0.868217 0.724103 0.001909
0.868080 0.721670 0.001901
0.868322 0.719421 0.001906
0.868381 0.717278 0.001903
0.868753 0.715113 0.001904
0.868784 0.712727 0.001904
0.869063 0.710463 0.001905
0.868818 0.707864 0.001906
0.868954 0.705788 0.001906
0.869121 0.703446 0.001905
0.869125 0.701131 0.001903
0.869262 0.698803 0.001907
0.869130 0.696368 0.001906
0.869334 0.694263 0.001903
0.869203 0.691912 0.001906
0.869476 0.689762 0.001902
0.869375 0.687317 0.001902
0.869288 0.677837 0.001903
0.869616 0.675686 0.001904
0.869533 0.673400 0.001902
0.869476 0.671240 0.001902
0.869366 0.668703 0.001900
0.869424 0.666621 0.001904
0.869290 0.664323 0.001903
0.869283 0.661889 0.001906
0.869158 0.659673 0.001903
0.869313 0.657267 0.001908
0.869014 0.654997 0.001909
0.868891 0.652640 0.001904
0.868935 0.650588 0.001902
0.868761 0.647931 0.001904
0.868651 0.645665 0.001905
0.868257 0.643598 0.001905
0.868316 0.641005 0.001905
0.868148 0.638658 0.001906
0.868082 0.636596 0.001904
0.868027 0.634083 0.001907
0.867619 0.631857 0.001903
0.867497 0.629474 0.001902
0.867298 0.627198 0.001907
0.867377 0.625021 0.001905
0.867027 0.622811 0.001904
0.866642 0.620444 0.001902
0.866474 0.618326 0.001903
0.866182 0.615820 0.001906
0.866095 0.613328 0.001906
0.865992 0.611146 0.001905
0.865672 0.608751 0.001906
0.865138 0.606597 0.001904
0.864989 0.604142 0.001907
0.864578 0.602070 0.001909
0.864290 0.599582 0.001905
0.863995 0.597223 0.001904
0.863580 0.595139 0.001905
0.863234 0.592688 0.001905
0.863049 0.590481 0.001906
0.862737 0.588143 0.001905
0.861126 0.578691 0.001906
0.860919 0.576708 0.001903
0.860299 0.574041 0.001902
0.859754 0.571782 0.001905
0.859421 0.569594 0.001903
0.859234 0.567196 0.001905
0.858773 0.564996 0.001902
0.858103 0.562388 0.001902
0.857801 0.560413 0.001903
0.857147 0.557994 0.001906
0.856718 0.555745 0.001906
0.856332 0.553508 0.001904
0.855930 0.551573 0.001902
0.855233 0.548806 0.001905
0.854902 0.546436 0.001906
0.854167 0.544125 0.001904
0.853879 0.541900 0.001904
0.853266 0.539406 0.001904
0.852554 0.537176 0.001903
0.852069 0.534828 0.001903
0.851781 0.532618 0.001905
0.851083 0.530569 0.001904
0.850406 0.528137 0.001903
0.849756 0.525697 0.001902
0.849547 0.523782 0.001905
0.848651 0.521019 0.001901
0.847952 0.518990 0.001905
0.847861 0.516851 0.001903
0.847074 0.514450 0.001903
0.846290 0.511855 0.001902
0.845679 0.509626 0.001902
0.845147 0.507379 0.001906
0.844345 0.504955 0.001903
0.843706 0.502695 0.001904
0.843077 0.500763 0.001907
0.842571 0.498470 0.001905
0.841991 0.495990 0.001906
0.841044 0.493536 0.001902
0.840547 0.491227 0.001909
0.839777 0.488958 0.001904
0.839228 0.486893 0.001906
0.838459 0.484354 0.001905
0.837201 0.479618 0.001904
0.836750 0.477659 0.001903
0.835846 0.475432 0.001905
0.834925 0.472781 0.001907
0.834927 0.470880 0.001905
0.833817 0.468103 0.001907
0.833159 0.466023 0.001903
0.830304 0.456676 0.001899
0.829482 0.454575 0.001906
0.828708 0.451928 0.001907
0.828237 0.449685 0.001902
0.826836 0.445133 0.001904
0.826171 0.443005 0.001905
0.825272 0.440690 0.001903
0.824686 0.438233 0.001905
0.823905 0.436296 0.001903
0.823259 0.433727 0.001904
0.822568 0.431597 0.001905
0.821931 0.429277 0.001908
0.821321 0.426998 0.001903
0.820464 0.424504 0.001901
0.819935 0.422440 0.001906
0.819016 0.419934 0.001905
0.818610 0.417948 0.001903
0.817698 0.415647 0.001907
0.817128 0.413491 0.001906
0.816247 0.410946 0.001905
0.815970 0.409031 0.001904
0.814927 0.406593 0.001902
0.814381 0.404163 0.001902
0.813770 0.401951 0.001905
0.813234 0.399669 0.001906
0.812333 0.397245 0.001902
0.811701 0.394809 0.001908
0.811215 0.392732 0.001906
0.810581 0.390357 0.001904
0.810007 0.388266 0.001904
0.809066 0.385809 0.001903
0.808817 0.384015 0.001909
0.808132 0.381361 0.001905
0.806937 0.379035 0.001904
0.806332 0.376581 0.001904
0.805975 0.374277 0.001905
0.805368 0.372136 0.001904
0.804881 0.369961 0.001905
0.804160 0.367737 0.001905
0.803779 0.365400 0.001902
0.803141 0.363124 0.001907
0.802437 0.360911 0.001904
0.801638 0.358719 0.001904
0.801539 0.356464 0.001906
0.800716 0.354016 0.001902
0.800022 0.351830 0.001904
0.799794 0.349470 0.001903
0.799009 0.347096 0.001905
0.798662 0.344949 0.001908
0.796363 0.335718 0.001906
0.796096 0.333487 0.001906
0.795569 0.331198 0.001903
0.795049 0.329075 0.001906
0.794472 0.326597 0.001908
0.794272 0.324427 0.001899
0.793500 0.322211 0.001905
0.793444 0.319849 0.001905
0.792962 0.317552 0.001907
0.792587 0.315485 0.001906
0.792174 0.313193 0.001907
0.791548 0.310747 0.001904
0.791012 0.308650 0.001910
0.790941 0.306348 0.001906
0.790489 0.304026 0.001908
0.790057 0.301683 0.001901
0.789721 0.299296 0.001901
0.789345 0.297336 0.001906
0.788885 0.294912 0.001903
0.788862 0.292701 0.001907
0.788439 0.290300 0.001908
0.788025 0.288246 0.001904
0.787805 0.285742 0.001905
0.787430 0.283660 0.001905
0.787577 0.281502 0.001904
0.786959 0.278871 0.001906
0.786726 0.276787 0.001904
0.786133 0.274694 0.001900
0.786303 0.272582 0.001902
0.785917 0.270110 0.001901
0.785809 0.267992 0.001906
0.785508 0.265666 0.001903
0.785289 0.263402 0.001901
0.785118 0.260905 0.001906
0.784896 0.258801 0.001904
0.784536 0.256577 0.001905
0.784510 0.254281 0.001907
0.784373 0.252236 0.001905
0.784265 0.249749 0.001905
0.784270 0.247632 0.001908
0.783741 0.245472 0.001903
0.783864 0.243152 0.001904
0.783728 0.240869 0.001908
0.783634 0.238287 0.001902
0.783593 0.236422 0.001903
0.783449 0.234102 0.001903
0.783391 0.231752 0.001905
0.783373 0.229613 0.001905
0.862225 0.751903 0.003751
0.862491 0.746930 0.003751
0.863010 0.742522 0.003742
0.862931 0.737214 0.003748
0.863705 0.732470 0.003744
0.863718 0.727967 0.003750
0.864143 0.723462 0.003748
0.864853 0.718086 0.003749
0.864509 0.713037 0.003750
0.864752 0.708305 0.003745
0.865402 0.703230 0.003748
0.865192 0.698458 0.003753
0.865445 0.693986 0.003739
0.865723 0.688814 0.003753
0.865628 0.684029 0.003747
0.865374 0.679080 0.003748
0.865606 0.674438 0.003748
0.865327 0.669409 0.003747
0.865644 0.664992 0.003750
0.865354 0.659872 0.003746
0.864766 0.654307 0.003752
0.864958 0.649791 0.003749
0.864705 0.645396 0.003751
0.863897 0.640103 0.003750
0.863629 0.635274 0.003753
0.863524 0.625758 0.003749
0.862889 0.620778 0.003748
0.862330 0.616295 0.003747
0.861862 0.610888 0.003747
0.861286 0.606204 0.003752
0.860869 0.601213 0.003756
0.859824 0.596500 0.003746
0.859029 0.591699 0.003745
0.858969 0.587335 0.003752
0.857930 0.581910 0.003752
0.857147 0.577561 0.003746
0.856291 0.572445 0.003742
0.855043 0.567244 0.003747
0.854441 0.563181 0.003739
0.853305 0.557878 0.003743
0.852722 0.553182 0.003748
0.851127 0.548124 0.003744
0.850229 0.543389 0.003752
0.856158 0.740823 0.003747
0.856774 0.736389 0.003752
0.856130 0.731312 0.003744
0.857151 0.727017 0.003748
0.856706 0.721735 0.003742
0.857314 0.716669 0.003747
0.857743 0.712003 0.003749
0.857621 0.707597 0.003751
0.858566 0.702550 0.003748
0.858133 0.697230 0.003751
0.858108 0.692180 0.003745
0.858174 0.687544 0.003748
0.858587 0.682760 0.003751
0.858639 0.677772 0.003752
0.858242 0.673022 0.003749
0.858620 0.668394 0.003741
0.858812 0.663635 0.003752
0.858364 0.658499 0.003739
0.858407 0.654124 0.003743
0.857742 0.649009 0.003746
0.857260 0.644250 0.003751
0.857391 0.639165 0.003751
0.857108 0.634310 0.003752
0.856438 0.624890 0.003747
0.855884 0.619606 0.003747
0.855244 0.615127 0.003754
0.854815 0.610013 0.003747
0.854225 0.605152 0.003743
0.861816 0.602198 0.003755
0.852832 0.595342 0.003750
0.852273 0.590518 0.003751
0.851165 0.585696 0.003754
0.850554 0.581112 0.003750
0.849686 0.576462 0.003753
0.848907 0.571454 0.003750
0.848153 0.566102 0.003748
0.847024 0.561435 0.003752
0.846676 0.556772 0.003742
0.845520 0.551975 0.003741
0.843961 0.547377 0.003741
0.843015 0.542614 0.003750
0.849046 0.734740 0.003747
0.849302 0.730632 0.003749
0.850040 0.725229 0.003752
0.849691 0.720472 0.003752
0.850452 0.716411 0.003750
0.850978 0.710736 0.003752
0.851039 0.705810 0.003747
0.851011 0.701172 0.003745
0.851045 0.696085 0.003749
0.851811 0.691008 0.003751
0.851826 0.686368 0.003756
0.851520 0.681664 0.003743
0.851349 0.676919 0.003747
0.852088 0.672160 0.003741
0.851612 0.667495 0.003752
0.851063 0.662090 0.003753
0.851148 0.657631 0.003751
0.850844 0.652619 0.003744
0.850969 0.647614 0.003746
0.850637 0.642522 0.003744
0.850732 0.638343 0.003743
0.850146 0.633458 0.003750
0.849783 0.628260 0.003752
0.849105 0.623782 0.003749
0.848778 0.618860 0.003744
0.848607 0.614098 0.003746
0.848162 0.609077 0.003750
0.847438 0.604025 0.003747
0.846813 0.599313 0.003750
0.846257 0.594704 0.003749
0.845438 0.589829 0.003745
0.844665 0.585007 0.003749
0.843747 0.580177 0.003757
0.843342 0.575637 0.003753
0.841713 0.570066 0.003750
0.841261 0.565851 0.003748
0.840361 0.561011 0.003759
0.839321 0.555790 0.003748
0.838191 0.551560 0.003750
0.835575 0.541646 0.003751
0.841803 0.743411 0.003747
0.842169 0.739491 0.003746
0.842003 0.733586 0.003751
0.842315 0.729131 0.003750
0.842951 0.724093 0.003746
0.843538 0.719377 0.003747
0.843568 0.714321 0.003750
0.843724 0.709267 0.003749
0.843844 0.704798 0.003748
0.843794 0.700237 0.003749
0.844220 0.695080 0.003746
0.844055 0.690090 0.003749
0.844399 0.685674 0.003742
0.844769 0.680024 0.003747
0.844610 0.675946 0.003749
0.844312 0.671400 0.003749
0.844330 0.666491 0.003752
0.844878 0.661755 0.003746
0.844464 0.656884 0.003753
0.843892 0.651880 0.003753
0.844063 0.646869 0.003749
0.843550 0.642198 0.003749
0.843305 0.637913 0.003749
0.843160 0.632701 0.003749
0.842667 0.628193 0.003743
0.842787 0.623264 0.003750
0.842021 0.618083 0.003748
0.841110 0.613356 0.003748
0.840776 0.609031 0.003750
0.839854 0.603271 0.003751
0.839922 0.599280 0.003746
0.838690 0.593858 0.003748
0.838317 0.589263 0.003751
0.837523 0.584358 0.003749
0.836585 0.580051 0.003753
0.835961 0.575212 0.003755
0.834921 0.570049 0.003749
0.834507 0.565236 0.003748
0.833578 0.560937 0.003751
0.832267 0.555794 0.003751
0.831214 0.551109 0.003747
0.830277 0.546277 0.003750
0.829099 0.541182 0.003745
0.833037 0.762260 0.003745
0.833675 0.757589 0.003745
0.833846 0.752291 0.003752
0.834030 0.747831 0.003755
0.834312 0.743070 0.003745
0.835332 0.738337 0.003749
0.835140 0.733183 0.003744
0.835575 0.728252 0.003749
0.835534 0.723797 0.003750
0.836361 0.719073 0.003754
0.836214 0.714379 0.003746
0.836926 0.709250 0.003745
0.836636 0.704555 0.003751
0.837258 0.699279 0.003752
0.837255 0.694702 0.003747
0.837579 0.689450 0.003752
0.837372 0.684625 0.003744
0.837794 0.680000 0.003755
0.837628 0.675318 0.003752
0.837611 0.670441 0.003739
0.837433 0.665803 0.003747
0.837540 0.660885 0.003745
0.837391 0.656099 0.003750
0.836997 0.651157 0.003746
0.837317 0.646747 0.003741
0.836480 0.641616 0.003753
0.836214 0.636946 0.003752
0.835878 0.631881 0.003748
0.835962 0.627229 0.003748
0.835209 0.622941 0.003744
0.834761 0.618182 0.003744
0.834526 0.613201 0.003753
0.833761 0.608080 0.003752
0.833212 0.603750 0.003743
0.832656 0.599404 0.003750
0.831984 0.594090 0.003746
0.831592 0.589694 0.003748
0.830777 0.584807 0.003757
0.829781 0.580052 0.003744
0.828732 0.574821 0.003737
0.828272 0.570036 0.003741
0.827136 0.565135 0.003751
0.826080 0.560384 0.003746
0.824846 0.555435 0.003740
0.823806 0.551440 0.003749
0.823069 0.547177 0.003746
0.822036 0.542361 0.003754
0.826848 0.776093 0.002281
0.827278 0.774087 0.002283
0.827351 0.772408 0.002286
0.827390 0.770350 0.002289
0.827867 0.768593 0.002281
0.828024 0.766287 0.002282
0.827727 0.764774 0.002283
0.828068 0.762523 0.002285
0.828247 0.760889 0.002285
0.828606 0.758936 0.002283
0.828297 0.757297 0.002285
0.828723 0.755007 0.002286
0.829047 0.753335 0.002285
0.829009 0.751314 0.002284
0.829409 0.749532 0.002283
0.829414 0.747563 0.002284
0.829751 0.745639 0.002285
0.829905 0.743680 0.002283
0.830050 0.741933 0.002279
0.829955 0.739826 0.002283
0.830039 0.737817 0.002284
0.830445 0.735922 0.002286
0.830549 0.734033 0.002283
0.830549 0.732357 0.002287
0.830743 0.730294 0.002283
0.830978 0.728426 0.002285
0.831054 0.726362 0.002285
0.831217 0.724691 0.002288
0.831186 0.722671 0.002283
0.831593 0.721027 0.002278
0.831361 0.719104 0.002287
0.831580 0.716725 0.002285
0.831743 0.715376 0.002285
0.831681 0.712921 0.002284
0.831793 0.711226 0.002281
0.832053 0.709557 0.002286
0.832206 0.707371 0.002282
0.832231 0.705721 0.002283
0.832281 0.703824 0.002281
0.832214 0.701874 0.002286
0.832337 0.699908 0.002289
0.832503 0.697966 0.002284
0.832499 0.695937 0.002283
0.832371 0.694152 0.002280
0.832673 0.692231 0.002283
0.832705 0.690299 0.002283
0.832335 0.688482 0.002282
0.832728 0.686578 0.002284
0.832839 0.684486 0.002282
0.832732 0.677894 0.002283
0.833020 0.676422 0.002286
0.832447 0.674426 0.002284
0.832766 0.672074 0.002283
0.832768 0.670286 0.002284
0.832637 0.668475 0.002280
0.832880 0.666872 0.002280
0.832755 0.664657 0.002284
0.832673 0.662876 0.002282
0.832707 0.660985 0.002284
0.832696 0.659164 0.002286
0.832827 0.657351 0.002285
0.832415 0.655506 0.002286
0.832463 0.653313 0.002282
0.832219 0.651745 0.002282
0.832243 0.649606 0.002283
0.832495 0.647591 0.002284
0.832076 0.646126 0.002285
0.832267 0.644073 0.002286
0.831765 0.642157 0.002283
0.831783 0.640476 0.002284
0.831679 0.638237 0.002284
0.831350 0.636451 0.002285
0.831206 0.634603 0.002279
0.831197 0.632687 0.002279
0.831266 0.630953 0.002289
0.831287 0.628883 0.002285
0.830977 0.625250 0.002287
0.830713 0.623153 0.002288
0.830427 0.621301 0.002286
0.829963 0.619501 0.002278
0.829863 0.617651 0.002284
0.829879 0.615628 0.002284
0.829814 0.613900 0.002284
0.829760 0.611801 0.002287
0.829250 0.610216 0.002283
0.828805 0.608066 0.002280
0.828841 0.606213 0.002287
0.828635 0.604554 0.002286
0.828365 0.602634 0.002288
0.828068 0.600359 0.002287
0.827617 0.598969 0.002280
0.827517 0.596923 0.002285
0.827211 0.594945 0.002281
0.827074 0.593207 0.002287
0.825311 0.770983 0.003745
0.825969 0.766195 0.003753
0.825925 0.761429 0.003754
0.826814 0.756678 0.003746
0.826593 0.751877 0.003744
0.827230 0.747389 0.003752
0.827628 0.741890 0.003737
0.827970 0.737730 0.003750
0.828711 0.732477 0.003745
0.828959 0.727452 0.003748
0.829154 0.722961 0.003750
0.829690 0.718117 0.003757
0.829345 0.713741 0.003752
0.830283 0.708816 0.003758
0.829965 0.703887 0.003743
0.830424 0.698998 0.003745
0.830242 0.694298 0.003746
0.830651 0.689774 0.003746
0.830371 0.684284 0.003745
0.830775 0.679409 0.003748
0.830776 0.675204 0.003742
0.830346 0.670399 0.003750
0.830722 0.665768 0.003748
0.830949 0.660832 0.003747
0.830276 0.655977 0.003748
0.830170 0.651225 0.003748
0.829913 0.646679 0.003747
0.829568 0.641836 0.003750
0.829492 0.637378 0.003753
0.828942 0.632440 0.003752
0.828634 0.627575 0.003739
0.828565 0.622542 0.003746
0.828145 0.617866 0.003741
0.827653 0.613370 0.003746
0.826984 0.608419 0.003748
0.826536 0.603883 0.003747
0.825867 0.598937 0.003755
0.824556 0.594342 0.003746
0.824530 0.589891 0.003747
0.823261 0.584845 0.003744
0.822583 0.579846 0.003751
0.822195 0.575336 0.003742
0.820665 0.570337 0.003739
0.820139 0.565931 0.003753
0.819561 0.561456 0.003753
0.818134 0.556507 0.003739
0.816947 0.551961 0.003756
0.816382 0.546592 0.003749
0.814847 0.542171 0.003754
0.821270 0.775741 0.002516
0.821707 0.772058 0.002515
0.821797 0.768650 0.002517
0.822137 0.765027 0.002518
0.822534 0.761414 0.002512
0.822820 0.757769 0.002515
0.823078 0.754224 0.002517
0.823530 0.750863 0.002512
0.823690 0.747375 0.002518
0.823968 0.743327 0.002513
0.824163 0.740087 0.002516
0.824198 0.736462 0.002511
0.824727 0.732899 0.002516
0.825101 0.729690 0.002516
0.825199 0.726090 0.002518
0.825524 0.722481 0.002510
0.825791 0.718842 0.002517
0.826013 0.715630 0.002513
0.826172 0.712034 0.002516
0.826246 0.708330 0.002516
0.826497 0.704990 0.002515
0.826495 0.701208 0.002517
0.826819 0.697872 0.002516
0.826635 0.694200 0.002512
0.826529 0.690901 0.002518
0.826893 0.687129 0.002514
0.826788 0.683951 0.002516
0.827054 0.680085 0.002520
0.827216 0.676814 0.002516
0.826838 0.673204 0.002512
0.827054 0.669633 0.002517
0.827017 0.666014 0.002510
0.826824 0.662930 0.002521
0.826996 0.659272 0.002519
0.826827 0.655450 0.002516
0.826578 0.652008 0.002517
0.826698 0.648393 0.002519
0.826455 0.645033 0.002522
0.825948 0.641361 0.002512
0.825896 0.638311 0.002513
0.825525 0.634422 0.002516
0.825553 0.630927 0.002520
0.825203 0.627493 0.002519
0.825140 0.623846 0.002517
0.823734 0.614465 0.002517
0.823510 0.611145 0.002516
0.822960 0.607345 0.002517
0.822481 0.604141 0.002518
0.822221 0.600632 0.002519
0.821682 0.597080 0.002514
0.821247 0.593675 0.002515
0.820630 0.589894 0.002514
0.820261 0.586287 0.002514
0.819435 0.582862 0.002518
0.818960 0.579684 0.002515
0.818288 0.576128 0.002516
0.817698 0.572628 0.002515
0.816827 0.568802 0.002516
0.816119 0.565506 0.002514
0.815666 0.562058 0.002515
0.814845 0.558384 0.002516
0.814182 0.554855 0.002512
0.813409 0.551583 0.002513
0.812739 0.548184 0.002516
0.811658 0.544562 0.002513
0.811228 0.541086 0.002514
0.810042 0.537715 0.002514
0.809446 0.534158 0.002513
0.808569 0.530913 0.002515
0.807660 0.527055 0.002522
0.807008 0.523642 0.002515
0.805871 0.520272 0.002512
0.805076 0.516760 0.002513
0.803879 0.513172 0.002513
0.802976 0.509965 0.002516
0.801838 0.506525 0.002513
0.801192 0.502925 0.002515
0.799973 0.499106 0.002515
0.799036 0.495421 0.002518
0.798211 0.492403 0.002515
0.796872 0.489120 0.002516
0.795784 0.485433 0.002515
0.794712 0.481997 0.002511
0.793817 0.478682 0.002518
0.792596 0.474942 0.002511
0.821128 0.737121 0.003749
0.821466 0.731962 0.003749
0.821678 0.727758 0.003747
0.822269 0.723371 0.003746
0.822647 0.718093 0.003749
0.822522 0.713266 0.003744
0.822959 0.708644 0.003752
0.823243 0.703851 0.003749
0.823236 0.699156 0.003742
0.823479 0.694456 0.003750
0.823208 0.689712 0.003747
0.823737 0.685355 0.003749
0.823173 0.680219 0.003745
0.823866 0.675330 0.003752
0.823817 0.670965 0.003753
0.823635 0.665933 0.003749
0.823638 0.661114 0.003745
0.823583 0.656312 0.003747
0.823376 0.651365 0.003748
0.822837 0.647096 0.003745
0.822534 0.642233 0.003747
0.822717 0.636735 0.003743
0.822323 0.632376 0.003748
0.821729 0.627814 0.003746
0.821175 0.623330 0.003755
0.820827 0.618323 0.003742
0.820160 0.614101 0.003746
0.819721 0.608819 0.003747
0.819408 0.604441 0.003744
0.818552 0.599091 0.003751
0.817769 0.595012 0.003744
0.817046 0.589960 0.003750
0.816544 0.585273 0.003743
0.815963 0.581206 0.003751
0.815193 0.576182 0.003751
0.813821 0.571425 0.003747
0.813076 0.566325 0.003746
0.812124 0.561853 0.003748
0.811049 0.557118 0.003747
0.810153 0.552603 0.003744
0.808949 0.547269 0.003746
0.808045 0.542912 0.003749
0.811415 0.765749 0.003747
0.812321 0.761040 0.003749
0.812713 0.756182 0.003745
0.812841 0.751835 0.003744
0.813481 0.746719 0.003749
0.813483 0.742136 0.003748
0.813723 0.737220 0.003751
0.814574 0.732422 0.003751
0.814923 0.727778 0.003752
0.815462 0.722513 0.003747
0.815540 0.718430 0.003749
0.815572 0.713390 0.003747
0.815923 0.704106 0.003743
0.816292 0.699329 0.003748
0.816664 0.694672 0.003749
0.816447 0.689965 0.003755
0.816340 0.684955 0.003747
0.817066 0.680653 0.003752
0.816489 0.675991 0.003744
0.816864 0.671096 0.003746
0.816623 0.666324 0.003748
0.816678 0.661587 0.003750
0.816298 0.656963 0.003742
0.816124 0.652389 0.003744
0.815768 0.647181 0.003751
0.816140 0.642580 0.003751
0.815743 0.638259 0.003749
0.815364 0.633158 0.003746
0.814789 0.628480 0.003757
0.814422 0.623932 0.003753
0.814188 0.618935 0.003753
0.813389 0.614594 0.003750
0.813538 0.609627 0.003750
0.812721 0.605219 0.003744
0.811911 0.600227 0.003748
0.811331 0.595952 0.003744
0.810754 0.590762 0.003755
0.809405 0.585995 0.003748
0.808686 0.581579 0.003751
0.808112 0.576504 0.003750
0.807130 0.571744 0.003744
0.805878 0.567137 0.003750
0.805466 0.562334 0.003756
0.803989 0.558319 0.003747
0.803573 0.553514 0.003751
0.802383 0.548858 0.003745
0.801354 0.543686 0.003746
0.807907 0.728377 0.003741
0.808187 0.723272 0.003748
0.808301 0.718684 0.003750
0.808522 0.714062 0.003739
0.809082 0.710003 0.003745
0.808828 0.704702 0.003749
0.809443 0.699907 0.003744
0.809394 0.695675 0.003743
0.809946 0.690702 0.003750
0.809740 0.685648 0.003748
0.810353 0.681008 0.003751
0.809898 0.676280 0.003748
0.810051 0.671465 0.003747
0.810008 0.667478 0.003750
0.809745 0.662095 0.003749
0.809713 0.657533 0.003748
0.809009 0.653114 0.003745
0.809310 0.648680 0.003754
0.808627 0.643318 0.003743
0.808820 0.638215 0.003756
0.807913 0.633946 0.003748
0.808092 0.628903 0.003748
0.807200 0.624075 0.003751
0.807042 0.619715 0.003750
0.806249 0.615476 0.003750
0.806098 0.610359 0.003744
0.805799 0.605362 0.003746
0.804928 0.601497 0.003750
0.804422 0.596252 0.003745
0.803032 0.591834 0.003750
0.802276 0.586799 0.003748
0.801835 0.582213 0.003750
0.800836 0.577981 0.003746
0.799834 0.572507 0.003750
0.799324 0.567869 0.003748
0.798364 0.563299 0.003749
0.797180 0.558777 0.003755
0.796154 0.554050 0.003752
0.795041 0.549260 0.003749
0.794256 0.544547 0.003746
0.797863 0.771232 0.003751
0.798438 0.766872 0.003752
0.798406 0.762060 0.003752
0.797894 0.759528 0.003742
0.799300 0.752462 0.003740
0.799417 0.747952 0.003741
0.799833 0.743388 0.003743
0.800184 0.738741 0.003747
0.800862 0.734221 0.003753
0.801326 0.729168 0.003752
0.801248 0.724420 0.003751
0.801441 0.719738 0.003755
0.801847 0.714908 0.003749
0.802340 0.710253 0.003738
0.802946 0.705269 0.003749
0.802228 0.701149 0.003748
0.802375 0.695858 0.003744
0.802653 0.691503 0.003750
0.802542 0.686280 0.003751
0.802892 0.681852 0.003753
0.803159 0.677010 0.003745
0.803042 0.672343 0.003749
0.802883 0.667629 0.003749
0.802578 0.662968 0.003750
0.802037 0.658607 0.003747
0.802303 0.653549 0.003751
0.802139 0.649055 0.003750
0.802003 0.644389 0.003747
0.801395 0.639466 0.003747
0.801356 0.634736 0.003746
0.800388 0.625439 0.003751
0.799662 0.620757 0.003749
0.799713 0.615558 0.003748
0.798870 0.611247 0.003754
0.798178 0.606556 0.003749
0.797920 0.601828 0.003753
0.796688 0.597098 0.003751
0.796480 0.592443 0.003747
0.795298 0.587804 0.003741
0.795033 0.582717 0.003752
0.793928 0.578189 0.003748
0.793152 0.573885 0.003758
0.792371 0.568709 0.003749
0.791472 0.564159 0.003750
0.790712 0.559627 0.003753
0.789044 0.554622 0.003745
0.787925 0.549740 0.003749
0.787117 0.544955 0.003746
0.792252 0.776867 0.002617
0.792534 0.773816 0.002612
0.792714 0.771359 0.002619
0.793229 0.768023 0.002622
0.793456 0.765381 0.002617
0.793891 0.762061 0.002619
0.793565 0.759705 0.002621
0.793949 0.756671 0.002618
0.794423 0.753691 0.002623
0.794552 0.751218 0.002621
0.794614 0.748048 0.002617
0.794943 0.745521 0.002621
0.795047 0.742406 0.002616
0.795537 0.739595 0.002622
0.795561 0.736576 0.002619
0.795790 0.733946 0.002618
0.796217 0.731201 0.002619
0.796283 0.728059 0.002613
0.796503 0.724948 0.002626
0.796430 0.722472 0.002619
0.796860 0.719425 0.002617
0.796776 0.716744 0.002617
0.797126 0.713799 0.002618
0.797250 0.710766 0.002620
0.797466 0.707926 0.002620
0.797423 0.705271 0.002616
0.797815 0.702229 0.002617
0.797662 0.699433 0.002619
0.797856 0.696158 0.002620
0.797903 0.693730 0.002617
0.797942 0.690559 0.002620
0.798080 0.688157 0.002620
0.798168 0.685216 0.002615
0.798150 0.682449 0.002619
0.798005 0.679476 0.002616
0.798222 0.676130 0.002620
0.797926 0.673777 0.002616
0.798129 0.670667 0.002620
0.798161 0.668169 0.002617
0.797719 0.665056 0.002618
0.797828 0.662431 0.002616
0.797508 0.659477 0.002619
0.797547 0.656692 0.002619
0.792048 0.758529 0.003749
0.792432 0.753332 0.003746
0.792824 0.748922 0.003749
0.793214 0.744040 0.003742
0.793735 0.739006 0.003745
0.793592 0.734692 0.003750
0.794056 0.729641 0.003747
0.793938 0.725066 0.003751
0.794756 0.720907 0.003752
0.794574 0.715869 0.003745
0.794983 0.711176 0.003743
0.795395 0.706039 0.003751
0.795917 0.701627 0.003747
0.795757 0.697032 0.003752
0.795399 0.692282 0.003747
0.795860 0.687270 0.003753
0.795856 0.682681 0.003743
0.795541 0.677779 0.003743
0.795916 0.673671 0.003755
0.796022 0.668920 0.003753
0.795491 0.663431 0.003744
0.795666 0.658800 0.003753
0.795260 0.654477 0.003749
0.795015 0.649956 0.003741
0.794967 0.644831 0.003752
0.794615 0.640645 0.003747
0.794183 0.635594 0.003754
0.793723 0.630506 0.003753
0.793526 0.626039 0.003745
0.793280 0.621186 0.003741
0.792241 0.616610 0.003745
0.791931 0.611950 0.003741
0.791505 0.607370 0.003752
0.790815 0.602227 0.003743
0.790072 0.597719 0.003744
0.789294 0.592902 0.003747
0.789288 0.588226 0.003745
0.787514 0.583584 0.003754
0.786948 0.578663 0.003751
0.785877 0.573759 0.003750
0.785327 0.568841 0.003756
0.784437 0.564363 0.003745
0.783376 0.559182 0.003748
0.782149 0.554760 0.003755
0.780892 0.550109 0.003754
0.779521 0.544858 0.003746
0.787207 0.777105 0.002024
0.787269 0.775637 0.002024
0.787484 0.773148 0.002026
0.787392 0.771237 0.002027
0.787589 0.769158 0.002025
0.788013 0.767291 0.002026
0.788303 0.765081 0.002026
0.788177 0.763338 0.002023
0.788340 0.761093 0.002027
0.788670 0.759085 0.002024
0.788799 0.757352 0.002023
0.788805 0.755135 0.002025
0.789150 0.752853 0.002024
0.789379 0.751088 0.002023
0.789418 0.749114 0.002023
0.789716 0.746822 0.002025
0.789686 0.744937 0.002026
0.789682 0.742991 0.002028
0.790050 0.741207 0.002021
0.790225 0.738813 0.002020
0.790376 0.736919 0.002024
0.790451 0.735038 0.002024
0.790749 0.732873 0.002026
0.791002 0.730825 0.002024
0.791153 0.728730 0.002032
0.791262 0.726876 0.002024
0.791404 0.724777 0.002024
0.791614 0.722548 0.002026
0.791449 0.720776 0.002030
0.791643 0.716932 0.002024
0.792020 0.714666 0.002025
0.791779 0.712808 0.002026
0.791797 0.710674 0.002024
0.792142 0.708660 0.002026
0.792226 0.706415 0.002023
0.792061 0.704530 0.002029
0.792173 0.702627 0.002025
0.792487 0.700319 0.002023
0.792533 0.698609 0.002027
0.792504 0.696532 0.002024
0.792223 0.694744 0.002023
0.792689 0.690246 0.002027
0.784449 0.763708 0.003745
0.784760 0.758675 0.003751
0.785513 0.753939 0.003749
0.785533 0.749086 0.003747
0.785796 0.744969 0.003754
0.786434 0.739949 0.003749
0.786807 0.735183 0.003750
0.787429 0.730624 0.003750
0.787298 0.726481 0.003748
0.787827 0.721456 0.003752
0.787884 0.716738 0.003750
0.787830 0.712109 0.003754
0.788063 0.706441 0.003753
0.788912 0.702056 0.003744
0.788794 0.697342 0.003751
0.788752 0.692850 0.003743
0.788859 0.687735 0.003745
0.789086 0.683413 0.003747
0.788612 0.678113 0.003743
0.788587 0.668963 0.003752
0.788615 0.663970 0.003744
0.788408 0.659207 0.003750
0.788422 0.654620 0.003749
0.787572 0.645469 0.003750
0.787904 0.640218 0.003745
0.787359 0.635862 0.003753
0.787180 0.631170 0.003750
0.786244 0.621848 0.003751
0.785540 0.617001 0.003743
0.784924 0.612115 0.003746
0.784232 0.607399 0.003751
0.783869 0.602414 0.003752
0.783320 0.597853 0.003754
0.782258 0.593169 0.003752
0.781474 0.588116 0.003745
0.780912 0.583302 0.003746
0.779663 0.578406 0.003745
0.778719 0.574592 0.003749
0.778493 0.569018 0.003743
0.777473 0.564360 0.003754
0.776051 0.559802 0.003745
0.775386 0.554971 0.003749
0.773991 0.550150 0.003753
0.777269 0.769059 0.003745
0.777321 0.764407 0.003749
0.777728 0.759210 0.003749
0.778178 0.755074 0.003747
0.778759 0.749837 0.003746
0.778930 0.745104 0.003746
0.779579 0.740526 0.003743
0.780019 0.735838 0.003756
0.780291 0.730781 0.003752
0.780439 0.726137 0.003744
0.780638 0.721863 0.003759
0.780571 0.716206 0.003753
0.781389 0.712399 0.003749
0.780829 0.707564 0.003738
0.781491 0.702802 0.003750
0.781563 0.697784 0.003753
0.782169 0.693288 0.003747
0.782195 0.688424 0.003746
0.782041 0.683768 0.003746
0.782022 0.678450 0.003754
0.781938 0.674117 0.003744
0.781822 0.669360 0.003744
0.781484 0.664285 0.003750
0.781725 0.659651 0.003749
0.781646 0.654961 0.003743
0.780886 0.649804 0.003743
0.781169 0.645293 0.003742
0.780611 0.640449 0.003746
0.780295 0.635965 0.003752
0.779398 0.631042 0.003750
0.779418 0.626048 0.003747
0.778695 0.621275 0.003743
0.778706 0.617004 0.003748
0.778362 0.611759 0.003754
0.777016 0.607003 0.003753
0.776594 0.601750 0.003753
0.776153 0.597399 0.003747
0.775721 0.592625 0.003745
0.774857 0.588079 0.003748
0.773908 0.583135 0.003750
0.773236 0.578385 0.003751
0.772067 0.573646 0.003749
0.771028 0.568586 0.003754
0.770004 0.563892 0.003751
0.769135 0.559147 0.003750
0.767941 0.554171 0.003750
0.767479 0.549519 0.003747
0.765837 0.544616 0.003749
0.401909 0.940948 0.007389
0.412010 0.940097 0.007378
0.419930 0.940025 0.007474
0.427932 0.941498 0.007281
0.434989 0.940952 0.007285
0.442595 0.938768 0.007410
0.448807 0.940281 0.007003
0.457288 0.938463 0.007848
0.463520 0.939964 0.007167
0.470493 0.939239 0.007080
0.478563 0.940228 0.007336
0.486116 0.941686 0.007598
0.491979 0.940805 0.007697
0.500493 0.940049 0.007119
0.507003 0.941864 0.006983
0.514887 0.941996 0.007656
0.520735 0.940886 0.007204
0.529132 0.943127 0.007436
0.531190 0.941086 0.007659
0.544014 0.943980 0.007593
0.550148 0.942272 0.008013
0.557494 0.942850 0.007999
0.565644 0.944589 0.007620
0.574759 0.944464 0.007199
0.581032 0.946697 0.006978
0.588003 0.944747 0.006606
0.595697 0.946990 0.007697
0.602261 0.947471 0.007535
0.609976 0.948559 0.007362
0.615967 0.946521 0.007180
0.623713 0.948691 0.007669
0.631177 0.949016 0.007943
0.639259 0.950296 0.008119
0.647533 0.950852 0.006740
0.654045 0.951369 0.006870
0.661703 0.950558 0.007561
0.668372 0.950987 0.007445
0.676243 0.951425 0.007313
0.684002 0.951618 0.007800
0.687570 0.951901 0.007630
0.697168 0.953062 0.007920
0.705332 0.952018 0.007516
0.712521 0.951884 0.007286
0.402258 0.921314 0.007272
0.407487 0.922314 0.008316
0.415758 0.921131 0.007478
0.424210 0.921384 0.007514
0.430650 0.921480 0.007803
0.436560 0.920626 0.007392
0.444999 0.922047 0.006924
0.453210 0.921529 0.007243
0.458484 0.920001 0.007002
0.466641 0.922058 0.007809
0.474281 0.919251 0.007956
0.481169 0.922740 0.007722
0.489448 0.920213 0.007658
0.496288 0.920369 0.007581
0.503554 0.921014 0.007785
0.511095 0.923097 0.007924
0.520803 0.922168 0.007185
0.527667 0.921697 0.007410
0.532751 0.922374 0.007558
0.538831 0.923118 0.007737
0.547528 0.922404 0.007623
0.555916 0.926182 0.007646
0.562872 0.923686 0.007457
0.569280 0.926169 0.007302
0.578287 0.926831 0.007216
0.584533 0.925883 0.006863
0.591959 0.927629 0.007299
0.599139 0.928132 0.008189
0.606149 0.927536 0.007307
0.614486 0.928518 0.007561
0.622024 0.928139 0.007698
0.628890 0.929568 0.007633
0.635266 0.929696 0.006926
0.643143 0.930602 0.007244
0.651205 0.931145 0.007874
0.660606 0.933372 0.007145
0.666158 0.933044 0.007687
0.672662 0.932397 0.007789
0.678809 0.933135 0.007632
0.686739 0.931705 0.007543
0.693786 0.932895 0.006902
0.701554 0.932072 0.008161
0.708930 0.934266 0.007613
0.714764 0.934540 0.007542
0.399647 0.902184 0.007917
0.404558 0.902742 0.007323
0.411901 0.903520 0.007519
0.418487 0.901263 0.007782
0.417994 0.896330 0.007422
0.451315 0.898628 0.007302
0.448551 0.899648 0.007105
0.455215 0.898529 0.007512
0.463443 0.901493 0.008017
0.471348 0.900644 0.007107
0.477951 0.900420 0.007647
0.486465 0.900732 0.007490
0.493426 0.901044 0.007939
0.501310 0.901341 0.007583
0.507604 0.901299 0.008161
0.515767 0.901671 0.006971
0.532532 0.889706 0.007271
0.529766 0.902976 0.007813
0.538039 0.902876 0.007529
0.546549 0.905526 0.007599
0.553135 0.904784 0.007926
0.567394 0.905154 0.007861
0.573171 0.906240 0.007949
0.581834 0.907685 0.007614
0.592587 0.906832 0.007189
0.596952 0.909003 0.007913
0.605241 0.909341 0.006916
0.612414 0.910100 0.007466
0.616587 0.910137 0.007276
0.627133 0.909936 0.007592
0.633507 0.910687 0.007345
0.640255 0.911070 0.007396
0.645349 0.912606 0.007731
0.655140 0.912182 0.007250
0.660612 0.912480 0.006610
0.669024 0.911862 0.007630
0.675219 0.912331 0.007229
0.683597 0.912996 0.007251
0.690449 0.913948 0.007659
0.700646 0.912170 0.007406
0.706315 0.914294 0.007935
0.711884 0.913111 0.007446
0.719571 0.914603 0.007098
0.726879 0.912484 0.008067
0.396615 0.895338 0.004382
0.401660 0.894837 0.004060
0.407171 0.894631 0.003902
0.411460 0.894835 0.004268
0.415748 0.894282 0.004443
0.421430 0.893524 0.004128
0.424949 0.893225 0.004146
0.429958 0.893782 0.004030
0.434958 0.893862 0.003845
0.440239 0.893296 0.004292
0.443833 0.892457 0.004282
0.449313 0.892201 0.004429
0.452351 0.898033 0.004255
0.458271 0.893726 0.004017
0.463426 0.894539 0.003964
0.468065 0.892389 0.004150
0.472721 0.892212 0.004063
0.475876 0.893527 0.004262
0.482704 0.892529 0.004470
0.486421 0.893768 0.004294
0.491277 0.892973 0.004344
0.495354 0.893349 0.003962
0.499871 0.893450 0.004250
0.505296 0.894257 0.004045
0.511240 0.894542 0.004079
0.514309 0.895180 0.004466
0.519072 0.895032 0.003934
0.523000 0.894721 0.003908
0.528176 0.895509 0.004270
0.533073 0.895332 0.004158
0.537041 0.895485 0.004152
0.542641 0.896643 0.004195
0.547372 0.896626 0.004183
0.552932 0.897164 0.004158
0.555994 0.896621 0.004193
0.561091 0.897456 0.004192
0.566153 0.897930 0.004284
0.570155 0.898130 0.003892
0.585879 0.894683 0.004245
0.580551 0.899674 0.004277
0.585486 0.900116 0.004429
0.589795 0.899918 0.004000
0.595087 0.900043 0.004223
0.611724 0.901869 0.003789
0.615958 0.901726 0.004220
0.621394 0.901822 0.004282
0.626034 0.903586 0.004262
0.629598 0.902947 0.004097
0.635235 0.903215 0.004036
0.640171 0.903990 0.004472
0.643239 0.904071 0.004312
0.649090 0.904291 0.004250
0.653869 0.904737 0.004326
0.658450 0.904432 0.004234
0.662181 0.905074 0.004136
0.668521 0.905229 0.004336
0.672230 0.905001 0.004195
0.677365 0.905628 0.004047
0.681830 0.905012 0.004027
0.687228 0.906163 0.004237
0.692564 0.905509 0.004171
0.696567 0.905930 0.004181
0.701060 0.905969 0.004146
0.705835 0.906350 0.004203
0.709422 0.906436 0.003975
0.714996 0.906041 0.004247
0.719653 0.905479 0.004206
0.724526 0.905955 0.004089
0.728045 0.906240 0.004290
0.732928 0.906342 0.004222
0.738057 0.905586 0.004238
0.742216 0.906279 0.004402
0.747745 0.905801 0.004224
0.752424 0.905149 0.004355
0.757549 0.905050 0.004086
0.762234 0.904877 0.004168
0.765720 0.904820 0.004585
0.770745 0.903356 0.004276
0.776223 0.904079 0.004236
0.779533 0.904349 0.004158
0.785100 0.903307 0.004424
0.789338 0.903560 0.004037
0.793962 0.901897 0.004045
0.798017 0.902926 0.004462
0.394623 0.882625 0.007892
0.405240 0.882469 0.007514
0.410611 0.883405 0.007515
0.416728 0.882208 0.007163
0.424855 0.882658 0.007460
0.432966 0.880042 0.007930
0.438930 0.881799 0.007338
0.446861 0.880881 0.007400
0.455656 0.881801 0.008094
0.462384 0.880060 0.007167
0.468861 0.880440 0.007336
0.477984 0.882752 0.007438
0.483990 0.883068 0.007372
0.491408 0.882962 0.007755
0.498684 0.881836 0.007879
0.506836 0.882447 0.007389
0.513626 0.883715 0.007232
0.521416 0.883445 0.007679
0.527835 0.883614 0.007438
0.536224 0.884892 0.007151
0.542484 0.885136 0.007669
0.549704 0.885714 0.007478
0.556837 0.886888 0.007310
0.564591 0.884565 0.007594
0.571914 0.886493 0.006966
0.580435 0.888583 0.007253
0.584637 0.887150 0.007956
0.594963 0.890086 0.007430
0.600941 0.889832 0.007333
0.608841 0.890342 0.007394
0.614772 0.889703 0.007565
0.620888 0.890337 0.007672
0.626950 0.900205 0.007600
0.638657 0.892429 0.007196
0.645196 0.892945 0.007417
0.652501 0.892976 0.007552
0.658840 0.894379 0.007507
0.666733 0.892937 0.006708
0.674300 0.893070 0.007481
0.680736 0.894355 0.007545
0.688760 0.893547 0.007131
0.694062 0.894856 0.008386
0.703169 0.893799 0.007412
0.709207 0.892331 0.007397
0.717752 0.893745 0.008031
0.725647 0.893172 0.007527
0.732291 0.892683 0.007348
0.739851 0.894123 0.007582
0.747365 0.894632 0.008023
0.754699 0.892098 0.008165
0.395381 0.863219 0.007234
0.409885 0.862260 0.007396
0.417176 0.862703 0.007591
0.423899 0.862138 0.007157
0.434200 0.863078 0.007498
0.437759 0.861234 0.007252
0.445395 0.862282 0.007679
0.452635 0.860740 0.007164
0.451854 0.859254 0.007631
0.467990 0.861726 0.006912
0.475645 0.860212 0.007071
0.483768 0.861878 0.007732
0.489626 0.862178 0.006974
0.496805 0.862379 0.007605
0.503090 0.863338 0.007633
0.511176 0.863898 0.007886
0.517883 0.864193 0.006897
0.526970 0.865351 0.007509
0.534386 0.864233 0.007439
0.539956 0.865395 0.007290
0.548336 0.865710 0.006960
0.555836 0.866122 0.007514
0.562461 0.866702 0.007931
0.570873 0.865868 0.007285
0.579241 0.867336 0.007009
0.601707 0.855187 0.007058
0.590755 0.869867 0.007780
0.601383 0.869921 0.007252
0.607593 0.869900 0.007074
0.614619 0.872283 0.007670
0.620851 0.870847 0.006958
0.628342 0.873035 0.007380
0.635558 0.872504 0.007007
0.644745 0.873029 0.006949
0.652067 0.873914 0.007764
0.657882 0.872636 0.007201
0.666940 0.873895 0.007553
0.671326 0.874147 0.007076
0.678631 0.873394 0.007322
0.689296 0.874294 0.007319
0.696481 0.876284 0.007487
0.702503 0.875564 0.007244
0.710739 0.875423 0.007221
0.717777 0.873975 0.007041
0.723509 0.874037 0.007027
0.731839 0.874261 0.006911
0.738665 0.874947 0.007771
0.395528 0.845675 0.008003
0.404136 0.845395 0.007605
0.409969 0.841219 0.007437
0.417519 0.842537 0.007473
0.425176 0.844571 0.007508
0.431314 0.840254 0.008121
0.440996 0.841959 0.007110
0.445470 0.841465 0.007552
0.454466 0.841925 0.007661
0.460645 0.842139 0.007617
0.469475 0.843150 0.007405
0.476237 0.842284 0.007532
0.480579 0.841989 0.007851
0.490061 0.843854 0.007969
0.506451 0.843627 0.006755
0.512294 0.843650 0.007533
0.520164 0.843340 0.008042
0.526685 0.844059 0.007777
0.533959 0.844930 0.007199
0.540317 0.845033 0.007203
0.548100 0.845324 0.007246
0.555803 0.846662 0.007281
0.563383 0.848144 0.007048
0.571640 0.849402 0.007161
0.577534 0.848662 0.007223
0.585015 0.848896 0.007371
0.591585 0.849570 0.007406
0.600196 0.849362 0.007956
0.606156 0.850387 0.007302
0.613883 0.852200 0.007911
0.623119 0.851146 0.007677
0.629512 0.853424 0.007559
0.634862 0.853017 0.007498
0.644486 0.853026 0.007467
0.651868 0.854480 0.007757
0.659487 0.854801 0.007709
0.664851 0.852703 0.007894
0.673102 0.854607 0.007589
0.679644 0.854822 0.007891
0.689093 0.855543 0.007795
0.694193 0.853570 0.007769
0.702043 0.855584 0.007422
0.708587 0.856688 0.007905
0.717942 0.855966 0.007475
0.724955 0.854659 0.006952
0.731648 0.855223 0.007362
0.738556 0.853845 0.007404
0.746433 0.853371 0.007836
0.753075 0.853414 0.007849
0.012619 0.014097 0.009760
0.021807 0.015604 0.009474
0.030296 0.015902 0.009393
0.037101 0.018337 0.009706
0.048168 0.020295 0.009955
0.057351 0.022945 0.010319
0.066744 0.023280 0.010441
0.075432 0.028548 0.008974
0.088073 0.024484 0.009482
0.092873 0.026394 0.010191
0.102516 0.027700 0.009715
0.110227 0.032805 0.009965
0.115659 0.035346 0.010335
0.128901 0.035532 0.009696
0.134969 0.034629 0.009946
0.147930 0.037281 0.009122
0.155879 0.039250 0.010050
0.161424 0.040093 0.009762
0.173112 0.040712 0.010070
0.182626 0.043169 0.009884
0.188700 0.044532 0.009202
0.197214 0.044776 0.009971
0.210073 0.047636 0.010063
0.217091 0.047329 0.009617
0.228275 0.051357 0.010184
0.236599 0.051069 0.009198
0.244777 0.051827 0.010046
0.252627 0.053594 0.010048
0.262748 0.053574 0.010665
0.269195 0.058264 0.009205
0.277167 0.060422 0.010524
0.288824 0.062400 0.009874
0.297184 0.063704 0.009841
0.309952 0.065519 0.009359
0.316226 0.067136 0.009293
0.322324 0.067454 0.010058
0.332694 0.067655 0.010140
0.342025 0.070005 0.009786
0.352100 0.070789 0.009882
0.358875 0.074421 0.009975
0.368146 0.073590 0.009893
0.375646 0.076774 0.009224
0.385144 0.079225 0.010162
0.420508 0.084658 0.009302
0.430550 0.086671 0.009854
0.436540 0.088155 0.009442
0.447399 0.087447 0.009807
0.455717 0.088820 0.008946
0.464022 0.090722 0.009564
0.473087 0.095277 0.009268
0.480361 0.089710 0.010446
0.487552 0.094448 0.009778
0.495646 0.098271 0.010222
0.511864 0.100877 0.010179
0.517880 0.099606 0.010685
0.527657 0.101968 0.009735
0.533669 0.101403 0.009186
0.544591 0.104892 0.009081
0.550665 0.107108 0.009101
0.561926 0.108407 0.009661
0.571112 0.109366 0.009278
0.578287 0.111489 0.009446
0.588555 0.111611 0.009126
0.596220 0.112020 0.009596
0.604561 0.118700 0.009387
0.616928 0.115470 0.010094
0.626476 0.119857 0.009072
0.635418 0.119810 0.009478
0.640496 0.122396 0.010381
0.649813 0.124561 0.009551
0.660500 0.126742 0.009509
0.670182 0.126732 0.010069
0.676176 0.126121 0.009315
0.687643 0.129957 0.009987
0.697830 0.132291 0.010088
0.705613 0.137325 0.010309
0.712751 0.132108 0.009433
0.721613 0.136995 0.009783
0.732887 0.135700 0.009419
0.737890 0.136919 0.008933
0.750544 0.137949 0.009650
0.757581 0.143184 0.009807
0.764552 0.140645 0.009838
0.777172 0.145531 0.009600
0.783687 0.145624 0.009746
0.793952 0.149977 0.010192
