341.25 491.15 14
359.87 487.79 15
382.87 487.63 15
406.41 486.99 15
425.45 490.37 15
449.32 484.86 14
473.84 488.57 15
493.11 487.59 15
513.88 488.72 14
538.78 490.33 15
556.55 488.15 14
579.94 488.58 14
604.63 485.69 14
622.98 488.11 15
646.92 487.16 15
668.05 489.65 15
693.12 488.80 14
709.47 488.45 14
732.92 489.61 15
755.42 487.66 14
778.68 487.27 14
801.19 484.36 15
822.50 489.29 15
846.32 489.45 15
866.83 489.38 15
885.14 488.42 14
906.54 491.50 14
930.39 488.14 15
952.02 492.95 14
974.37 489.09 15
999.18 488.11 14
1017.90 488.96 14
1043.09 489.58 15
1064.94 490.46 14
1084.60 493.36 15
1105.71 490.08 15
1131.04 491.23 15
1141.56 475.68 14
1173.33 490.74 14
1194.68 493.58 14
1218.85 489.34 15
1239.04 488.81 15
1260.40 487.72 15
1284.15 489.56 15
1303.60 486.04 15
1326.99 491.36 15
1348.23 488.88 14
1369.80 491.42 14
338.46 460.71 15
363.43 457.78 15
382.95 464.17 15
408.23 458.67 14
433.57 458.58 14
450.60 459.39 15
474.49 461.08 14
496.87 458.23 14
514.37 461.87 15
540.00 460.58 15
560.03 459.99 15
581.85 458.43 14
605.99 460.60 14
625.37 459.93 14
647.59 456.49 15
671.60 461.08 14
694.59 458.85 14
714.25 459.95 15
737.43 458.88 15
755.33 459.96 14
779.73 459.81 14
802.66 459.98 14
822.16 459.84 15
846.93 459.47 14
867.96 462.68 15
889.95 461.61 14
913.56 461.83 14
954.95 444.82 15
953.04 459.86 14
975.91 461.72 14
1000.22 459.90 15
1020.57 459.33 15
1046.52 463.47 14
1067.07 459.43 14
1084.89 465.86 15
1107.01 465.56 14
1128.56 457.04 14
1153.19 462.96 15
1173.48 459.59 15
1195.10 462.30 14
1216.03 461.61 14
1242.31 456.49 15
341.51 433.79 14
361.63 431.83 15
387.73 434.89 14
409.67 430.10 14
432.19 435.03 14
455.72 431.48 14
475.48 429.12 14
496.14 432.59 14
515.56 434.80 14
540.88 432.00 14
563.25 432.11 14
585.03 431.93 15
603.22 427.78 14
630.48 435.67 15
651.23 435.39 14
671.30 434.72 15
693.56 432.73 15
712.46 432.11 14
738.68 431.35 15
759.08 435.03 15
793.65 446.73 14
807.73 429.84 15
828.75 431.20 15
848.97 432.79 14
869.61 431.09 15
889.06 433.51 15
913.12 435.98 14
935.96 435.95 14
956.97 433.63 15
979.25 430.57 15
1001.34 434.18 14
1021.04 430.04 15
1046.56 431.51 14
1068.88 431.16 14
1088.05 432.05 14
1109.42 433.11 14
1136.53 434.59 14
1156.75 433.19 15
1172.32 429.46 15
1198.18 433.81 14
1219.31 414.73 15
1240.46 434.30 15
1262.97 431.42 15
1286.25 432.46 14
345.19 401.84 15
364.76 404.40 14
387.47 399.32 14
407.41 401.93 14
432.73 405.45 15
455.59 401.96 15
478.41 405.52 15
500.63 404.51 15
521.22 399.45 14
542.07 401.35 14
568.27 406.54 14
585.07 399.85 14
605.98 401.91 15
652.69 403.67 15
676.65 406.38 15
695.45 401.39 14
715.00 403.48 15
741.34 404.74 15
761.16 402.71 14
781.97 401.60 15
804.16 402.49 14
828.15 401.09 14
874.26 405.54 15
893.27 402.50 15
915.44 404.80 15
939.66 399.64 15
981.17 405.93 14
1003.00 403.31 14
1025.94 404.51 15
1051.96 400.80 15
1066.95 401.89 15
1090.55 405.99 14
1116.84 403.71 15
1132.88 405.05 15
1159.58 403.91 14
1178.54 406.12 15
1202.44 402.89 14
1223.75 399.61 14
1245.05 402.15 15
1264.43 405.09 15
362.08 393.65 14
370.66 373.52 14
390.36 376.33 15
411.19 372.92 15
433.38 371.86 15
459.55 375.79 14
482.07 372.87 14
499.51 374.66 14
522.97 371.42 15
547.28 371.45 14
567.30 373.06 15
588.41 378.58 15
611.59 375.26 14
630.36 373.88 15
653.15 373.68 14
687.46 380.66 15
698.57 374.78 14
720.93 375.95 15
741.96 378.47 15
761.50 373.97 15
786.34 379.49 14
810.62 370.94 15
830.73 375.15 15
853.18 373.36 15
871.69 375.82 15
895.25 372.34 14
916.71 373.27 15
934.10 371.97 15
960.31 372.27 15
983.94 380.88 14
1006.07 377.22 15
1028.57 376.57 14
1052.35 375.79 14
1071.20 376.03 14
1093.79 374.83 15
1115.10 375.62 15
1133.56 374.70 15
1156.75 373.16 15
1181.46 374.89 14
1201.45 378.08 15
1224.28 375.91 14
1243.44 378.43 14
1268.68 377.31 15
1289.34 379.66 14
349.75 345.79 14
371.69 345.71 14
390.25 344.63 15
417.12 347.79 14
434.79 344.68 14
458.38 346.80 15
480.33 342.27 15
504.94 344.70 15
524.84 348.42 15
548.57 346.69 15
568.89 348.33 15
590.63 344.76 14
611.02 345.32 15
633.78 342.52 15
656.46 345.80 15
678.68 347.42 14
699.05 345.44 15
724.77 346.09 14
744.78 344.14 14
764.07 344.38 14
790.81 346.02 15
806.60 347.50 14
832.57 345.38 14
852.58 347.45 15
878.46 348.34 15
899.19 345.26 14
917.42 343.97 15
943.59 341.99 14
959.45 346.72 15
986.94 344.89 14
1007.09 346.48 15
1027.49 345.07 14
1052.91 345.91 14
1074.39 347.14 15
1095.29 345.76 14
1117.23 348.46 15
1139.60 345.01 14
1160.06 345.27 15
1183.72 345.78 15
1200.94 347.41 14
1220.26 344.56 14
1249.10 348.86 15
1271.27 343.26 15
1290.97 346.38 15
1312.02 347.42 15
729.03 1008.32 10
750.16 997.46 11
769.03 992.56 12
787.86 981.97 11
807.44 978.79 11
825.63 972.74 12
844.49 968.02 12
862.00 965.34 11
882.79 964.18 12
898.24 964.08 12
920.58 962.61 11
937.04 961.62 12
957.25 961.06 12
973.97 960.78 12
994.54 962.18 12
1015.13 964.21 12
1030.81 965.37 12
1052.47 965.64 12
1070.55 967.31 12
1094.75 965.98 12
1109.62 965.03 11
1130.03 965.72 11
1145.69 962.96 12
1165.38 960.74 11
1185.03 956.40 11
1206.81 949.57 11
1228.84 944.24 11
1246.03 937.86 11
1265.87 932.42 11
1285.94 921.30 11
1303.61 914.53 11
1326.27 906.68 12
1343.26 898.04 12
1362.58 890.77 11
1382.91 879.95 12
1400.59 873.06 11
1424.80 861.17 11
1440.69 856.54 11
1459.42 849.44 11
1478.65 846.37 13
1500.59 837.64 11
1520.64 832.44 11
1538.99 829.52 12
1559.90 826.10 11
1578.79 824.92 12
1596.13 824.97 12
1619.30 825.52 11
1636.90 826.27 12
1660.07 826.76 12
1678.46 827.82 12
737.55 980.82 11
755.11 974.40 12
770.92 969.10 11
790.99 959.90 10
812.59 951.53 12
829.98 949.71 12
851.30 946.56 11
871.15 941.71 11
888.18 940.77 13
905.47 940.23 12
925.00 936.46 11
945.30 937.62 11
962.63 939.27 11
983.73 940.37 11
1005.80 939.04 12
1021.31 944.72 12
1037.15 943.83 13
1065.12 942.65 12
1078.79 944.17 12
1095.99 943.63 12
1117.37 945.04 11
1137.67 941.87 12
1155.19 942.44 12
1178.00 935.91 13
1198.14 931.60 11
1215.67 927.08 10
1236.15 921.52 11
1253.63 915.49 11
1275.79 906.70 11
1294.12 896.69 11
1315.97 888.29 12
1333.69 882.49 11
1353.15 873.48 11
1373.80 865.00 11
1393.01 855.21 12
1411.88 847.81 12
1431.33 841.99 12
1454.29 830.88 11
1472.99 824.08 12
1494.15 819.59 12
1508.56 813.53 11
1535.17 808.09 12
1552.56 805.32 11
1570.18 804.21 12
1590.16 802.88 11
1609.65 803.86 12
1629.54 804.07 12
1653.83 803.62 12
741.93 956.61 12
763.46 948.45 11
780.64 940.56 12
800.71 935.63 11
820.98 929.49 12
840.33 924.87 12
860.92 922.54 12
877.20 918.41 12
900.59 913.96 12
912.25 916.70 12
932.65 917.97 11
951.17 917.92 12
971.43 915.78 11
992.38 917.38 12
1012.99 920.00 12
1031.06 919.20 11
1048.21 923.45 12
1069.54 922.27 12
1089.92 923.62 12
1107.55 923.23 11
1126.28 922.19 11
1145.70 917.29 11
1167.47 916.67 11
1187.90 912.19 11
1208.48 906.36 12
1229.05 900.19 12
1246.08 897.51 11
1265.25 888.38 12
1288.13 879.34 11
1306.18 872.53 11
1325.84 866.24 12
1344.59 855.34 12
1365.95 846.60 12
1382.80 838.62 11
1404.05 830.87 12
1426.38 818.94 11
1449.06 807.94 11
1463.60 807.95 12
1483.05 803.12 12
1504.24 793.44 12
1523.30 790.12 12
748.89 929.76 12
770.70 920.74 11
791.82 913.33 11
808.76 912.42 11
827.37 903.01 11
846.92 901.74 12
862.99 901.85 12
882.92 897.97 13
905.40 895.90 12
922.12 894.67 11
942.62 894.61 11
961.77 894.80 11
983.39 893.63 11
1003.33 895.37 12
1021.63 896.76 11
1061.93 898.84 11
1079.33 900.69 11
1097.92 901.24 12
1119.26 900.76 11
1139.66 897.00 13
1157.78 896.51 12
1180.08 892.92 12
1199.56 887.77 12
1219.55 882.03 11
1237.44 878.87 12
1260.80 869.99 11
1276.82 865.66 12
1295.55 859.24 12
1316.63 849.79 11
1338.80 835.95 12
1356.66 830.12 11
1376.77 820.49 12
1398.16 808.04 11
1415.99 801.85 12
1436.90 795.46 12
1455.63 788.84 12
1473.81 782.09 12
1498.14 772.95 12
1517.32 768.31 11
754.58 915.36 6
760.31 914.12 7
770.28 909.25 7
776.40 908.85 6
785.09 905.82 7
790.42 902.84 6
797.76 900.43 7
806.42 899.31 6
812.95 897.20 6
823.16 894.42 7
827.65 893.02 6
834.94 891.97 6
842.87 890.39 6
850.17 887.97 7
858.58 886.86 6
866.17 885.72 7
874.46 883.59 7
879.28 883.96 7
886.78 884.62 7
894.85 881.66 6
901.05 883.51 7
909.48 883.46 7
917.19 881.17 6
924.15 881.22 7
932.01 881.40 7
940.86 881.47 6
947.33 881.74 7
953.49 881.82 7
962.42 881.40 6
971.90 881.99 6
978.24 881.90 6
985.17 883.07 6
992.88 885.32 6
998.91 883.80 6
1007.14 885.12 6
1015.70 884.62 7
1021.72 886.14 6
1031.10 886.05 6
1038.15 887.72 7
1044.68 887.06 7
1053.72 886.73 6
1061.03 887.15 6
761.18 901.94 13
775.66 898.92 11
794.58 891.37 11
815.62 886.56 11
839.70 878.39 11
855.49 875.70 12
875.89 875.24 12
893.74 873.75 12
916.76 873.21 11
934.81 870.28 11
950.98 871.17 12
971.49 872.83 11
995.91 873.18 11
1012.78 873.82 12
1031.51 875.80 11
1050.64 875.22 12
1073.35 877.22 11
1093.63 876.46 11
1112.61 876.17 12
1127.85 877.39 12
1153.62 873.95 11
1170.14 873.01 12
1190.27 869.69 12
1210.67 864.76 10
1232.05 857.99 11
1252.36 851.02 11
1268.68 845.15 11
1291.57 835.48 11
1308.33 830.28 12
1332.84 817.47 11
1347.81 813.69 12
1366.12 804.11 12
1391.89 793.11 12
1409.06 783.91 12
1429.05 778.42 11
1447.29 768.35 12
1463.35 764.06 12
1487.49 755.61 11
1506.56 750.95 11
1522.47 745.91 11
1544.73 741.41 11
1565.60 739.92 12
1582.84 739.86 12
1604.34 734.78 12
1623.24 735.84 11
766.03 881.49 12
786.32 873.81 11
808.56 866.48 11
826.41 861.99 12
846.09 858.39 12
864.30 856.47 11
888.47 851.49 11
906.28 851.07 11
927.55 848.69 11
944.40 849.65 12
967.05 848.57 12
983.36 851.82 12
1005.16 851.30 12
1022.90 854.79 11
1047.84 855.70 11
1062.06 854.87 12
1084.81 856.27 12
1104.05 855.84 12
1122.78 854.20 12
1141.84 854.21 12
1160.97 852.46 12
1183.36 849.52 11
1205.41 843.07 11
1221.59 838.88 11
1245.72 833.17 12
1261.29 827.78 12
1282.58 820.76 12
1297.82 812.93 13
1320.68 801.83 12
1338.63 794.84 11
1359.18 786.61 11
1381.34 774.76 11
1397.83 769.01 12
1417.71 759.46 12
1436.83 752.58 12
1458.82 743.78 11
1476.25 738.54 13
1496.29 729.82 12
1514.74 728.22 12
1534.25 720.03 11
1549.91 721.44 12
1572.71 716.19 12
1594.01 716.41 12
1612.91 712.12 12
1633.46 712.64 11
1648.51 714.46 12
1667.46 715.65 12
1686.82 715.13 11
780.16 854.15 11
799.35 847.83 12
818.24 840.62 11
836.70 836.88 11
859.67 832.94 11
877.81 831.29 11
897.62 828.76 11
915.12 827.67 11
939.90 826.56 12
955.31 826.35 12
975.15 828.54 11
997.52 828.53 12
1019.32 829.72 11
1035.62 829.31 11
1057.11 834.35 12
1074.85 832.66 12
1096.49 835.52 11
1113.67 832.37 12
1135.86 832.60 11
1154.35 833.19 13
1175.26 826.68 10
1192.35 824.86 11
1213.06 820.33 11
1230.11 817.83 12
1250.74 810.14 11
1271.94 802.61 11
1292.92 793.59 11
1308.34 788.49 11
1328.01 780.19 11
1350.65 768.63 12
1369.83 760.84 12
1389.20 750.95 11
1409.77 740.66 11
1428.26 734.15 11
1443.62 728.91 12
1466.50 716.79 11
1486.43 710.44 11
1502.22 708.31 11
1520.88 703.30 12
1543.70 696.09 10
1561.30 695.37 11
1579.27 693.83 12
1600.00 692.37 10
1617.55 691.20 11
1639.19 691.93 11
1653.59 691.34 11
793.70 827.60 11
813.65 819.12 12
830.76 815.73 12
850.36 813.43 11
870.65 808.65 12
893.45 806.85 12
908.85 805.99 10
928.46 804.62 11
949.00 805.88 11
965.23 805.56 12
990.44 807.92 11
1008.90 808.39 11
1027.34 808.99 12
1049.07 810.81 11
1072.35 807.37 11
1087.42 809.43 13
1107.21 809.33 12
1128.70 809.90 11
1145.43 811.64 12
1163.44 810.12 12
1183.17 806.31 11
1203.97 802.20 11
1221.82 798.42 11
1244.52 789.60 12
1261.81 785.67 12
1279.58 775.92 12
1299.64 768.98 11
1317.54 761.97 11
1341.78 751.07 12
1360.04 741.04 12
1378.63 732.85 11
1396.05 727.88 12
1417.89 714.34 12
1432.21 710.78 12
1451.07 701.90 11
1471.59 694.25 12
1492.19 686.33 12
1509.51 681.92 12
1547.17 676.10 11
1569.03 672.31 13
1586.66 669.89 12
1603.70 669.64 12
1621.47 668.05 12
1642.04 669.25 11
1660.37 671.45 11
1680.42 672.58 12
1701.31 674.69 12
1721.38 673.30 11
1736.02 675.32 12
804.03 800.75 11
824.98 798.20 12
841.05 794.95 11
863.27 787.25 12
879.14 788.71 13
906.01 785.24 11
920.94 784.91 11
941.65 781.92 11
960.14 784.24 12
981.37 784.81 12
999.77 781.81 12
1017.19 784.68 11
1039.86 784.71 13
1056.58 791.08 11
1073.58 789.99 11
1097.94 788.79 10
1117.19 788.93 11
1136.85 787.52 11
1156.14 787.21 11
1175.76 782.37 11
1194.14 780.70 12
1216.08 774.38 12
1230.41 773.87 12
1247.98 766.25 11
1266.14 760.41 11
1289.46 750.99 12
1309.64 743.19 12
1328.62 731.50 11
1347.40 727.60 11
1364.41 718.17 12
1383.01 707.75 12
1401.97 699.88 11
1421.52 692.35 11
1443.65 682.41 12
1459.98 674.03 11
1477.46 671.76 12
1501.76 661.59 11
1519.08 657.82 11
1538.37 652.27 11
1552.74 651.33 12
1572.94 647.26 12
1593.08 647.31 12
1611.04 648.24 12
1628.19 647.47 12
1650.04 645.86 11
1664.95 648.51 11
218.04 307.65 11
240.08 308.89 12
256.51 307.57 12
275.43 308.16 12
292.95 307.22 11
312.43 305.55 11
328.48 307.81 11
350.88 306.72 11
365.64 308.91 12
386.66 307.21 11
404.49 306.59 12
423.50 307.66 11
440.43 309.03 12
459.02 307.05 12
476.25 308.32 11
496.81 306.93 11
513.72 308.30 10
533.34 308.36 12
550.68 306.59 12
569.38 306.57 11
588.96 308.42 12
605.80 307.00 11
627.59 309.02 12
641.07 307.30 12
660.52 307.27 12
679.39 306.80 11
701.01 307.77 11
716.45 306.30 11
735.83 307.45 12
751.48 305.28 12
769.69 307.35 12
788.86 306.04 12
809.13 306.52 11
828.36 306.94 11
845.29 306.00 11
863.70 306.02 12
881.89 306.31 11
900.75 307.56 11
919.59 307.11 12
935.16 305.67 11
954.84 306.39 12
972.95 306.59 11
993.11 306.13 11
1011.98 308.40 11
1028.17 305.20 10
1049.34 305.91 10
1066.21 307.40 12
1085.85 306.18 10
1102.15 305.93 12
214.40 281.52 12
232.72 283.91 12
251.62 282.97 10
271.33 284.30 10
288.23 283.64 11
306.90 282.56 12
326.85 281.60 11
344.86 281.34 10
362.40 282.61 12
380.05 281.75 12
399.50 282.31 11
419.07 282.67 11
435.02 281.57 11
453.56 282.88 13
474.26 282.06 11
491.05 281.75 11
511.74 280.58 12
545.84 273.53 12
545.21 282.17 12
597.69 271.58 11
601.89 280.51 11
621.64 281.79 11
640.06 281.42 12
656.95 282.44 10
694.74 281.91 11
713.14 280.65 10
727.07 281.92 12
748.23 282.11 11
766.85 281.56 11
786.51 281.13 11
803.13 280.54 11
821.17 280.28 11
842.67 282.22 12
861.79 282.10 11
878.44 281.82 10
896.50 280.61 11
914.34 281.24 11
933.78 281.37 12
951.87 282.22 12
968.98 281.39 11
988.48 281.36 11
1008.53 280.75 11
209.03 255.67 11
229.02 256.88 12
247.35 256.26 12
266.36 255.84 12
285.51 257.67 12
303.78 256.71 12
320.03 256.99 11
325.92 261.44 12
357.70 255.28 11
395.57 256.84 11
413.77 256.07 11
429.83 256.09 12
448.97 255.90 12
468.15 255.59 12
488.24 257.00 11
505.05 256.00 12
525.65 256.71 12
540.18 255.59 12
560.06 255.88 12
580.20 256.71 12
596.02 256.77 12
614.65 256.19 11
634.20 255.69 11
651.89 254.69 11
672.77 256.20 11
686.61 256.62 11
709.27 256.38 12
727.60 255.90 12
745.42 254.84 12
763.22 256.87 11
780.58 255.09 12
799.81 255.88 12
818.77 256.73 12
834.42 255.40 11
854.43 258.01 11
873.80 255.30 11
891.65 255.10 11
910.72 256.32 12
928.31 256.79 11
205.31 230.18 12
223.98 231.94 12
243.22 230.53 12
262.43 231.40 11
277.44 230.99 11
297.60 231.86 11
316.74 230.68 11
335.79 231.81 12
351.88 229.82 11
372.27 230.80 11
388.43 230.82 12
411.04 231.80 12
426.96 229.00 11
445.48 232.12 11
464.31 229.89 11
482.03 230.17 12
503.32 231.04 12
518.78 231.75 11
537.70 229.27 12
555.56 229.89 11
574.38 230.91 11
594.66 229.27 12
610.51 230.70 12
628.37 230.37 11
648.75 230.05 11
666.99 230.13 11
684.21 230.25 12
704.08 230.23 13
721.99 230.78 11
738.99 228.70 12
757.31 229.60 13
776.00 230.39 11
796.38 230.21 11
812.61 231.41 11
832.97 231.63 12
849.68 230.31 12
867.88 229.63 11
884.79 231.31 12
905.00 228.79 11
925.02 230.14 11
942.57 229.37 12
201.86 206.12 11
221.30 206.21 12
237.40 204.94 12
256.36 204.95 10
273.02 206.20 11
291.49 205.40 12
347.71 220.73 12
331.92 206.38 11
348.01 204.94 11
367.81 203.93 12
384.58 204.71 12
404.35 205.01 12
420.20 203.66 12
441.93 204.25 11
457.85 205.71 12
479.39 205.47 11
495.20 203.91 11
514.50 206.37 11
531.95 205.80 11
557.94 191.47 13
567.98 205.26 11
588.23 204.39 11
606.47 203.77 11
623.47 204.80 12
642.09 204.60 12
661.00 205.29 11
679.01 203.58 11
698.36 202.94 11
719.85 206.64 11
733.91 203.27 12
752.36 204.70 12
771.16 205.56 11
789.80 204.28 12
808.90 204.73 11
827.43 205.07 12
843.85 204.10 12
864.07 205.04 11
882.65 205.71 11
900.72 205.19 11
917.80 206.42 12
195.67 180.29 13
216.30 181.02 11
233.79 179.04 11
253.52 176.73 12
270.89 176.98 11
288.22 180.72 11
306.93 180.94 11
325.60 178.30 11
345.55 181.08 12
361.98 180.94 10
379.99 179.13 12
399.12 178.38 11
418.33 173.97 11
435.12 179.07 11
454.78 178.33 12
473.35 178.83 12
491.68 192.20 12
508.94 178.74 12
529.22 180.68 11
546.24 179.11 11
565.28 179.05 12
583.57 179.13 12
603.54 180.29 11
619.28 181.02 11
639.09 177.95 12
655.41 179.44 12
673.71 179.19 12
693.69 179.78 12
712.63 179.12 12
730.58 178.33 12
748.28 180.21 12
766.75 180.65 11
784.80 178.19 11
804.31 179.01 12
823.54 178.96 13
839.94 177.78 11
858.60 178.72 11
878.22 180.01 12
896.19 178.44 11
915.36 178.86 12
932.20 178.26 12
952.11 179.53 11
969.61 177.94 12
986.98 179.28 11
1007.46 178.78 12
1025.49 178.97 13
1041.46 177.92 12
1062.29 178.52 12
192.02 153.19 12
209.83 154.78 11
228.28 154.10 12
247.17 154.07 11
264.79 153.95 12
282.23 153.92 11
298.91 152.63 12
320.33 154.09 12
339.40 154.91 11
355.14 153.35 11
374.56 152.32 11
395.99 152.31 12
415.07 153.10 11
432.01 153.81 12
450.72 155.53 13
442.96 170.89 12
487.35 152.57 12
505.46 155.05 12
523.15 153.92 11
539.95 153.19 12
560.19 154.92 11
579.77 153.68 11
595.02 153.54 11
616.19 152.94 11
635.75 154.19 12
652.40 154.55 12
672.74 154.54 9
687.41 154.47 11
707.69 153.80 11
727.25 154.01 12
747.58 153.20 12
762.74 155.18 12
779.73 155.03 12
800.51 152.35 11
819.05 153.51 11
837.80 154.08 12
855.39 153.56 12
870.74 153.06 11
891.57 153.78 11
908.13 152.08 11
928.04 152.72 12
947.94 154.28 11
965.00 153.57 11
983.50 153.14 11
1002.91 153.53 12
1019.10 153.23 11
1040.98 153.56 12
1058.72 153.21 11
206.63 129.01 12
226.22 129.98 11
244.22 129.07 11
262.62 128.33 11
279.57 129.14 11
298.00 127.78 11
316.74 128.09 11
333.92 129.18 11
351.47 128.41 12
371.55 129.52 13
388.82 127.37 12
409.18 129.35 12
425.87 127.95 10
445.24 128.93 11
461.94 128.08 12
482.28 128.38 12
500.71 127.18 11
519.99 129.36 12
536.34 126.86 12
555.46 128.28 11
574.21 128.63 12
592.06 128.57 11
611.15 130.18 12
627.25 127.70 11
647.33 129.37 12
666.81 128.54 10
686.71 129.59 12
701.57 127.59 12
721.66 127.75 11
738.91 127.89 11
758.13 127.28 11
774.98 128.04 12
796.41 125.70 11
811.61 127.33 12
830.74 127.86 12
851.70 127.49 12
868.30 127.99 11
886.73 127.06 12
904.16 128.80 11
925.38 127.03 12
183.97 102.14 12
200.18 102.54 11
218.98 102.68 12
239.84 103.20 11
256.33 103.15 11
274.64 102.27 12
294.00 103.58 11
313.13 103.04 12
330.74 104.41 11
348.39 103.00 10
367.91 103.13 11
386.75 102.55 11
403.75 103.86 11
422.32 102.32 12
441.10 102.97 11
460.17 103.33 12
478.22 100.98 12
494.45 102.23 12
513.61 101.01 11
533.78 102.75 12
551.13 102.75 10
568.75 101.45 11
588.72 102.37 11
604.54 103.54 11
625.08 103.16 12
644.74 103.38 11
660.36 102.67 12
679.59 104.70 11
698.61 102.16 12
712.58 106.90 12
737.56 103.35 12
751.80 102.37 12
771.40 102.23 10
790.89 104.14 11
808.61 101.67 11
824.73 101.38 12
843.97 102.59 11
865.24 102.46 11
884.47 100.77 12
900.36 100.93 11
179.05 77.95 11
195.93 77.50 10
215.32 77.05 11
233.59 77.75 12
253.35 76.86 12
268.37 76.43 12
286.66 78.89 12
328.16 86.97 11
326.52 77.26 11
343.66 76.77 11
361.49 76.80 11
380.14 76.95 11
397.89 76.39 13
417.87 77.05 11
438.01 75.33 11
455.74 78.87 13
473.98 77.00 11
491.31 76.77 12
510.27 75.26 12
527.19 77.02 12
547.04 77.36 11
565.47 76.38 12
584.36 77.53 12
619.71 78.90 12
638.80 76.39 12
659.21 76.70 12
673.53 77.99 12
692.23 76.45 11
711.93 75.39 11
731.50 76.94 11
749.55 75.64 11
767.77 75.74 11
787.29 77.14 10
803.29 76.06 12
820.77 76.62 11
841.75 75.74 11
859.53 76.12 11
878.24 76.57 11
895.60 77.62 12
915.68 78.36 12
934.53 76.24 11
949.72 78.25 12
173.49 52.01 12
193.15 50.39 12
209.76 51.82 11
229.77 51.37 12
247.85 51.06 11
265.31 50.66 11
284.69 52.08 11
301.24 52.08 12
322.09 51.68 10
339.48 53.11 12
359.62 51.45 12
375.85 52.02 11
393.52 50.99 11
412.70 52.83 12
430.42 52.11 11
450.09 51.30 11
465.72 67.02 11
487.88 50.10 11
504.91 51.92 11
523.47 52.07 10
542.46 54.18 11
557.15 50.74 12
577.74 51.43 11
596.43 51.75 12
616.15 51.35 12
632.62 52.08 12
651.63 50.90 11
672.43 50.68 10
688.28 51.56 11
709.44 52.21 13
727.70 50.67 11
747.16 50.78 11
762.66 51.14 12
782.67 52.26 11
800.22 51.84 11
819.29 49.86 12
838.72 52.56 10
857.82 52.36 12
884.15 65.56 12
894.16 50.77 11
909.30 49.91 12
929.78 52.71 11
946.65 49.95 12
966.50 51.39 12
984.45 52.94 13
1000.54 50.67 11
1019.49 50.18 11
1038.40 51.12 12
123.51 681.35 17
141.92 683.27 15
160.59 677.81 16
180.41 682.20 16
197.53 675.90 17
215.30 679.52 16
232.56 678.65 17
271.36 676.97 15
288.53 675.26 14
306.70 673.17 17
327.35 674.97 15
343.46 672.13 17
364.86 672.07 15
381.05 668.41 16
402.36 667.92 17
418.46 665.97 15
441.14 667.28 15
455.43 660.80 19
475.63 661.31 16
492.91 661.15 16
510.58 657.95 16
529.29 658.94 16
547.43 657.27 16
566.41 654.82 16
585.21 653.71 14
602.70 653.24 18
622.67 650.91 16
639.77 649.12 18
657.78 651.40 14
679.57 646.89 15
697.99 646.05 16
715.39 644.65 16
736.51 647.66 17
751.00 644.96 17
767.67 641.98 16
787.90 643.23 15
806.09 641.02 14
826.10 642.35 16
843.48 643.55 14
862.03 641.65 16
879.54 643.11 19
897.25 639.67 16
918.66 639.47 17
935.71 643.02 16
954.45 641.86 16
197.49 648.43 18
212.74 641.41 17
230.29 645.38 15
246.79 644.13 17
268.37 640.05 17
286.98 640.16 15
306.34 638.69 16
325.35 638.30 17
341.48 638.61 17
358.39 636.86 17
378.65 636.47 16
398.48 632.98 17
411.77 632.47 15
435.72 632.40 16
455.10 632.52 15
470.53 630.14 16
488.39 624.92 16
509.16 627.70 15
529.62 625.66 16
546.08 623.21 15
564.02 621.26 18
581.99 619.26 17
601.27 620.94 19
617.97 618.14 14
638.25 615.68 15
657.62 615.41 17
673.03 614.80 16
694.45 614.31 17
710.38 612.22 15
727.86 612.98 15
747.58 615.23 16
764.47 612.38 15
785.05 610.47 14
806.04 609.49 18
822.31 609.12 18
842.82 607.01 16
858.53 605.48 16
878.78 610.44 17
894.83 608.33 17
915.80 607.66 17
934.56 609.97 17
952.04 607.33 17
197.67 609.21 16
211.77 608.07 15
235.72 608.30 17
251.62 604.92 16
270.26 607.82 18
288.86 603.26 16
308.27 605.97 15
325.25 607.33 17
345.54 605.37 15
361.51 604.54 17
383.59 601.24 15
401.87 601.55 18
420.14 596.32 19
434.48 599.54 16
455.97 595.57 16
474.09 595.70 17
492.34 593.15 18
512.68 590.68 16
528.82 590.96 18
546.65 589.94 17
566.63 587.92 14
585.16 585.80 18
603.57 588.40 16
622.63 585.12 17
639.61 584.14 18
658.08 581.25 17
675.05 577.47 17
696.33 578.53 19
714.55 577.25 18
734.38 577.12 17
751.86 577.58 17
769.99 577.59 17
788.65 575.15 15
804.37 574.05 16
822.84 572.41 17
844.61 575.21 16
862.86 574.40 16
881.06 574.90 14
900.00 573.46 17
920.41 573.89 16
934.00 571.44 18
954.48 575.04 14
152.49 971.01 10
165.10 965.54 9
176.01 960.71 10
188.94 952.59 10
199.72 948.94 10
212.25 941.97 9
224.19 935.39 9
234.95 928.80 9
247.98 924.45 9
257.10 916.67 9
271.55 908.16 9
283.00 904.65 9
293.81 898.03 9
304.96 892.92 9
316.62 885.94 9
330.45 884.76 9
341.03 880.75 10
353.11 874.64 9
365.22 873.11 9
376.25 870.22 10
388.58 868.11 9
400.60 868.79 9
410.97 864.90 10
423.23 865.87 9
433.12 864.25 9
444.23 865.46 9
456.10 864.95 10
467.54 865.17 10
478.64 864.33 9
489.93 864.99 9
501.62 865.57 10
511.51 864.46 10
522.28 864.36 10
534.89 862.04 9
544.62 860.76 9
556.01 861.49 9
566.88 856.78 9
575.11 858.66 9
588.35 852.01 10
600.00 849.35 9
610.90 844.98 10
624.16 841.13 9
632.75 835.18 10
644.27 830.39 9
152.29 952.57 9
164.70 949.04 10
174.80 942.71 9
187.51 935.82 10
197.88 931.71 9
209.38 924.48 10
221.92 916.87 10
233.10 914.13 10
247.03 904.78 10
257.58 899.26 9
271.37 890.63 9
280.64 886.49 10
292.77 880.14 10
304.90 875.46 10
316.74 870.24 9
327.24 864.58 9
338.42 860.48 10
350.23 856.81 9
360.19 854.72 10
373.34 851.60 10
384.99 849.80 9
396.35 847.70 10
407.88 847.54 10
418.79 843.96 10
428.50 847.18 10
441.32 846.74 9
450.76 844.98 9
462.17 845.70 10
473.26 845.49 10
484.44 846.26 9
495.75 845.93 9
506.40 845.70 10
517.67 843.91 9
528.67 844.39 9
538.96 842.93 9
551.35 841.87 11
560.56 840.53 10
572.99 837.60 9
584.52 832.33 9
594.98 830.93 9
607.23 828.14 9
616.98 821.58 10
629.13 818.01 9
639.04 812.22 10
655.33 801.67 10
663.27 800.76 10
150.70 936.36 9
163.28 931.63 9
175.65 922.43 9
187.69 919.38 11
196.38 913.62 10
209.06 907.77 9
220.27 899.66 10
233.20 893.07 9
243.51 887.26 9
256.88 880.32 9
266.88 875.78 10
278.08 868.09 9
288.57 862.69 10
301.34 857.43 10
313.61 851.49 9
325.63 846.08 9
335.95 842.44 9
347.45 839.76 10
358.73 835.89 10
368.90 833.73 10
380.46 832.98 10
389.41 828.54 9
403.66 830.17 10
414.42 827.67 10
422.81 827.56 10
437.07 825.71 10
446.54 827.00 9
457.48 826.66 9
467.85 825.11 9
481.46 826.25 10
489.83 827.06 9
502.07 826.06 9
512.12 824.43 9
523.70 825.05 9
534.65 823.69 10
546.13 823.31 9
557.31 822.66 9
568.86 818.20 9
581.03 815.08 10
590.97 812.92 10
604.71 808.12 9
151.02 917.15 9
162.77 911.69 9
173.47 907.68 10
184.97 900.36 9
196.45 896.29 10
206.43 888.62 10
218.11 882.04 9
230.41 876.43 9
241.42 869.12 10
253.54 862.96 9
264.47 854.44 9
275.81 850.72 9
286.93 844.67 10
295.48 838.94 10
308.73 833.86 10
319.99 830.14 11
329.41 823.72 10
341.37 820.27 10
352.25 817.35 9
363.22 814.67 9
375.71 814.67 10
385.27 808.91 9
397.40 808.22 9
408.72 806.81 10
418.40 807.50 10
430.43 808.19 9
441.06 807.28 9
454.60 805.95 9
464.76 806.37 9
473.70 806.57 9
485.20 806.94 10
497.21 806.30 9
508.36 807.45 9
519.76 805.52 10
531.35 805.24 9
555.88 801.95 9
565.57 799.28 9
578.22 796.42 10
590.07 794.16 10
600.26 791.22 9
611.54 786.40 10
625.51 781.18 9
635.81 776.87 10
646.49 771.04 9
658.66 764.23 10
670.89 758.26 10
682.87 753.11 10
148.66 898.54 10
160.14 894.51 10
170.11 890.97 10
182.50 883.21 10
192.88 879.48 9
203.16 869.28 10
216.32 865.14 10
226.67 857.18 10
237.47 851.79 9
247.97 845.14 9
259.87 838.69 10
268.36 832.56 9
284.90 822.96 9
291.25 821.34 10
303.36 815.00 9
314.00 810.01 9
325.26 805.11 10
335.60 803.12 9
350.07 799.61 10
360.44 794.74 9
369.09 792.10 10
381.40 790.78 9
392.68 790.36 9
403.84 788.82 10
414.57 788.02 9
425.31 787.41 9
436.46 786.46 9
446.48 786.93 10
458.32 788.78 9
471.38 788.71 10
481.88 787.29 10
494.57 789.02 9
505.59 786.33 10
516.96 788.03 9
528.61 785.88 9
540.89 784.78 9
552.86 782.07 10
563.70 779.17 9
575.34 778.00 9
587.63 775.17 9
600.51 771.96 9
610.85 766.35 9
623.53 764.22 9
633.94 759.38 9
644.43 753.90 10
657.89 748.47 10
670.98 740.81 10
681.86 735.68 9
693.04 728.53 9
705.59 723.10 9
141.51 880.35 10
154.78 877.87 10
165.17 872.23 10
178.83 867.59 10
188.16 859.04 9
199.88 854.34 9
210.40 847.39 9
220.91 840.50 9
231.85 833.29 9
242.55 828.70 8
254.22 821.83 10
265.35 814.64 9
276.86 807.38 10
287.94 803.28 10
299.44 798.59 9
308.79 791.16 9
320.32 787.66 9
331.31 785.68 9
343.36 780.21 9
353.77 777.73 9
364.91 774.69 9
378.15 772.97 10
388.17 770.61 9
399.67 769.37 9
409.80 768.62 9
421.49 768.19 10
434.12 767.10 10
445.02 767.25 10
457.96 767.41 9
469.16 767.26 10
480.55 768.39 10
493.95 767.28 9
504.25 768.11 9
515.73 767.72 9
527.59 768.25 9
538.60 765.23 9
551.40 763.07 9
562.80 762.13 9
573.49 759.56 9
584.81 757.62 9
597.19 753.34 9
609.45 751.65 10
622.53 744.53 9
633.99 741.11 10
645.52 734.97 9
657.25 730.28 9
667.85 724.24 10
680.61 716.99 10
691.85 710.04 10
149.42 860.45 9
160.21 853.79 9
172.03 849.52 10
183.21 841.12 9
193.85 835.50 9
204.61 828.48 10
216.77 822.07 10
227.38 816.93 9
240.05 809.12 10
250.13 799.55 10
260.31 797.01 9
272.12 790.01 10
283.35 783.27 9
293.40 780.39 10
317.49 768.22 10
328.80 765.49 10
339.59 761.57 9
351.58 759.44 10
361.99 756.01 10
375.69 753.74 9
384.79 751.35 10
397.21 749.77 10
409.98 750.39 10
421.52 749.31 10
430.61 749.22 9
444.73 747.93 10
455.22 748.74 9
468.93 749.26 9
480.18 748.56 9
493.28 749.32 9
501.79 749.13 9
516.33 748.81 9
525.35 747.50 10
538.03 746.72 9
549.84 745.59 8
560.67 741.59 10
574.90 741.44 9
586.10 736.64 9
597.26 735.70 9
609.62 730.61 9
621.52 726.33 10
632.01 722.16 10
645.27 718.52 9
655.17 710.92 10
666.34 704.93 10
677.36 701.43 9
