0.097851 0.252022 0.006367
0.096539 0.260766 0.006298
0.095628 0.265985 0.006390
0.096426 0.275653 0.006685
0.094264 0.284138 0.006466
0.093292 0.291214 0.006260
0.093673 0.301013 0.006496
0.091431 0.309120 0.006446
0.089244 0.317003 0.006434
0.088715 0.325732 0.006413
0.086747 0.331582 0.006386
0.090030 0.345230 0.006448
0.087346 0.349764 0.006260
0.087431 0.358315 0.006347
0.085819 0.365040 0.006453
0.086777 0.373615 0.006595
0.087175 0.381819 0.006556
0.088703 0.390883 0.006737
0.090578 0.398830 0.006653
0.093466 0.407534 0.006254
0.094618 0.414933 0.006564
0.097137 0.424534 0.006623
0.101495 0.430903 0.006526
0.102981 0.438765 0.006255
0.108010 0.447151 0.006449
0.111822 0.456011 0.006390
0.116791 0.464863 0.006544
0.120290 0.471318 0.006646
0.122669 0.479022 0.006580
0.128761 0.487897 0.006362
0.130942 0.494429 0.006599
0.135271 0.502530 0.006497
0.136201 0.508392 0.006625
0.142430 0.518809 0.006457
0.145235 0.525998 0.006521
0.146816 0.534786 0.006487
0.150342 0.542224 0.006466
0.152435 0.549296 0.006690
0.153153 0.557827 0.006610
0.154487 0.565705 0.006548
0.155671 0.573608 0.006313
0.156676 0.581667 0.006403
0.156265 0.589746 0.006495
0.155518 0.597545 0.006568
0.155659 0.605438 0.006269
0.153782 0.613565 0.006599
0.154562 0.621590 0.006345
0.154813 0.630027 0.006332
0.151201 0.637386 0.006626
0.149792 0.644944 0.006411
0.112643 0.256367 0.006533
0.111312 0.264740 0.006618
0.112652 0.273291 0.006566
0.110398 0.282234 0.006345
0.109932 0.290032 0.006410
0.109069 0.296932 0.006406
0.106313 0.306059 0.006535
0.106048 0.313846 0.006528
0.106667 0.322942 0.006629
0.103840 0.329759 0.006551
0.101968 0.338068 0.006610
0.103977 0.346848 0.006461
0.103664 0.353785 0.006444
0.102909 0.362972 0.006286
0.103772 0.370159 0.006401
0.103441 0.377707 0.006266
0.104443 0.386132 0.006379
0.104712 0.394244 0.006683
0.105746 0.400825 0.006519
0.111406 0.411394 0.006496
0.111762 0.418467 0.006475
0.114774 0.425388 0.006424
0.118546 0.433823 0.006479
0.121748 0.442706 0.006623
0.126221 0.449330 0.006353
0.129346 0.457301 0.006406
0.134487 0.466438 0.006370
0.138020 0.473983 0.006445
0.139731 0.480170 0.006832
0.145249 0.489450 0.006736
0.149894 0.497691 0.006750
0.153752 0.505174 0.006321
0.156006 0.513346 0.006309
0.159441 0.520278 0.006615
0.163837 0.530456 0.006372
0.164291 0.536413 0.006534
0.167837 0.544360 0.006313
0.168706 0.552869 0.006643
0.169857 0.559634 0.006478
0.171323 0.568375 0.006443
0.171121 0.575925 0.006865
0.172806 0.585905 0.006518
0.172742 0.594704 0.006355
0.171652 0.601755 0.006373
0.171023 0.610272 0.006654
0.127860 0.261041 0.006368
0.127962 0.270194 0.006694
0.127010 0.277603 0.006332
0.125098 0.287246 0.006512
0.125735 0.294680 0.006329
0.124491 0.301297 0.006619
0.122346 0.309423 0.006637
0.122386 0.316143 0.006542
0.121374 0.326147 0.006443
0.120199 0.334682 0.006393
0.119043 0.341374 0.006450
0.117928 0.349539 0.006306
0.118165 0.356504 0.006370
0.117970 0.365192 0.006643
0.118278 0.372387 0.006409
0.119515 0.381196 0.006475
0.120756 0.387759 0.006662
0.123040 0.396236 0.006525
0.124483 0.403839 0.006485
0.126292 0.412655 0.006622
0.128184 0.418342 0.006545
0.133031 0.429537 0.006535
0.137283 0.437805 0.006511
0.139926 0.443972 0.006675
0.143052 0.450970 0.006706
0.147290 0.461471 0.006176
0.149999 0.468200 0.006742
0.154408 0.475948 0.006591
0.161022 0.484774 0.006445
0.163173 0.492504 0.006604
0.167559 0.501718 0.006297
0.170990 0.508929 0.006529
0.173043 0.516791 0.006646
0.177579 0.525673 0.006450
0.180570 0.533832 0.006183
0.182347 0.540926 0.006506
0.182916 0.549548 0.006462
0.184678 0.556753 0.006683
0.186647 0.566643 0.006613
0.187417 0.573723 0.006756
0.188544 0.582674 0.006509
0.189445 0.591504 0.006593
0.188328 0.597542 0.006583
0.187668 0.606452 0.006417
0.145318 0.264131 0.006540
0.144265 0.272205 0.006839
0.141958 0.280263 0.006427
0.141357 0.288379 0.006576
0.141205 0.296931 0.006488
0.139493 0.304194 0.006608
0.138956 0.312103 0.006392
0.137161 0.319188 0.006685
0.137343 0.328063 0.006487
0.135847 0.336341 0.006468
0.135585 0.343839 0.006432
0.134441 0.352164 0.006555
0.133810 0.360994 0.006380
0.133321 0.365958 0.006612
0.135846 0.375547 0.006414
0.137708 0.384406 0.006478
0.138688 0.393922 0.006664
0.138502 0.398744 0.006689
0.142585 0.408092 0.006526
0.144016 0.416536 0.006427
0.148329 0.425308 0.006502
0.150915 0.431393 0.006604
0.154533 0.440461 0.006517
0.157733 0.448938 0.006569
0.161063 0.456143 0.006654
0.165061 0.464626 0.006260
0.170452 0.475251 0.006507
0.173222 0.481699 0.006513
0.178049 0.490551 0.006427
0.180778 0.497941 0.006565
0.184676 0.506825 0.006390
0.188152 0.514006 0.006446
0.192299 0.523232 0.006451
0.196072 0.533629 0.006741
0.196762 0.538757 0.006349
0.199600 0.548613 0.006479
0.202849 0.555140 0.006628
0.203661 0.565236 0.006576
0.203910 0.571477 0.006331
0.204927 0.580278 0.006507
0.204250 0.587745 0.006255
0.204952 0.596892 0.006599
0.204758 0.604075 0.006576
0.202308 0.610805 0.006421
0.203512 0.618498 0.006355
0.201663 0.628596 0.006504
0.201280 0.634676 0.006398
0.199812 0.642987 0.006362
0.160673 0.266515 0.006508
0.159467 0.274364 0.006632
0.158405 0.282857 0.006431
0.156716 0.291072 0.006373
0.156789 0.298784 0.006380
0.154183 0.308039 0.006655
0.155431 0.316091 0.006362
0.152103 0.323947 0.006355
0.152884 0.331755 0.006576
0.151606 0.340027 0.006516
0.149943 0.347428 0.006642
0.149399 0.354727 0.006533
0.150320 0.363406 0.006396
0.150465 0.371776 0.006650
0.152313 0.381187 0.006320
0.151521 0.388487 0.006571
0.156251 0.397489 0.006450
0.156117 0.405782 0.006642
0.159886 0.413505 0.006465
0.161515 0.421110 0.006547
0.164299 0.430025 0.006461
0.169262 0.439213 0.006521
0.171087 0.446376 0.006557
0.174991 0.454012 0.006438
0.179412 0.462589 0.006464
0.183522 0.472160 0.006685
0.185928 0.477607 0.006488
0.191072 0.487036 0.006806
0.195254 0.493594 0.006494
0.198539 0.502527 0.006298
0.202752 0.511065 0.006253
0.207427 0.519634 0.006674
0.209165 0.527214 0.006437
0.211966 0.535595 0.006354
0.214673 0.541569 0.006711
0.216572 0.551036 0.006462
0.219341 0.559845 0.006430
0.219279 0.566711 0.006590
0.220577 0.574054 0.006490
0.221551 0.581541 0.006538
0.220171 0.589485 0.006508
0.220854 0.598555 0.006391
0.221424 0.605869 0.006357
0.219188 0.613685 0.006599
0.219843 0.622870 0.006541
0.218607 0.628913 0.006465
0.216165 0.638475 0.006128
0.215360 0.646104 0.006399
0.213779 0.653499 0.006473
0.457318 0.127805 0.010431
0.458649 0.140113 0.011281
0.463918 0.155917 0.009666
0.465762 0.169299 0.010616
0.468466 0.180922 0.010052
0.473465 0.192597 0.011098
0.482025 0.208196 0.010983
0.488822 0.220694 0.010717
0.491235 0.231235 0.010448
0.498883 0.244098 0.010791
0.507944 0.259378 0.010779
0.511252 0.270882 0.011265
0.523631 0.287035 0.011021
0.525611 0.296976 0.011133
0.537425 0.312224 0.010825
0.544912 0.321875 0.010781
0.555080 0.337213 0.011117
0.563402 0.350295 0.011503
0.570566 0.362153 0.011260
0.568760 0.368474 0.011659
0.584960 0.390174 0.010640
0.594819 0.402681 0.010433
0.599636 0.415275 0.010049
0.607562 0.426920 0.011189
0.612467 0.440196 0.010254
0.619029 0.453724 0.010570
0.623588 0.466605 0.011583
0.629638 0.480206 0.010710
0.635494 0.492456 0.011126
0.636473 0.504999 0.011303
0.641567 0.518683 0.009537
0.645549 0.533191 0.010504
0.648021 0.546111 0.010243
0.651027 0.558494 0.010557
0.650033 0.573498 0.012443
0.651484 0.587449 0.011460
0.648578 0.597393 0.011260
0.649040 0.610220 0.012059
0.651404 0.625808 0.011227
0.650327 0.637625 0.011554
0.649765 0.649673 0.010415
0.647440 0.667093 0.010373
0.647301 0.679097 0.011417
0.644152 0.689802 0.010294
0.645352 0.705302 0.011403
0.641477 0.719195 0.011480
0.639813 0.729749 0.010671
0.483828 0.131012 0.010877
0.486145 0.147015 0.011374
0.491203 0.158668 0.010499
0.494880 0.171389 0.010473
0.496193 0.182980 0.010952
0.501830 0.198026 0.010993
0.508656 0.213013 0.010434
0.512928 0.224930 0.011073
0.523021 0.239133 0.011813
0.527159 0.249263 0.009935
0.534960 0.263852 0.011431
0.539805 0.275853 0.011330
0.550386 0.289001 0.010603
0.558476 0.302438 0.010121
0.567215 0.315590 0.010696
0.572258 0.326816 0.011420
0.578684 0.338116 0.010969
0.588361 0.354293 0.010280
0.596831 0.367157 0.010841
0.607114 0.380322 0.011115
0.615073 0.394750 0.010706
0.620228 0.406409 0.011208
0.628426 0.418887 0.011300
0.633698 0.433002 0.009944
0.637822 0.442882 0.011536
0.643510 0.456359 0.010674
0.650447 0.471647 0.012375
0.652569 0.482827 0.011058
0.660333 0.497247 0.010816
0.665365 0.509751 0.011083
0.664591 0.523410 0.010500
0.671697 0.537611 0.011286
0.672026 0.550054 0.010453
0.676438 0.562173 0.010050
0.677474 0.575675 0.011045
0.677792 0.589804 0.011421
0.679054 0.602350 0.011217
0.676406 0.612553 0.011350
0.676529 0.628401 0.010679
0.673783 0.642599 0.010651
0.676075 0.654184 0.011619
0.673949 0.667718 0.010293
0.672908 0.680038 0.009871
0.671970 0.694731 0.010598
0.497548 0.134796 0.006048
0.499214 0.140614 0.006820
0.502296 0.148690 0.005830
0.503350 0.156272 0.006676
0.506473 0.163975 0.006369
0.506976 0.170619 0.006017
0.508501 0.177460 0.006168
0.511596 0.186438 0.006213
0.512192 0.192856 0.006305
0.517373 0.199633 0.005948
0.519966 0.206744 0.006465
0.521952 0.214033 0.006568
0.525635 0.221993 0.006776
0.530455 0.229976 0.006368
0.533093 0.235558 0.006024
0.535382 0.242590 0.005821
0.539745 0.250698 0.006012
0.539455 0.256368 0.006700
0.546744 0.264310 0.007366
0.552536 0.273122 0.006608
0.554332 0.279608 0.006209
0.559523 0.286684 0.006567
0.564601 0.295134 0.007001
0.569069 0.301353 0.006625
0.551208 0.306379 0.006331
0.577309 0.314790 0.006028
0.582096 0.323126 0.006481
0.585982 0.330198 0.006795
0.590556 0.336630 0.006811
0.596328 0.344475 0.006353
0.598046 0.351230 0.006227
0.603985 0.359729 0.006458
0.605659 0.365234 0.006415
0.615184 0.373894 0.006579
0.620101 0.380923 0.006141
0.622854 0.388026 0.006610
0.626456 0.394610 0.006516
0.631616 0.403551 0.006982
0.635069 0.408573 0.006397
0.638151 0.416389 0.005984
0.642151 0.423846 0.006407
0.647561 0.431102 0.006506
0.650634 0.438427 0.006775
0.652320 0.445293 0.007134
0.656777 0.453779 0.006719
0.658150 0.460145 0.006283
0.669874 0.485007 0.006690
0.670866 0.491217 0.006710
0.675021 0.499383 0.006749
0.675114 0.506565 0.006713
0.678198 0.514027 0.006158
0.680467 0.519999 0.006638
0.682302 0.529283 0.006397
0.684728 0.535059 0.006894
0.683900 0.541668 0.006771
0.687147 0.549558 0.006675
0.687733 0.558262 0.006569
0.688267 0.564299 0.006552
0.687978 0.571113 0.006024
0.689676 0.578321 0.006374
0.689141 0.586168 0.006137
0.690062 0.593338 0.006660
0.691161 0.601649 0.006716
0.691005 0.608414 0.006295
0.689982 0.615327 0.006735
0.689105 0.623562 0.006614
0.689157 0.631516 0.006701
0.689839 0.638128 0.006315
0.688371 0.644284 0.006211
0.689985 0.652075 0.006494
0.689695 0.660590 0.006612
0.687260 0.667220 0.006530
0.684177 0.673409 0.006560
0.685802 0.683458 0.006368
0.686128 0.689858 0.006216
0.683051 0.697423 0.006937
0.683795 0.705011 0.006280
0.684127 0.712654 0.006961
0.682481 0.719132 0.006271
0.682515 0.727173 0.006171
0.679203 0.733923 0.006597
0.682027 0.741339 0.005908
0.678345 0.748336 0.006474
0.679380 0.756217 0.006191
0.677786 0.762560 0.006632
0.678180 0.770411 0.006069
0.679228 0.780128 0.006526
0.676568 0.785730 0.006138
0.677834 0.793166 0.006581
0.678976 0.800845 0.006899
0.679017 0.808100 0.006523
0.679805 0.813487 0.006179
0.681187 0.821749 0.007121
0.681862 0.830094 0.005846
0.514146 0.135612 0.010931
0.511960 0.147640 0.011389
0.514886 0.161825 0.010348
0.516771 0.175555 0.011519
0.527395 0.185962 0.011029
0.534785 0.203516 0.010715
0.537899 0.214690 0.010852
0.539964 0.228405 0.011492
0.548444 0.239865 0.011929
0.553283 0.253469 0.011054
0.560579 0.265576 0.010559
0.567654 0.278365 0.011391
0.577555 0.293072 0.010065
0.583515 0.305674 0.011502
0.590973 0.317723 0.011337
0.601795 0.331260 0.010758
0.606642 0.345924 0.011051
0.616081 0.358277 0.010784
0.620934 0.368022 0.011697
0.631298 0.385501 0.010726
0.639447 0.394754 0.011710
0.647817 0.409712 0.011308
0.652040 0.421727 0.010649
0.660326 0.433674 0.010670
0.665698 0.446674 0.011081
0.671157 0.460337 0.011934
0.676972 0.471511 0.011067
0.683352 0.489431 0.010736
0.688805 0.500712 0.010588
0.693036 0.513697 0.010334
0.695307 0.528708 0.011644
0.697955 0.538728 0.010691
0.700486 0.552495 0.010921
0.698472 0.565433 0.010896
0.704257 0.579782 0.009791
0.701998 0.590127 0.010589
0.706313 0.604875 0.010591
0.704020 0.618776 0.010796
0.706462 0.630338 0.011427
0.702906 0.645257 0.010740
0.536977 0.138046 0.011020
0.544818 0.163764 0.010130
0.546784 0.176187 0.010686
0.553576 0.189440 0.010626
0.556650 0.203140 0.011455
0.560856 0.213354 0.011072
0.568213 0.229348 0.010789
0.579748 0.232306 0.010774
0.577829 0.255243 0.011132
0.586512 0.269218 0.011230
0.594641 0.281559 0.010981
0.601527 0.294028 0.009702
0.607033 0.307558 0.011292
0.620568 0.321782 0.011190
0.627994 0.334739 0.011256
0.634413 0.347161 0.010686
0.641778 0.358677 0.010601
0.648451 0.369659 0.010249
0.656315 0.384457 0.010104
0.665587 0.397624 0.010864
0.671150 0.409459 0.010799
0.678923 0.423902 0.011494
0.688497 0.436675 0.010560
0.694483 0.449158 0.011425
0.695995 0.459846 0.011156
0.701330 0.475396 0.012027
0.711379 0.489858 0.011597
0.712643 0.503200 0.010376
0.717777 0.516241 0.010817
0.720999 0.527110 0.011187
0.726250 0.542045 0.010610
0.726240 0.554811 0.011733
0.727474 0.567768 0.011572
0.729514 0.579144 0.011298
0.729622 0.593442 0.010760
0.730743 0.607419 0.010723
0.729780 0.617596 0.011403
0.730911 0.634109 0.011278
0.729627 0.647166 0.012087
0.728476 0.660280 0.010753
0.728047 0.671434 0.011503
0.726219 0.684298 0.010981
0.723673 0.700876 0.011120
0.720689 0.713526 0.010945
0.720600 0.726499 0.010467
0.562284 0.138445 0.010869
0.565701 0.150153 0.011458
0.569102 0.162623 0.011533
0.571482 0.175228 0.010187
0.580364 0.191557 0.010629
0.581293 0.203491 0.011435
0.585386 0.214951 0.010628
0.591255 0.227929 0.010631
0.599020 0.241630 0.011905
0.606460 0.255498 0.011243
0.611228 0.268257 0.011558
0.621163 0.282177 0.009767
0.629135 0.294777 0.009868
0.633683 0.305996 0.010709
0.641472 0.318181 0.011218
0.650754 0.334857 0.011247
0.659210 0.346714 0.011032
0.661392 0.357220 0.010882
0.677502 0.371081 0.011239
0.685099 0.385227 0.011697
0.687682 0.398346 0.011626
0.698697 0.411153 0.010713
0.704042 0.424530 0.011138
0.714834 0.436873 0.011965
0.719321 0.451774 0.011418
0.723432 0.463158 0.010963
0.731503 0.476305 0.010884
0.736032 0.487256 0.010676
0.741416 0.503641 0.011184
0.740804 0.516063 0.011125
0.746368 0.528825 0.012063
0.748414 0.543159 0.011496
0.748437 0.554880 0.011485
0.755707 0.567965 0.011593
0.755677 0.580039 0.010718
0.754607 0.594430 0.012058
0.757183 0.607794 0.011262
0.757049 0.621880 0.011339
0.755563 0.634910 0.010810
0.753757 0.647900 0.010635
0.754005 0.659072 0.010661
0.749616 0.673406 0.010091
0.751246 0.687412 0.010722
0.748950 0.700358 0.010128
0.747800 0.711878 0.011802
0.747521 0.729684 0.011138
0.746143 0.740969 0.010720
0.749112 0.754652 0.010465
0.588992 0.138128 0.010683
0.590961 0.149224 0.011715
0.592177 0.161690 0.010804
0.600342 0.175791 0.011227
0.604170 0.189103 0.010209
0.608635 0.201336 0.011118
0.609070 0.213972 0.011391
0.618009 0.226661 0.010718
0.622961 0.239757 0.010176
0.630984 0.251109 0.010249
0.637158 0.266704 0.010160
0.643838 0.278664 0.010507
0.651836 0.291800 0.011815
0.661232 0.305864 0.010813
0.669403 0.316845 0.010495
0.674893 0.331292 0.011368
0.686243 0.342838 0.010762
0.690936 0.355433 0.010962
0.700047 0.369415 0.010785
0.710932 0.384042 0.010339
0.714830 0.396297 0.010343
0.721844 0.410585 0.010226
0.728653 0.422960 0.010907
0.737069 0.437101 0.011149
0.746015 0.447555 0.011753
0.749752 0.463145 0.010490
0.758328 0.475133 0.010319
0.762556 0.488089 0.011837
0.763447 0.502250 0.010505
0.769973 0.515123 0.010246
0.771437 0.527211 0.010559
0.774831 0.537765 0.010172
0.776655 0.551243 0.011447
0.776468 0.564208 0.011502
0.781648 0.577968 0.011292
0.780526 0.593792 0.010820
0.781525 0.605996 0.011536
0.783615 0.620315 0.011042
0.779226 0.630826 0.010733
0.779247 0.644520 0.011123
0.779255 0.657979 0.011105
0.778899 0.669062 0.011650
0.776069 0.684504 0.010150
0.775004 0.699061 0.010666
0.774602 0.712903 0.010539
0.613190 0.131425 0.011097
0.616868 0.144033 0.011812
0.619202 0.158654 0.010860
0.623850 0.171536 0.010864
0.629434 0.183888 0.010214
0.630318 0.198027 0.010357
0.636820 0.211703 0.011425
0.644540 0.223932 0.010183
0.648186 0.238207 0.011167
0.653314 0.248573 0.012326
0.662517 0.262696 0.011332
0.669408 0.275476 0.011142
0.679898 0.289904 0.010874
0.686928 0.300551 0.011481
0.693707 0.315325 0.010181
0.696149 0.326267 0.011979
0.707784 0.342053 0.012185
0.717992 0.351152 0.011348
0.726321 0.366521 0.010234
0.732497 0.379266 0.010400
0.740834 0.390577 0.010266
0.749381 0.405207 0.011082
0.757566 0.416919 0.011291
0.763592 0.430740 0.010952
0.768094 0.441016 0.011691
0.775950 0.455316 0.010608
0.779270 0.468475 0.011626
0.784610 0.482740 0.009692
0.786783 0.497022 0.011872
0.791886 0.509588 0.010744
0.794645 0.521395 0.012033
0.797129 0.536826 0.010749
0.803119 0.546870 0.011028
0.800999 0.563162 0.010253
0.803173 0.577407 0.010554
0.804974 0.590550 0.010606
0.803982 0.601017 0.011303
0.803002 0.614207 0.010655
0.808080 0.627364 0.010917
0.805383 0.639156 0.010990
0.803676 0.652271 0.011599
0.798692 0.667878 0.010977
0.637362 0.126204 0.011581
0.638986 0.139710 0.009755
0.645058 0.150513 0.010942
0.645233 0.166644 0.011334
0.653374 0.180737 0.011604
0.653977 0.190882 0.010576
0.660382 0.205372 0.011497
0.665607 0.219191 0.010552
0.672405 0.230913 0.011185
0.679829 0.246049 0.010435
0.688598 0.256842 0.010807
0.694534 0.268953 0.010487
0.702300 0.284592 0.011044
0.708112 0.295526 0.010619
0.714774 0.310784 0.010532
0.728811 0.322888 0.012055
0.733275 0.335712 0.011898
0.741990 0.347983 0.011279
0.750415 0.361384 0.010385
0.757106 0.370495 0.011545
0.766839 0.385824 0.010304
0.770312 0.399424 0.010527
0.780396 0.411993 0.010715
0.786314 0.425539 0.010538
0.793782 0.438104 0.010755
0.797965 0.451319 0.011406
0.802301 0.465578 0.010628
0.808970 0.475866 0.010799
0.810601 0.490382 0.011029
0.816319 0.504034 0.011203
0.821042 0.517447 0.010415
0.821206 0.531787 0.011212
0.825727 0.544417 0.010081
0.826477 0.554254 0.010408
0.830589 0.569768 0.009598
0.828852 0.581535 0.010559
0.828356 0.595512 0.010522
0.830856 0.610782 0.011388
0.827918 0.621819 0.010670
0.828976 0.635219 0.010666
0.832123 0.648486 0.011865
0.664486 0.118476 0.010545
0.667073 0.136553 0.011537
0.667540 0.148578 0.010342
0.671017 0.160161 0.010987
0.674763 0.173797 0.011396
0.680064 0.186579 0.010380
0.684488 0.201773 0.011151
0.691546 0.213908 0.011067
0.698005 0.226590 0.010365
0.703360 0.241037 0.010426
0.708611 0.253555 0.011400
0.718145 0.262826 0.011401
0.727848 0.278910 0.010344
0.731655 0.289868 0.010875
0.739165 0.303258 0.010391
0.750430 0.316830 0.009649
0.753381 0.330153 0.010694
0.766978 0.341505 0.011321
0.774155 0.354644 0.011223
0.778610 0.368472 0.010487
0.789750 0.382269 0.011195
0.797592 0.394670 0.012365
0.802123 0.409881 0.011084
0.808802 0.419168 0.010587
0.819359 0.433124 0.010690
0.819703 0.446485 0.010314
0.827729 0.457789 0.010985
0.831453 0.469605 0.010484
0.835189 0.486517 0.011005
0.843871 0.498079 0.010580
0.848010 0.513429 0.011571
0.847685 0.525168 0.010804
0.850042 0.539750 0.010534
0.851012 0.551347 0.011132
0.852557 0.565014 0.011091
0.852661 0.578382 0.011269
0.856193 0.591472 0.010124
0.852885 0.603074 0.009952
0.855181 0.617791 0.010444
0.851305 0.630682 0.011569
0.686743 0.117091 0.011060
0.688202 0.131523 0.010906
0.692353 0.144303 0.010615
0.696441 0.158234 0.011729
0.701909 0.169071 0.011494
0.706440 0.183292 0.011745
0.711626 0.195477 0.010761
0.717333 0.207904 0.011553
0.720432 0.221344 0.011345
0.729808 0.235433 0.010761
0.733377 0.248756 0.010974
0.744549 0.260165 0.010788
0.751338 0.274196 0.011489
0.775522 0.329238 0.011394
0.762374 0.299226 0.011118
0.773361 0.311977 0.011304
0.782223 0.323915 0.011218
0.791445 0.339686 0.010936
0.798861 0.351370 0.011196
0.809022 0.363897 0.011646
0.812922 0.377190 0.011179
0.819851 0.390239 0.010689
0.830332 0.404117 0.010568
0.837379 0.417618 0.010722
0.842447 0.429149 0.011288
0.846175 0.443192 0.010830
0.853064 0.456267 0.011177
0.856274 0.466125 0.011339
0.864915 0.484793 0.010186
0.865943 0.498805 0.011330
0.871177 0.506204 0.011069
0.872135 0.521314 0.010004
0.876358 0.535353 0.010908
0.876891 0.547817 0.010893
0.875232 0.560944 0.009724
0.880298 0.572514 0.010659
0.880100 0.584309 0.010772
0.879499 0.591406 0.011981
0.876090 0.616022 0.011184
0.878025 0.627498 0.010265
0.874620 0.640370 0.011109
0.874981 0.653530 0.010388
0.872617 0.667328 0.010545
0.872756 0.680700 0.010528
0.868801 0.695589 0.010854
0.874538 0.704735 0.010327
0.869750 0.720537 0.010970
0.869183 0.731620 0.010928
0.868685 0.747342 0.011622
0.116016 0.136187 0.007291
0.123525 0.135173 0.007434
0.130160 0.136260 0.006889
0.136393 0.135848 0.007144
0.144326 0.136781 0.007254
0.150040 0.136054 0.007519
0.158912 0.136589 0.007492
0.164390 0.135692 0.007228
0.172110 0.137738 0.007237
0.179253 0.137528 0.007431
0.184998 0.137458 0.007210
0.192847 0.137494 0.007398
0.199788 0.136793 0.007271
0.206612 0.136452 0.007333
0.213462 0.137258 0.007161
0.219630 0.136324 0.007499
0.232533 0.131824 0.007602
0.234999 0.135475 0.007568
0.241811 0.135166 0.007458
0.246482 0.135726 0.007414
0.256036 0.134983 0.007244
0.262671 0.133307 0.007337
0.268333 0.133877 0.007381
0.275908 0.133700 0.007389
0.282148 0.133160 0.007113
0.288800 0.131175 0.007212
0.296678 0.131159 0.007071
0.303359 0.129846 0.007195
0.311133 0.131179 0.007442
0.317114 0.131292 0.007262
0.324600 0.129950 0.007468
0.331172 0.129451 0.007179
0.339935 0.128948 0.007310
0.345798 0.126937 0.007503
0.352626 0.126476 0.007306
0.358825 0.127667 0.007117
0.364873 0.127279 0.007063
0.373589 0.125616 0.007182
0.378386 0.125220 0.007219
0.386072 0.125368 0.007333
0.393707 0.123611 0.007296
0.401604 0.123641 0.007262
0.407672 0.122901 0.007409
0.414096 0.123590 0.007328
0.420799 0.123718 0.007338
0.427547 0.122487 0.007347
0.434828 0.122976 0.007395
0.442661 0.122103 0.007264
0.449358 0.121155 0.007689
0.456041 0.121448 0.007485
0.114773 0.121792 0.007335
0.122532 0.121143 0.007399
0.129277 0.121092 0.007363
0.137917 0.120774 0.007344
0.143621 0.123335 0.007541
0.151641 0.122037 0.007385
0.158696 0.121921 0.007038
0.164968 0.122525 0.007446
0.171209 0.122374 0.007282
0.178648 0.123148 0.007154
0.184928 0.123777 0.007175
0.192690 0.123820 0.007007
0.199210 0.122087 0.007005
0.206463 0.123019 0.007308
0.213352 0.122659 0.007554
0.220389 0.122599 0.007499
0.227211 0.121701 0.007535
0.234332 0.120907 0.007603
0.241350 0.121745 0.007612
0.247187 0.120717 0.007184
0.254551 0.121135 0.007235
0.260842 0.120596 0.007275
0.268632 0.119722 0.007240
0.274752 0.117871 0.007042
0.281769 0.119316 0.007566
0.289689 0.118382 0.007262
0.297007 0.117164 0.007012
0.302539 0.117988 0.007695
0.309581 0.117552 0.007219
0.316950 0.115149 0.007491
0.324654 0.115118 0.007762
0.330237 0.114623 0.007449
0.337838 0.114350 0.007281
0.343725 0.112693 0.007532
0.351371 0.113448 0.007237
0.358790 0.112394 0.007302
0.364638 0.112362 0.007351
0.371657 0.110451 0.007372
0.378446 0.111624 0.007211
0.386583 0.110912 0.007554
0.405675 0.118074 0.007347
0.401229 0.109847 0.007405
0.406480 0.109324 0.007215
0.414763 0.107776 0.007364
0.421928 0.108179 0.007150
0.428511 0.109413 0.007465
0.441771 0.106210 0.007228
0.449616 0.108047 0.007271
0.454163 0.108018 0.007227
0.116028 0.107139 0.007084
0.123832 0.108934 0.007345
0.128760 0.107885 0.007449
0.135934 0.106708 0.007270
0.142795 0.107553 0.006993
0.151951 0.108130 0.007213
0.157062 0.107795 0.007434
0.164137 0.109020 0.007216
0.172557 0.108492 0.007346
0.178027 0.108641 0.007270
0.186011 0.108808 0.007758
0.192555 0.107448 0.007367
0.199828 0.107340 0.007454
0.206082 0.107735 0.007383
0.213239 0.106500 0.007081
0.221260 0.108303 0.007473
0.227851 0.107785 0.007289
0.235004 0.107852 0.006953
0.240636 0.107715 0.007296
0.247772 0.105743 0.007260
0.255184 0.105021 0.007342
0.261697 0.105178 0.007104
0.268516 0.105526 0.007294
0.275526 0.106281 0.006950
0.281920 0.105206 0.007323
0.289155 0.104383 0.007259
0.297366 0.102718 0.007106
0.302859 0.101854 0.007454
0.310248 0.103111 0.006823
0.318135 0.102030 0.007226
0.324543 0.101542 0.007533
0.329323 0.100197 0.007339
0.336598 0.099216 0.007576
0.346063 0.099105 0.007189
0.352456 0.099754 0.007034
0.359278 0.098019 0.007205
0.364821 0.097661 0.006951
0.373599 0.097121 0.007453
0.380224 0.098144 0.007187
0.386662 0.095715 0.007441
0.394718 0.097470 0.007021
0.400296 0.096216 0.007032
0.408040 0.094985 0.007289
0.414914 0.095971 0.007745
0.420529 0.093222 0.007750
0.081990 0.229041 0.005270
0.086974 0.230372 0.005483
0.091865 0.230037 0.005339
0.096088 0.230650 0.005225
0.100403 0.229795 0.005351
0.105482 0.230707 0.005215
0.110313 0.231046 0.005097
0.114744 0.229934 0.005305
0.119834 0.230591 0.005331
0.124036 0.228886 0.005494
0.128949 0.229409 0.005134
0.133568 0.229258 0.005448
0.137860 0.229292 0.005353
0.143023 0.228011 0.005336
0.147339 0.228273 0.005573
0.152191 0.228523 0.005085
0.156237 0.227843 0.005028
0.161574 0.227520 0.005206
0.165298 0.228038 0.005127
0.170824 0.228761 0.005344
0.175133 0.228374 0.005083
0.179445 0.228516 0.005412
0.184188 0.228435 0.005115
0.188962 0.229356 0.005262
0.193528 0.229766 0.005052
0.198054 0.230858 0.005177
0.202221 0.231417 0.005471
0.206996 0.232893 0.005148
0.211604 0.233157 0.005231
0.215941 0.235675 0.005277
0.220361 0.236224 0.005250
0.225255 0.237723 0.005269
0.229505 0.239306 0.004942
0.233985 0.241754 0.005435
0.237752 0.242710 0.005469
0.242594 0.244500 0.005570
0.246835 0.245850 0.005528
0.251459 0.247675 0.005432
0.256106 0.250064 0.005476
0.259817 0.252025 0.005083
0.078778 0.217254 0.005405
0.083885 0.217643 0.005037
0.088564 0.218613 0.004744
0.093146 0.218090 0.005251
0.097466 0.218606 0.005431
0.102283 0.218988 0.005581
0.106583 0.218403 0.005517
0.111511 0.218088 0.005559
0.116410 0.217536 0.005350
0.120783 0.217285 0.005036
0.126249 0.217778 0.005357
0.130953 0.216937 0.004975
0.135522 0.217181 0.005407
0.140672 0.216524 0.005239
0.144524 0.216509 0.005172
0.149704 0.216125 0.005434
0.154733 0.216510 0.005182
0.158720 0.216327 0.005295
0.163910 0.216310 0.005437
0.168731 0.216597 0.005295
0.173292 0.215803 0.005308
0.178012 0.216971 0.005150
0.182553 0.216510 0.005087
0.187833 0.217908 0.005567
0.191807 0.218231 0.005255
0.196365 0.218899 0.005111
0.201196 0.220465 0.005128
0.206270 0.220726 0.005082
0.210624 0.222139 0.004865
0.214981 0.222927 0.004989
0.224219 0.225385 0.005256
0.228652 0.227046 0.005175
0.234114 0.229868 0.005068
0.238015 0.230433 0.005493
0.243034 0.232531 0.005360
0.247447 0.234006 0.005198
0.252594 0.236458 0.005237
0.256315 0.238123 0.005673
0.260844 0.240013 0.005663
0.265589 0.241913 0.005464
0.269779 0.242481 0.005221
0.275117 0.245027 0.005563
0.077739 0.205686 0.005110
0.081727 0.205948 0.005540
0.086452 0.205895 0.005322
0.091152 0.206326 0.005216
0.095463 0.206832 0.004871
0.100787 0.206923 0.005206
0.105000 0.206809 0.005116
0.109247 0.206475 0.005287
0.113602 0.206011 0.004911
0.118363 0.206140 0.005115
0.123534 0.205699 0.005202
0.127963 0.206026 0.005502
0.132330 0.205479 0.005200
0.145829 0.202405 0.005279
0.141872 0.204711 0.005169
0.146561 0.204652 0.005614
0.151820 0.204451 0.005070
0.156175 0.203948 0.004978
0.160515 0.203750 0.004853
0.165224 0.204137 0.004947
0.170255 0.204745 0.004966
0.174624 0.204450 0.005133
0.179513 0.204990 0.005091
0.184031 0.205653 0.005127
0.189012 0.206711 0.005224
0.193664 0.206844 0.005338
0.198471 0.208047 0.005178
0.202985 0.208734 0.005660
0.208028 0.210203 0.005405
0.212792 0.211798 0.005327
0.217627 0.212609 0.004964
0.222252 0.214611 0.005442
0.227325 0.216326 0.005255
0.231047 0.216916 0.005686
0.235961 0.218867 0.005190
0.241827 0.220989 0.005401
0.245910 0.223081 0.005479
0.249935 0.224452 0.005176
0.254655 0.225525 0.005453
0.259640 0.227802 0.005532
0.264327 0.229755 0.005575
0.268829 0.231441 0.005156
0.273726 0.232881 0.005256
0.277897 0.234236 0.005349
0.078171 0.193719 0.005041
0.082176 0.194578 0.005191
0.086311 0.194288 0.005066
0.091255 0.194140 0.005346
0.095543 0.194895 0.005405
0.099932 0.194722 0.004958
0.104757 0.194926 0.005473
0.108893 0.194829 0.005353
0.113403 0.194336 0.005097
0.117614 0.194441 0.005024
0.122449 0.193467 0.004973
0.127089 0.193354 0.005526
0.131843 0.193553 0.005178
0.136179 0.192641 0.005095
0.140547 0.192420 0.005534
0.144695 0.192793 0.005653
0.149359 0.192053 0.005564
0.153833 0.192464 0.005295
0.159016 0.192079 0.005473
0.163522 0.192310 0.005238
0.167574 0.192524 0.005205
0.172708 0.192645 0.005572
0.177399 0.193438 0.005501
0.182046 0.193432 0.004852
0.186026 0.193967 0.005600
0.190857 0.195334 0.005474
0.195636 0.196248 0.005045
0.199997 0.197103 0.005199
0.204726 0.198095 0.005459
0.210293 0.199236 0.005388
0.214659 0.201266 0.005420
0.218429 0.202177 0.005678
0.223452 0.203780 0.005145
0.228557 0.205821 0.005030
0.233513 0.207592 0.005340
0.238264 0.209275 0.005563
0.242749 0.210808 0.005476
0.247480 0.212253 0.005728
0.251974 0.214215 0.005347
0.256230 0.215789 0.004992
0.261247 0.217798 0.005502
0.266448 0.219592 0.005351
0.270703 0.221277 0.005222
0.275909 0.223049 0.005647
0.080302 0.181557 0.005217
0.084563 0.183023 0.005039
0.088816 0.182351 0.005335
0.092997 0.183052 0.005309
0.098218 0.183031 0.005173
0.102068 0.183221 0.005104
0.106722 0.182998 0.005300
0.110776 0.182980 0.005292
0.115185 0.182356 0.005470
0.119651 0.182070 0.005324
0.123623 0.182403 0.005206
0.128275 0.181485 0.005526
0.132727 0.180755 0.005120
0.137094 0.181205 0.005626
0.141371 0.180885 0.005487
0.145620 0.180144 0.005368
0.150327 0.180315 0.005422
0.153907 0.180308 0.005431
0.159113 0.180483 0.005652
0.163448 0.180744 0.005141
0.167772 0.181195 0.005146
0.172346 0.181067 0.005138
0.176668 0.181288 0.005023
0.181353 0.181544 0.005267
0.185818 0.182409 0.005183
0.190179 0.183548 0.005278
0.194621 0.184938 0.005081
0.198890 0.185319 0.005655
0.203734 0.185573 0.005144
0.208382 0.187927 0.005063
0.212656 0.188804 0.005158
0.217453 0.190614 0.005198
0.221836 0.191948 0.005068
0.226668 0.193312 0.005022
0.230565 0.195145 0.005078
0.235968 0.196873 0.004956
0.239884 0.198960 0.005234
0.245010 0.201351 0.005278
0.249372 0.202696 0.005139
0.253588 0.203671 0.005350
0.259047 0.205854 0.005210
0.263569 0.207689 0.005251
0.268440 0.209091 0.005507
0.272554 0.211041 0.005193
0.277375 0.211925 0.005402
0.282061 0.214108 0.005386
0.287086 0.215541 0.004886
0.296757 0.216442 0.005112
0.295737 0.217303 0.005437
0.084020 0.169779 0.005178
0.087983 0.170803 0.005353
0.092470 0.170651 0.005040
0.096384 0.171273 0.005248
0.100737 0.171366 0.005105
0.105354 0.170966 0.005096
0.109405 0.170868 0.005589
0.114138 0.170807 0.005186
0.118344 0.170692 0.005328
0.122382 0.170270 0.005157
0.126761 0.170233 0.005031
0.130638 0.170579 0.005220
0.135986 0.169431 0.005238
0.140048 0.169204 0.005422
0.143540 0.169188 0.005283
0.148079 0.168981 0.005261
0.152514 0.169369 0.005632
0.157157 0.168270 0.005125
0.161089 0.168569 0.005516
0.165901 0.168890 0.005144
0.170058 0.168634 0.005583
0.173950 0.169370 0.005345
0.178519 0.169566 0.005368
0.182839 0.169984 0.005460
0.187211 0.170696 0.005227
0.191999 0.171286 0.005422
0.196068 0.172825 0.005276
0.200464 0.173557 0.005368
0.204725 0.174380 0.005250
0.209091 0.175469 0.005365
0.213673 0.177632 0.005262
0.217975 0.178988 0.005164
0.222689 0.180166 0.005011
0.227310 0.181874 0.005105
0.230862 0.183181 0.005426
0.235710 0.185447 0.005496
0.244974 0.188660 0.005192
0.248540 0.190353 0.005480
0.253487 0.193066 0.005217
0.258048 0.194158 0.005293
0.262618 0.196308 0.005235
0.266710 0.197421 0.005238
0.271355 0.199517 0.004885
0.276619 0.201064 0.005481
0.280644 0.201959 0.005330
0.285724 0.203474 0.005015
0.289578 0.204560 0.005472
0.085845 0.158044 0.005268
0.089723 0.159226 0.005271
0.094284 0.159227 0.005094
0.098920 0.158478 0.005373
0.103149 0.159295 0.004925
0.107771 0.159489 0.005025
0.112284 0.159202 0.005165
0.116934 0.159182 0.005089
0.121231 0.158322 0.005186
0.124953 0.158857 0.005546
0.129859 0.158362 0.005005
0.134273 0.158154 0.005499
0.138518 0.157347 0.005126
0.143165 0.157444 0.004833
0.146958 0.156693 0.005237
0.151393 0.156586 0.004833
0.155709 0.156773 0.005544
0.160180 0.157036 0.005151
0.164741 0.156531 0.005003
0.169212 0.157786 0.005526
0.172882 0.156836 0.005728
0.177107 0.157549 0.005147
0.181915 0.157752 0.005275
0.186187 0.158646 0.004890
0.191009 0.159457 0.005189
0.204467 0.157311 0.004892
0.198477 0.160532 0.005678
0.203554 0.161913 0.005416
0.207219 0.162795 0.005421
0.212063 0.164848 0.005229
0.216360 0.165646 0.005669
0.220558 0.166752 0.005362
0.224873 0.168708 0.005147
0.229195 0.170119 0.005078
0.233792 0.171769 0.004766
0.238003 0.173531 0.005439
0.242190 0.175048 0.005363
0.246832 0.177269 0.005427
0.251635 0.179062 0.005539
0.255106 0.180277 0.005550
0.259354 0.182861 0.005459
0.085076 0.146399 0.005210
0.089894 0.147173 0.005072
0.094348 0.147639 0.005453
0.098855 0.146851 0.005159
0.103741 0.147664 0.004992
0.108013 0.148014 0.005388
0.113079 0.147707 0.005433
0.117463 0.147303 0.004984
0.121705 0.146956 0.005556
0.126329 0.146979 0.005119
0.130828 0.145937 0.005299
0.135859 0.146305 0.005470
0.139959 0.145548 0.005559
0.144329 0.145562 0.005603
0.149160 0.145347 0.005065
0.153072 0.145171 0.005655
0.158241 0.144668 0.005391
0.162488 0.145201 0.005545
0.167359 0.145043 0.005480
0.171440 0.145111 0.004855
0.175738 0.145427 0.005636
0.180031 0.145466 0.005017
0.185025 0.145907 0.005287
0.188525 0.146622 0.005684
0.194084 0.146942 0.005691
0.197924 0.147513 0.005380
0.202173 0.149269 0.005134
0.206403 0.149770 0.005399
0.210977 0.151143 0.005117
0.214948 0.152187 0.005474
0.219557 0.153952 0.005232
0.224383 0.155479 0.005388
0.228238 0.156615 0.004922
0.232512 0.158827 0.005137
0.237069 0.160084 0.005015
0.241407 0.161875 0.005275
0.245645 0.163124 0.005442
0.249544 0.164896 0.005228
0.254297 0.166720 0.005194
0.258997 0.168935 0.005050
0.262904 0.170341 0.005059
0.266916 0.172169 0.004936
0.271271 0.174012 0.004653
0.275716 0.175982 0.005352
0.280459 0.177044 0.005294
0.284220 0.178526 0.005480
0.288853 0.179860 0.005320
0.292917 0.180842 0.005015
0.300063 0.185421 0.005180
0.301595 0.183093 0.005423
0.165859 0.824764 0.007496
0.173052 0.825036 0.007172
0.180091 0.826050 0.007040
0.187948 0.826763 0.007098
0.194585 0.824290 0.007367
0.202576 0.824705 0.007300
0.209947 0.827536 0.007379
0.216438 0.825429 0.007274
0.224734 0.828067 0.007796
0.230116 0.825821 0.006828
0.240416 0.824974 0.006799
0.246780 0.826212 0.007070
0.255684 0.824780 0.007861
0.254813 0.829324 0.007255
0.269771 0.826612 0.006880
0.276595 0.824743 0.007605
0.285554 0.827793 0.007617
0.293550 0.825675 0.007866
0.301166 0.826204 0.007317
0.307745 0.826113 0.007029
0.315101 0.825970 0.007014
0.320833 0.825026 0.007042
0.329385 0.824608 0.007449
0.335647 0.825050 0.007532
0.345693 0.827162 0.007309
0.351245 0.827376 0.007586
0.360312 0.825978 0.007569
0.366892 0.826902 0.007326
0.373149 0.826642 0.006741
0.381165 0.825889 0.006888
0.389337 0.826812 0.007164
0.397202 0.827386 0.007320
0.404813 0.826084 0.006969
0.412971 0.824693 0.007286
0.419274 0.824756 0.007284
0.426643 0.826682 0.007529
0.433233 0.826552 0.007050
0.439271 0.824476 0.007532
0.448769 0.826324 0.007788
0.456069 0.826439 0.007111
0.166097 0.810704 0.007258
0.172158 0.814534 0.007059
0.178430 0.813839 0.007265
0.188025 0.810875 0.008080
0.194421 0.810760 0.007711
0.203467 0.813393 0.007656
0.209833 0.813020 0.007343
0.216083 0.812414 0.006976
0.226027 0.813529 0.007238
0.231697 0.812164 0.007454
0.240520 0.812913 0.006943
0.247920 0.813066 0.007392
0.254608 0.813123 0.007206
0.262950 0.811627 0.007759
0.268963 0.811059 0.007786
0.278153 0.813707 0.006958
0.283656 0.811178 0.007612
0.290625 0.812659 0.007841
0.298859 0.814182 0.007566
0.305192 0.811226 0.006794
0.314671 0.815200 0.007601
0.320537 0.812875 0.007256
0.328241 0.813027 0.007768
0.337655 0.814205 0.007192
0.345408 0.813324 0.007314
0.351253 0.812968 0.007822
0.358498 0.812143 0.007546
0.367102 0.812661 0.007543
0.373459 0.811071 0.006878
0.380971 0.812202 0.007746
0.388507 0.811587 0.007447
0.398261 0.810997 0.007182
0.402984 0.811997 0.006885
0.411251 0.813689 0.007451
0.418693 0.811666 0.007314
0.428248 0.812634 0.006802
0.434944 0.812933 0.007084
0.443194 0.812022 0.006970
0.449399 0.812352 0.007521
0.454783 0.809773 0.007680
0.165051 0.799984 0.007105
0.173318 0.798346 0.007770
0.180195 0.799964 0.007597
0.187114 0.798609 0.007170
0.194707 0.798327 0.007728
0.202018 0.799829 0.007092
0.210045 0.799841 0.007693
0.217480 0.799329 0.007270
0.223613 0.799419 0.007161
0.232568 0.797621 0.007508
0.239794 0.799140 0.007148
0.246730 0.800428 0.007365
0.253628 0.799352 0.006852
0.262101 0.799008 0.007558
0.269153 0.799639 0.007270
0.276335 0.797957 0.007612
0.284993 0.799599 0.007584
0.295454 0.797771 0.007421
0.300026 0.799759 0.007095
0.306957 0.798982 0.007014
0.314932 0.800997 0.007051
0.321675 0.800079 0.007840
0.330896 0.798505 0.007252
0.336539 0.798623 0.007314
0.343092 0.798602 0.007626
0.351598 0.798980 0.007518
0.358390 0.799865 0.007334
0.366144 0.799876 0.007594
0.374745 0.799504 0.006563
0.384833 0.802193 0.007742
0.389759 0.798715 0.008126
0.396468 0.800612 0.007638
0.404674 0.800146 0.007640
0.409900 0.798967 0.007271
0.419665 0.800629 0.007666
0.426827 0.798068 0.007233
0.432747 0.797402 0.007026
0.442619 0.799295 0.007036
0.445921 0.804537 0.007477
0.454043 0.798703 0.007400
0.463586 0.800298 0.007839
0.470961 0.799831 0.007341
0.479661 0.799598 0.007457
0.486227 0.799472 0.007302
0.493881 0.801742 0.007420
0.501884 0.801116 0.007032
0.163991 0.791537 0.004216
0.169291 0.791048 0.004373
0.172710 0.791407 0.003991
0.175904 0.791953 0.004325
0.180318 0.792195 0.004278
0.183829 0.790878 0.004364
0.187842 0.791202 0.004048
0.191927 0.791922 0.004196
0.195641 0.791406 0.004419
0.200808 0.789778 0.004103
0.204279 0.792508 0.004222
0.208825 0.791107 0.004110
0.211034 0.791704 0.004096
0.215891 0.792251 0.004133
0.220107 0.791810 0.004051
0.223631 0.791136 0.004520
0.226872 0.791307 0.004503
0.230635 0.791357 0.004030
0.235229 0.791996 0.004041
0.239282 0.792081 0.004154
0.241192 0.791216 0.004352
0.246390 0.791781 0.004182
0.251180 0.790646 0.004435
0.255487 0.791519 0.004552
0.258957 0.792117 0.004183
0.262556 0.791837 0.004278
0.266541 0.791872 0.004247
0.270133 0.792765 0.004415
0.274629 0.791358 0.004334
0.277162 0.792314 0.004083
0.281315 0.791248 0.004125
0.285596 0.792136 0.004019
0.290677 0.791329 0.004230
0.293793 0.791300 0.004183
0.297611 0.792098 0.004216
0.300311 0.791625 0.004288
0.304929 0.791864 0.004330
0.309855 0.791218 0.004404
0.314493 0.790529 0.004283
0.317540 0.791288 0.004145
0.320639 0.791493 0.004180
0.324897 0.790770 0.004278
0.327399 0.790839 0.004453
0.332488 0.791928 0.004016
0.336629 0.791279 0.004136
0.340463 0.791460 0.004303
0.343889 0.791639 0.004141
0.348862 0.791575 0.004577
0.351208 0.792125 0.004052
0.163907 0.787844 0.007237
0.173046 0.786748 0.008097
0.181760 0.785933 0.007229
0.186991 0.786348 0.007239
0.195092 0.785787 0.007517
0.201376 0.785515 0.007417
0.210319 0.785345 0.007708
0.216532 0.787142 0.007513
0.225472 0.786946 0.007367
0.232453 0.786750 0.007296
0.241009 0.786955 0.006994
0.246421 0.786590 0.007103
0.255849 0.787532 0.006982
0.261050 0.785902 0.007069
0.267516 0.786267 0.007470
0.277562 0.786278 0.006880
0.285394 0.785917 0.007268
0.293109 0.784973 0.007601
0.299588 0.784926 0.007430
0.306534 0.784336 0.007523
0.315980 0.787919 0.007670
0.321805 0.786238 0.007683
0.330728 0.787302 0.007069
0.336828 0.786493 0.006879
0.344200 0.785036 0.007604
0.351911 0.785204 0.007169
0.360008 0.786017 0.006947
0.366276 0.786030 0.007386
0.371976 0.785756 0.007093
0.381926 0.786482 0.007264
0.389316 0.786002 0.007212
0.397073 0.787636 0.007154
0.404714 0.785898 0.007621
0.414164 0.785338 0.007065
0.419032 0.785877 0.006510
0.425858 0.783441 0.006772
0.434656 0.787419 0.007216
0.440629 0.784353 0.006901
0.449084 0.785195 0.007417
0.459157 0.785716 0.007796
0.464116 0.783498 0.006958
0.471088 0.785096 0.007319
0.166776 0.772060 0.007578
0.179319 0.773019 0.007384
0.186471 0.772714 0.007248
0.195032 0.774296 0.007156
0.204508 0.771540 0.007377
0.209028 0.773536 0.006950
0.217748 0.773394 0.007168
0.223941 0.771921 0.006910
0.231576 0.773447 0.007357
0.240231 0.772725 0.006544
0.247790 0.773715 0.006989
0.255331 0.774506 0.007313
0.263622 0.771920 0.007569
0.268394 0.772212 0.007095
0.276564 0.774109 0.007789
0.286452 0.771089 0.007176
0.290499 0.773740 0.007258
0.299421 0.771955 0.006930
0.307897 0.772599 0.007294
0.314284 0.772013 0.007326
0.322620 0.773327 0.007387
0.330295 0.772493 0.006946
0.338692 0.772931 0.007270
0.344010 0.774379 0.007065
0.352007 0.773965 0.007200
0.360979 0.772071 0.007219
0.368395 0.771993 0.006952
0.373447 0.771817 0.007253
0.378841 0.772143 0.007508
0.388221 0.771453 0.007005
0.396072 0.773979 0.007491
0.405120 0.771821 0.007360
0.410286 0.772520 0.007682
0.419245 0.770754 0.007012
0.424965 0.771488 0.007554
0.434892 0.773649 0.007651
0.441659 0.772985 0.007765
0.448642 0.772949 0.006946
0.457205 0.774383 0.007434
0.463211 0.773945 0.007047
0.472759 0.772462 0.007577
0.478913 0.773130 0.007216
0.486395 0.772681 0.007612
0.493019 0.773923 0.007290
0.502236 0.772513 0.007536
0.509553 0.772052 0.006662
0.167165 0.759715 0.007241
0.172166 0.759370 0.007886
0.179300 0.759910 0.006753
0.187122 0.759482 0.007650
0.194499 0.759287 0.006980
0.203361 0.759623 0.007308
0.210471 0.758389 0.007178
0.217387 0.761067 0.006856
0.223146 0.761531 0.007586
0.230924 0.760908 0.007894
0.240362 0.758467 0.006902
0.247796 0.758733 0.007341
0.255745 0.759587 0.007026
0.261844 0.759656 0.007104
0.268955 0.759010 0.007126
0.276965 0.760125 0.007195
0.285106 0.759037 0.007251
0.292259 0.759866 0.007672
0.298141 0.759190 0.006682
0.308043 0.757962 0.007023
0.315042 0.758585 0.006775
0.322134 0.759866 0.007714
0.329066 0.759893 0.006785
0.337260 0.759230 0.008126
0.344154 0.758522 0.007317
0.351041 0.759077 0.007001
0.358728 0.760203 0.006701
0.366641 0.760181 0.007500
0.367108 0.762013 0.007354
0.380053 0.760456 0.007404
0.390229 0.759583 0.007247
0.395159 0.760959 0.007772
0.404994 0.760208 0.006893
0.411918 0.757879 0.006849
0.419385 0.760438 0.007220
0.427808 0.760966 0.007278
0.434235 0.761582 0.007114
0.441106 0.759535 0.007624
0.450231 0.760998 0.006945
0.457010 0.758749 0.006885
0.467131 0.759430 0.007585
0.472210 0.758806 0.007844
0.479614 0.759678 0.007260
0.488343 0.759802 0.006876
0.493752 0.761470 0.006929
0.501968 0.758976 0.007641
0.509821 0.760349 0.007067
0.515358 0.762209 0.007622
0.526029 0.759545 0.007325
0.532153 0.757951 0.007186
