885.97 708.90 14
920.36 715.87 15
951.12 718.59 15
984.56 717.96 15
1015.91 730.84 15
1047.19 733.35 14
1077.16 737.70 18
1108.18 736.04 14
1139.28 741.35 16
1173.80 745.42 15
1208.28 753.05 15
884.79 741.21 16
914.00 742.50 16
947.26 751.21 16
981.06 755.14 14
1011.48 757.40 15
1039.92 759.91 14
1075.05 759.14 15
1107.09 768.59 16
1138.76 776.78 16
1165.10 771.19 14
1199.39 781.95 15
882.22 768.47 14
916.65 775.51 16
946.34 780.45 15
972.70 784.17 16
1009.63 783.82 16
1037.40 791.84 16
1069.53 797.00 14
1100.29 803.34 16
1133.18 808.43 15
1168.34 809.49 15
1193.19 817.54 13
878.31 802.80 15
907.80 808.76 16
941.15 812.11 14
973.01 814.54 15
1002.07 820.69 13
1035.36 825.26 16
1068.27 828.72 17
1094.31 833.63 16
1131.71 835.70 14
1160.69 842.33 15
1194.76 848.25 12
867.78 830.35 15
903.52 837.95 18
933.79 843.87 14
964.54 850.81 17
993.87 849.77 15
1029.24 854.26 14
1060.05 863.30 14
1090.43 861.44 16
1121.95 869.45 16
1157.43 873.26 15
1186.27 881.38 15
869.72 867.84 15
904.03 870.73 14
930.38 876.81 13
962.31 877.44 14
990.05 883.08 14
1021.13 883.30 14
1056.18 891.39 16
1086.64 895.55 17
1121.21 900.54 16
1153.91 902.20 17
1181.85 911.93 12
864.50 894.10 15
892.23 905.37 15
927.22 904.78 17
953.99 909.78 14
990.24 913.69 14
1023.42 917.19 17
1047.07 925.14 15
1081.65 927.37 16
1115.98 936.69 17
1147.93 934.38 14
1179.33 938.86 17
855.95 931.32 15
894.16 929.86 18
922.17 941.45 15
953.37 945.35 15
987.24 943.06 13
1017.51 953.80 16
1049.21 956.30 13
1079.36 958.57 15
1110.28 964.12 13
1138.10 969.57 15
1175.92 972.91 15
858.18 961.49 17
883.04 964.03 16
918.49 968.97 16
949.13 970.99 14
978.81 976.94 16
1011.02 981.06 16
1039.63 985.91 16
1077.21 987.86 14
1106.31 994.46 17
1139.64 996.86 17
1172.92 1002.64 16
851.34 991.38 14
879.70 993.63 14
915.53 1003.95 15
944.37 1006.60 15
976.12 1011.74 14
1005.48 1016.57 17
1039.64 1015.46 15
1069.55 1022.67 14
1100.33 1026.56 15
1132.25 1030.85 17
1167.84 1036.11 13
848.46 1022.02 16
875.96 1023.94 16
907.43 1029.86 17
941.05 1034.71 15
969.73 1039.36 13
1001.66 1045.00 15
1036.68 1047.21 13
1071.04 1051.27 17
1099.36 1056.98 16
1129.93 1060.62 15
1161.63 1066.83 15
842.52 1050.98 17
872.13 1058.27 13
905.47 1062.87 15
936.17 1066.51 16
968.75 1073.05 17
999.17 1078.24 17
1033.30 1080.36 17
1063.68 1086.04 16
1094.65 1087.89 17
1124.35 1093.05 15
1160.43 1099.95 17
841.75 1083.52 16
871.85 1089.82 14
902.63 1093.95 16
929.79 1093.38 14
963.34 1105.48 15
1001.00 1113.73 15
1024.06 1118.22 18
1055.44 1119.05 15
1089.94 1121.45 15
1115.54 1125.15 15
1153.14 1129.14 16
833.47 1115.43 16
863.45 1117.90 17
898.89 1128.23 16
925.56 1130.57 16
959.83 1132.33 13
988.70 1135.85 16
1021.26 1143.50 15
1055.61 1146.41 16
1081.51 1149.98 11
1120.31 1158.29 16
1146.27 1160.48 15
