956.64 1914.57 15
970.85 1909.61 16
980.56 1910.79 16
995.37 1905.29 16
1003.42 1903.31 16
1019.31 1901.47 16
1028.76 1896.67 16
1041.99 1894.35 16
1055.21 1893.38 15
1066.88 1889.90 16
1076.78 1886.68 16
1088.33 1880.67 16
1102.87 1880.01 15
1111.84 1873.91 16
1125.35 1873.15 15
1140.25 1871.06 16
1150.38 1867.95 16
1162.52 1863.22 16
1174.74 1860.67 15
1186.08 1857.83 16
1197.41 1855.33 16
1209.63 1849.84 16
1222.41 1848.08 16
1232.66 1843.74 15
1245.92 1844.03 16
1258.09 1839.89 16
1270.74 1839.11 15
1280.50 1836.44 15
1294.33 1831.96 16
1307.37 1832.13 16
1318.51 1824.32 16
1329.69 1822.84 15
1343.38 1823.22 15
1354.85 1815.04 16
1368.09 1813.79 15
1379.70 1809.88 15
1390.79 1809.25 15
1401.56 1805.27 15
1415.50 1799.24 15
1426.14 1799.97 16
897.08 1869.45 15
908.39 1867.33 15
920.96 1866.77 16
933.12 1860.47 15
980.65 1847.49 15
955.20 1854.87 16
969.51 1855.70 16
980.01 1851.63 16
992.18 1845.58 16
1006.67 1842.51 15
979.35 1859.05 16
1029.23 1838.25 16
1038.60 1834.34 15
1054.15 1830.75 15
1063.73 1830.65 16
1080.16 1827.50 16
1089.12 1823.76 16
1100.65 1816.26 15
1114.24 1817.75 15
1124.66 1812.67 15
1136.85 1813.49 15
1150.20 1810.73 15
1160.97 1806.40 15
1172.16 1802.86 15
1185.36 1800.55 15
1198.46 1797.22 16
1210.25 1795.71 16
1222.79 1790.67 16
1234.02 1788.04 15
1245.67 1783.73 16
1256.75 1782.69 16
1269.77 1777.27 16
1282.15 1773.19 15
1294.53 1772.44 15
1304.29 1768.86 15
1317.47 1765.94 16
1328.62 1761.56 16
1341.90 1760.50 16
1354.56 1758.50 16
1364.97 1751.99 16
1379.04 1750.90 15
1389.34 1749.96 16
1401.95 1746.98 15
1413.94 1743.41 16
932.57 1801.00 15
945.65 1799.71 16
955.74 1794.82 16
967.32 1793.47 15
977.59 1791.97 15
993.02 1785.46 15
1002.48 1786.69 15
1015.85 1780.94 16
1027.51 1775.77 15
1040.23 1772.73 16
1051.10 1772.63 16
1063.10 1771.84 15
1075.73 1766.38 16
1089.46 1763.46 15
1099.63 1760.66 15
1113.75 1758.25 15
1125.92 1755.73 16
1135.13 1752.64 15
1147.17 1749.17 16
1159.98 1746.10 15
1184.82 1739.97 16
1196.76 1736.44 15
1207.83 1734.34 16
1220.34 1730.15 15
1230.48 1727.40 15
1246.91 1728.05 16
1256.76 1723.94 15
1268.26 1719.93 15
1280.72 1719.10 16
1306.84 1711.79 15
1317.25 1707.08 15
1330.17 1704.34 16
1340.69 1701.46 16
1353.50 1697.98 16
1363.49 1696.85 15
1375.86 1692.17 16
1389.46 1694.05 15
1399.55 1685.25 16
846.38 1766.68 15
858.37 1760.21 15
871.18 1759.55 16
882.36 1754.88 15
893.83 1752.56 15
907.49 1749.25 16
916.70 1747.81 15
930.19 1743.09 15
944.49 1739.89 15
953.48 1737.64 16
969.56 1734.67 15
978.41 1731.13 16
993.45 1730.99 15
1002.67 1725.64 15
1013.86 1724.40 15
1027.71 1718.56 15
1040.18 1716.29 16
1051.13 1713.04 15
1064.45 1709.35 15
1076.36 1705.75 16
1086.95 1704.96 15
1100.12 1700.17 15
1112.09 1697.86 16
1123.88 1694.51 16
1136.32 1694.88 15
1147.60 1690.75 16
1159.04 1688.36 16
1172.13 1682.37 15
1184.59 1681.69 15
1197.47 1678.66 16
1207.17 1674.41 15
1221.29 1673.29 16
1231.42 1671.02 16
1243.11 1667.77 15
1254.11 1664.14 16
1268.08 1658.52 16
1280.93 1656.50 16
1290.53 1653.99 15
1303.47 1654.61 16
1314.41 1647.93 16
1318.50 1625.68 16
1337.74 1643.97 16
1352.80 1637.68 15
1363.17 1638.69 15
1374.93 1631.77 15
1386.08 1628.45 15
882.23 1696.38 16
895.35 1694.03 16
907.10 1690.29 15
918.65 1688.56 16
930.80 1684.74 15
942.29 1680.92 16
954.82 1678.50 16
967.14 1676.14 15
976.22 1671.99 15
990.81 1668.46 15
1001.15 1666.11 15
1014.81 1665.68 15
1026.86 1660.02 16
1038.66 1661.30 15
1051.08 1654.70 16
1062.62 1652.90 15
1073.12 1651.26 15
1086.79 1649.61 16
1098.08 1642.80 16
1109.80 1640.17 16
1123.55 1638.42 15
1133.96 1637.27 16
1145.54 1630.88 16
1159.24 1629.76 16
1171.08 1623.75 15
1183.95 1621.27 15
1194.01 1619.27 16
1204.17 1617.08 16
1219.86 1610.59 16
1231.10 1613.47 16
1243.78 1605.43 15
1255.91 1603.87 16
1265.83 1601.64 15
1277.97 1599.19 15
1290.84 1596.80 15
1302.21 1593.21 15
1317.40 1590.33 15
1325.71 1585.49 16
1341.42 1583.92 15
1350.20 1581.06 15
1361.40 1579.91 16
1373.09 1575.14 15
772.16 1664.35 15
783.15 1663.42 15
794.33 1657.58 15
807.68 1657.49 15
822.87 1654.25 16
832.34 1649.92 16
845.55 1645.20 15
855.07 1642.45 16
870.41 1641.02 15
879.79 1636.70 16
892.63 1634.25 15
905.19 1631.67 15
917.40 1629.88 15
929.94 1628.29 15
942.03 1622.10 16
952.04 1619.27 15
964.84 1619.19 15
977.19 1613.23 16
988.99 1610.15 16
999.19 1605.43 16
1015.76 1606.03 16
1022.72 1600.52 15
1037.86 1598.11 16
1059.91 1589.50 16
1072.49 1590.76 16
1086.45 1586.55 16
1100.18 1582.95 15
1109.48 1578.19 16
1123.04 1578.86 15
1131.42 1576.27 16
1145.48 1572.47 16
1158.61 1569.57 16
1169.70 1565.60 15
1183.05 1562.97 16
1195.06 1560.01 16
1206.71 1558.48 16
1217.40 1555.28 16
1228.97 1550.68 15
1240.19 1550.82 15
1254.53 1546.89 15
1265.98 1539.90 16
1278.77 1539.34 16
1291.70 1537.00 15
1302.20 1531.99 15
1312.36 1530.61 16
1328.08 1528.87 15
1337.57 1525.99 15
1347.96 1523.49 15
1363.01 1517.85 16
843.69 1587.47 16
856.09 1583.84 16
869.34 1582.87 16
882.24 1577.76 15
889.76 1574.92 16
903.43 1571.17 16
917.07 1571.68 16
926.78 1568.76 15
941.56 1562.99 16
953.32 1559.21 15
966.22 1556.02 16
975.27 1553.31 15
986.64 1551.02 16
1000.20 1550.66 15
1011.90 1544.90 15
1026.46 1544.06 15
1037.54 1539.65 15
1047.98 1540.44 15
1063.01 1535.63 15
1072.82 1532.62 16
1083.11 1526.56 16
1096.79 1527.83 15
1108.97 1521.05 16
1120.44 1519.63 15
1130.78 1515.25 15
1146.52 1510.95 15
1156.91 1510.86 16
1168.45 1509.28 16
1181.24 1505.02 15
1192.97 1498.85 15
1204.11 1500.69 16
1214.55 1492.73 15
1226.63 1491.83 15
1242.21 1489.94 15
1266.51 1483.25 16
1277.93 1482.28 15
1290.70 1475.18 15
1313.24 1472.80 15
1323.50 1470.63 16
1336.19 1464.01 16
1348.40 1462.38 16
853.76 1525.12 16
868.78 1521.78 16
879.10 1519.49 15
891.34 1516.41 16
904.10 1516.45 15
913.88 1509.32 16
928.33 1507.91 15
938.29 1505.32 15
951.69 1501.86 15
964.65 1501.21 16
974.85 1496.83 15
986.11 1495.21 15
998.88 1491.81 15
1010.79 1486.47 16
1022.72 1483.82 15
1034.28 1482.49 15
1046.16 1477.85 15
1062.84 1475.55 16
1074.00 1474.68 16
1084.82 1467.30 16
1094.68 1462.03 16
1108.93 1463.13 16
1119.20 1459.85 16
1132.98 1455.85 15
1142.33 1453.11 16
1157.08 1452.26 16
1168.64 1447.39 15
1191.29 1440.76 16
1177.38 1453.68 15
1215.99 1435.40 16
1232.95 1432.96 16
1253.65 1427.22 16
1266.29 1423.87 16
1277.89 1423.35 16
1289.12 1418.70 15
1302.18 1417.91 15
1313.12 1411.27 15
1324.47 1410.89 15
1335.51 1406.37 16
