0.214583 0.038542 0.006250
0.222917 0.038542 0.007292
0.233333 0.038542 0.011458
0.240625 0.038542 0.011458
0.250000 0.038542 0.007292
0.261458 0.038542 0.007292
0.467708 0.038542 0.004167
0.502083 0.038542 0.011458
0.270833 0.039583 0.007292
0.461458 0.039583 0.010417
0.475000 0.039583 0.005208
0.484375 0.039583 0.006250
0.492708 0.039583 0.004167
0.508333 0.039583 0.004167
0.558333 0.039583 0.008333
0.596875 0.039583 0.011458
0.606250 0.039583 0.006250
0.613542 0.039583 0.006250
0.621875 0.039583 0.013542
0.633333 0.039583 0.007292
0.662500 0.039583 0.007292
0.697917 0.039583 0.009375
0.726042 0.039583 0.007292
0.737500 0.039583 0.007292
0.746875 0.039583 0.007292
0.755208 0.039583 0.007292
0.767708 0.039583 0.007292
0.776042 0.039583 0.004167
0.783333 0.039583 0.009375
0.789583 0.039583 0.004167
0.796875 0.039583 0.010417
0.282292 0.040625 0.007292
0.291667 0.040625 0.007292
0.303125 0.040625 0.007292
0.313542 0.040625 0.007292
0.329167 0.040625 0.008333
0.353125 0.040625 0.005208
0.361458 0.040625 0.006250
0.369792 0.040625 0.007292
0.382292 0.040625 0.009375
0.427083 0.040625 0.007292
0.437500 0.040625 0.008333
0.450000 0.040625 0.007292
0.516667 0.040625 0.007292
0.534375 0.040625 0.007292
0.545833 0.040625 0.007292
0.569792 0.040625 0.007292
0.579167 0.040625 0.007292
0.642708 0.040625 0.007292
0.652083 0.040625 0.007292
0.672917 0.040625 0.007292
0.683333 0.040625 0.007292
0.710417 0.040625 0.009375
0.345833 0.041667 0.010417
0.395833 0.041667 0.008333
0.408333 0.041667 0.007292
0.418750 0.041667 0.007292
0.865625 0.050000 0.008333
0.882292 0.050000 0.009375
0.894792 0.050000 0.007292
0.905208 0.050000 0.009375
0.822917 0.051042 0.009375
0.833333 0.051042 0.007292
0.842708 0.051042 0.007292
0.853125 0.051042 0.007292
0.918750 0.051042 0.007292
0.928125 0.051042 0.006250
0.943750 0.051042 0.011458
0.936458 0.052083 0.007292
0.216667 0.053125 0.008333
0.232292 0.054167 0.008333
0.243750 0.054167 0.007292
0.252083 0.054167 0.006250
0.262500 0.054167 0.007292
0.306250 0.054167 0.007292
0.318750 0.054167 0.007292
0.538542 0.054167 0.004167
0.589583 0.054167 0.006250
0.636458 0.054167 0.006250
0.645833 0.054167 0.007292
0.727083 0.054167 0.007292
0.737500 0.054167 0.007292
0.745833 0.054167 0.008333
0.765625 0.054167 0.007292
0.776042 0.054167 0.009375
0.783333 0.054167 0.009375
0.270833 0.055208 0.004167
0.276042 0.055208 0.007292
0.286458 0.055208 0.004167
0.293750 0.055208 0.009375
0.334375 0.055208 0.009375
0.343750 0.055208 0.006250
0.378125 0.055208 0.008333
0.453125 0.055208 0.007292
0.461458 0.055208 0.007292
0.491667 0.055208 0.007292
0.503125 0.055208 0.007292
0.511458 0.055208 0.006250
0.519792 0.055208 0.006250
0.529167 0.055208 0.007292
0.544792 0.055208 0.009375
0.553125 0.055208 0.009375
0.573958 0.055208 0.004167
0.581250 0.055208 0.005208
0.596875 0.055208 0.007292
0.606250 0.055208 0.007292
0.616667 0.055208 0.007292
0.627083 0.055208 0.006250
0.656250 0.055208 0.007292
0.673958 0.055208 0.004167
0.679167 0.055208 0.009375
0.692708 0.055208 0.007292
0.703125 0.055208 0.007292
0.712500 0.055208 0.007292
0.751042 0.055208 0.004167
0.756250 0.055208 0.004167
0.796875 0.055208 0.007292
0.353125 0.056250 0.006250
0.363542 0.056250 0.007292
0.387500 0.056250 0.007292
0.396875 0.056250 0.007292
0.407292 0.056250 0.007292
0.417708 0.056250 0.008333
0.433333 0.056250 0.007292
0.444792 0.056250 0.007292
0.471875 0.056250 0.007292
0.480208 0.056250 0.005208
0.564583 0.056250 0.007292
0.666667 0.056250 0.009375
0.861458 0.064583 0.009375
0.883333 0.064583 0.009375
0.831250 0.065625 0.007292
0.842708 0.065625 0.009375
0.850000 0.065625 0.009375
0.870833 0.065625 0.007292
0.890625 0.065625 0.007292
0.898958 0.065625 0.007292
0.907292 0.065625 0.007292
0.916667 0.065625 0.008333
0.930208 0.065625 0.008333
0.944792 0.065625 0.007292
0.820833 0.066667 0.009375
0.252083 0.068750 0.007292
0.773958 0.068750 0.011458
0.214583 0.069792 0.010417
0.232292 0.069792 0.007292
0.242708 0.069792 0.007292
0.265625 0.069792 0.008333
0.276042 0.069792 0.011458
0.292708 0.069792 0.007292
0.305208 0.069792 0.009375
0.457292 0.069792 0.010417
0.512500 0.069792 0.007292
0.522917 0.069792 0.007292
0.541667 0.069792 0.010417
0.630208 0.069792 0.010417
0.642708 0.069792 0.005208
0.681250 0.069792 0.006250
0.705208 0.069792 0.007292
0.714583 0.069792 0.011458
0.730208 0.069792 0.011458
0.737500 0.069792 0.011458
0.751042 0.069792 0.007292
0.760417 0.069792 0.007292
0.779167 0.069792 0.011458
0.791667 0.069792 0.010417
0.315625 0.070833 0.007292
0.325000 0.070833 0.009375
0.338542 0.070833 0.007292
0.351042 0.070833 0.007292
0.361458 0.070833 0.011458
0.368750 0.070833 0.010417
0.375000 0.070833 0.010417
0.385417 0.070833 0.007292
0.395833 0.070833 0.007292
0.403125 0.070833 0.005208
0.412500 0.070833 0.007292
0.422917 0.070833 0.007292
0.432292 0.070833 0.004167
0.463542 0.070833 0.005208
0.482292 0.070833 0.006250
0.491667 0.070833 0.007292
0.500000 0.070833 0.011458
0.533333 0.070833 0.007292
0.548958 0.070833 0.010417
0.560417 0.070833 0.005208
0.594792 0.070833 0.009375
0.606250 0.070833 0.007292
0.614583 0.070833 0.005208
0.621875 0.070833 0.007292
0.650000 0.070833 0.007292
0.658333 0.070833 0.007292
0.665625 0.070833 0.004167
0.673958 0.070833 0.006250
0.689583 0.070833 0.004167
0.797917 0.070833 0.009375
0.445833 0.071875 0.011458
0.469792 0.071875 0.003125
0.475000 0.071875 0.004167
0.571875 0.071875 0.009375
0.583333 0.071875 0.004167
0.946875 0.080208 0.007292
0.818750 0.081250 0.007292
0.829167 0.081250 0.008333
0.838542 0.081250 0.008333
0.843750 0.081250 0.009375
0.850000 0.081250 0.004167
0.863542 0.081250 0.007292
0.871875 0.081250 0.009375
0.884375 0.081250 0.009375
0.892708 0.081250 0.004167
0.898958 0.081250 0.004167
0.910417 0.081250 0.008333
0.922917 0.081250 0.007292
0.936458 0.081250 0.007292
0.935417 0.095833 0.007292
0.944792 0.095833 0.010417
0.070833 0.096875 0.009375
0.886458 0.096875 0.007292
0.893750 0.096875 0.011458
0.904167 0.096875 0.008333
0.913542 0.096875 0.007292
0.923958 0.096875 0.007292
0.951042 0.096875 0.010417
0.048958 0.097917 0.007292
0.057292 0.097917 0.011458
0.082292 0.097917 0.007292
0.091667 0.097917 0.006250
0.102083 0.097917 0.007292
0.120833 0.097917 0.009375
0.818750 0.097917 0.009375
0.834375 0.097917 0.009375
0.846875 0.097917 0.010417
0.855208 0.097917 0.007292
0.865625 0.097917 0.007292
0.876042 0.097917 0.007292
0.111458 0.098958 0.006250
0.133333 0.098958 0.009375
0.146875 0.100000 0.007292
0.157292 0.100000 0.007292
0.167708 0.100000 0.007292
0.176042 0.100000 0.012500
0.946875 0.111458 0.009375
0.058333 0.112500 0.011458
0.085417 0.112500 0.007292
0.845833 0.112500 0.007292
0.856250 0.112500 0.006250
0.865625 0.112500 0.007292
0.877083 0.112500 0.007292
0.889583 0.112500 0.007292
0.917708 0.112500 0.009375
0.067708 0.113542 0.006250
0.075000 0.113542 0.007292
0.093750 0.113542 0.007292
0.105208 0.113542 0.008333
0.440625 0.113542 0.011458
0.455208 0.113542 0.007292
0.486458 0.113542 0.011458
0.835417 0.113542 0.007292
0.898958 0.113542 0.007292
0.906250 0.113542 0.009375
0.927083 0.113542 0.007292
0.934375 0.113542 0.007292
0.123958 0.114583 0.009375
0.467708 0.114583 0.009375
0.819792 0.114583 0.010417
0.827083 0.114583 0.011458
0.134375 0.115625 0.007292
0.143750 0.115625 0.007292
0.156250 0.115625 0.007292
0.168750 0.115625 0.007292
0.262500 0.115625 0.014583
0.279167 0.115625 0.021875
0.301042 0.115625 0.017708
0.340625 0.115625 0.014583
0.358333 0.115625 0.011458
0.375000 0.115625 0.011458
0.391667 0.115625 0.011458
0.421875 0.115625 0.011458
0.501042 0.115625 0.009375
0.531250 0.115625 0.017708
0.791667 0.115625 0.016667
0.184375 0.116667 0.011458
0.233333 0.116667 0.011458
0.314583 0.116667 0.017708
0.320833 0.116667 0.013542
0.405208 0.116667 0.011458
0.512500 0.116667 0.017708
0.541667 0.116667 0.007292
0.554167 0.116667 0.017708
0.570833 0.116667 0.011458
0.591667 0.116667 0.014583
0.636458 0.116667 0.011458
0.655208 0.116667 0.014583
0.677083 0.116667 0.011458
0.771875 0.116667 0.006250
0.216667 0.117708 0.017708
0.289583 0.117708 0.007292
0.606250 0.117708 0.007292
0.616667 0.117708 0.006250
0.623958 0.117708 0.007292
0.693750 0.117708 0.010417
0.726042 0.117708 0.011458
0.742708 0.117708 0.011458
0.755208 0.117708 0.007292
0.762500 0.117708 0.005208
0.780208 0.117708 0.005208
0.244792 0.118750 0.007292
0.709375 0.118750 0.011458
0.077083 0.127083 0.009375
0.055208 0.128125 0.008333
0.065625 0.128125 0.007292
0.884375 0.128125 0.008333
0.914583 0.128125 0.006250
0.923958 0.128125 0.007292
0.935417 0.128125 0.009375
0.947917 0.128125 0.009375
0.085417 0.129167 0.005208
0.093750 0.129167 0.007292
0.852083 0.129167 0.004167
0.859375 0.129167 0.010417
0.869792 0.129167 0.009375
0.894792 0.129167 0.007292
0.904167 0.129167 0.007292
0.106250 0.130208 0.007292
0.116667 0.130208 0.007292
0.825000 0.130208 0.012500
0.834375 0.130208 0.007292
0.841667 0.130208 0.009375
0.127083 0.131250 0.007292
0.137500 0.131250 0.007292
0.144792 0.131250 0.007292
0.155208 0.131250 0.007292
0.165625 0.132292 0.009375
0.171875 0.132292 0.010417
0.179167 0.133333 0.010417
0.187500 0.133333 0.009375
0.055208 0.143750 0.010417
0.069792 0.143750 0.008333
0.081250 0.143750 0.007292
0.922917 0.143750 0.007292
0.090625 0.144792 0.007292
0.101042 0.144792 0.007292
0.907292 0.144792 0.004167
0.913542 0.144792 0.009375
0.931250 0.144792 0.011458
0.936458 0.144792 0.011458
0.944792 0.144792 0.010417
0.116667 0.145833 0.008333
0.866667 0.145833 0.009375
0.880208 0.145833 0.011458
0.887500 0.145833 0.011458
0.898958 0.145833 0.007292
0.127083 0.146875 0.007292
0.136458 0.146875 0.007292
0.817708 0.146875 0.009375
0.827083 0.146875 0.007292
0.836458 0.146875 0.007292
0.845833 0.146875 0.007292
0.854167 0.146875 0.007292
0.145833 0.147917 0.007292
0.157292 0.147917 0.008333
0.169792 0.148958 0.007292
0.181250 0.148958 0.007292
0.280208 0.148958 0.007292
0.313542 0.148958 0.016667
0.366667 0.148958 0.014583
0.436458 0.148958 0.007292
0.498958 0.148958 0.007292
0.518750 0.148958 0.007292
0.558333 0.148958 0.009375
0.190625 0.150000 0.007292
0.222917 0.150000 0.021875
0.242708 0.150000 0.017708
0.292708 0.150000 0.007292
0.304167 0.150000 0.006250
0.381250 0.150000 0.011458
0.421875 0.150000 0.014583
0.458333 0.150000 0.016667
0.476042 0.150000 0.011458
0.491667 0.150000 0.025000
0.509375 0.150000 0.005208
0.572917 0.150000 0.011458
0.267708 0.151042 0.011458
0.331250 0.151042 0.011458
0.400000 0.151042 0.011458
0.447917 0.151042 0.006250
0.529167 0.151042 0.009375
0.542708 0.151042 0.011458
0.687500 0.151042 0.004167
0.346875 0.152083 0.009375
0.588542 0.152083 0.022917
0.595833 0.152083 0.015625
0.618750 0.152083 0.019792
0.707292 0.152083 0.007292
0.759375 0.152083 0.012500
0.630208 0.153125 0.011458
0.646875 0.153125 0.011458
0.666667 0.153125 0.017708
0.694792 0.153125 0.019792
0.717708 0.153125 0.007292
0.729167 0.153125 0.006250
0.739583 0.153125 0.016667
0.775000 0.153125 0.011458
0.789583 0.153125 0.007292
0.798958 0.153125 0.016667
0.680208 0.154167 0.007292
0.057292 0.159375 0.009375
0.070833 0.160417 0.007292
0.079167 0.160417 0.009375
0.090625 0.160417 0.009375
0.102083 0.160417 0.007292
0.118750 0.160417 0.007292
0.111458 0.161458 0.006250
0.900000 0.161458 0.007292
0.909375 0.161458 0.004167
0.943750 0.161458 0.010417
0.128125 0.162500 0.007292
0.136458 0.162500 0.007292
0.822917 0.162500 0.007292
0.833333 0.162500 0.007292
0.844792 0.162500 0.007292
0.856250 0.162500 0.007292
0.867708 0.162500 0.007292
0.877083 0.162500 0.006250
0.888542 0.162500 0.007292
0.915625 0.162500 0.010417
0.927083 0.162500 0.007292
0.936458 0.162500 0.007292
0.144792 0.163542 0.010417
0.151042 0.163542 0.004167
0.175000 0.163542 0.007292
0.816667 0.163542 0.011458
0.162500 0.164583 0.009375
0.184375 0.164583 0.011458
0.067708 0.176042 0.007292
0.078125 0.176042 0.007292
0.058333 0.177083 0.009375
0.096875 0.177083 0.009375
0.086458 0.178125 0.011458
0.109375 0.178125 0.007292
0.117708 0.178125 0.005208
0.822917 0.178125 0.011458
0.832292 0.178125 0.007292
0.843750 0.178125 0.007292
0.855208 0.178125 0.007292
0.864583 0.178125 0.007292
0.877083 0.178125 0.007292
0.906250 0.178125 0.007292
0.914583 0.178125 0.004167
0.920833 0.178125 0.009375
0.938542 0.178125 0.011458
0.126042 0.179167 0.007292
0.137500 0.179167 0.007292
0.155208 0.179167 0.011458
0.887500 0.179167 0.007292
0.896875 0.179167 0.007292
0.931250 0.179167 0.014583
0.948958 0.179167 0.013542
0.147917 0.180208 0.010417
0.163542 0.180208 0.007292
0.170833 0.180208 0.011458
0.179167 0.180208 0.009375
0.314583 0.183333 0.007292
0.336458 0.184375 0.007292
0.292708 0.185417 0.007292
0.326042 0.185417 0.006250
0.350000 0.185417 0.007292
0.368750 0.185417 0.014583
0.304167 0.186458 0.006250
0.382292 0.186458 0.009375
0.581250 0.186458 0.007292
0.750000 0.186458 0.005208
0.216667 0.187500 0.020833
0.241667 0.187500 0.014583
0.258333 0.187500 0.017708
0.279167 0.187500 0.011458
0.529167 0.187500 0.007292
0.559375 0.187500 0.004167
0.568750 0.187500 0.007292
0.738542 0.187500 0.007292
0.758333 0.187500 0.007292
0.771875 0.187500 0.007292
0.398958 0.188542 0.011458
0.520833 0.188542 0.020833
0.547917 0.188542 0.016667
0.587500 0.188542 0.013542
0.603125 0.188542 0.011458
0.651042 0.188542 0.007292
0.711458 0.188542 0.013542
0.792708 0.188542 0.016667
0.616667 0.189583 0.007292
0.626042 0.189583 0.016667
0.696875 0.189583 0.010417
0.728125 0.189583 0.006250
0.782292 0.189583 0.006250
0.642708 0.190625 0.007292
0.681250 0.190625 0.017708
0.661458 0.191667 0.007292
0.058333 0.192708 0.008333
0.070833 0.192708 0.009375
0.082292 0.192708 0.009375
0.090625 0.193750 0.009375
0.102083 0.193750 0.007292
0.111458 0.193750 0.007292
0.866667 0.193750 0.007292
0.878125 0.193750 0.008333
0.916667 0.193750 0.007292
0.119792 0.194792 0.010417
0.825000 0.194792 0.009375
0.837500 0.194792 0.007292
0.850000 0.194792 0.007292
0.858333 0.194792 0.007292
0.892708 0.194792 0.007292
0.905208 0.194792 0.008333
0.135417 0.195833 0.007292
0.144792 0.195833 0.007292
0.158333 0.195833 0.011458
0.167708 0.195833 0.011458
0.175000 0.195833 0.007292
0.183333 0.195833 0.004167
0.058333 0.209375 0.008333
0.068750 0.209375 0.007292
0.078125 0.209375 0.007292
0.087500 0.210417 0.007292
0.096875 0.210417 0.007292
0.108333 0.211458 0.007292
0.118750 0.211458 0.007292
0.130208 0.211458 0.011458
0.137500 0.212500 0.011458
0.145833 0.212500 0.007292
0.154167 0.213542 0.011458
0.164583 0.213542 0.007292
0.175000 0.213542 0.007292
0.184375 0.213542 0.007292
0.231250 0.221875 0.017708
0.255208 0.222917 0.011458
0.295833 0.222917 0.012500
0.215625 0.223958 0.021875
0.282292 0.223958 0.017708
0.302083 0.223958 0.015625
0.311458 0.223958 0.006250
0.370833 0.223958 0.019792
0.641667 0.223958 0.004167
0.669792 0.223958 0.009375
0.701042 0.223958 0.006250
0.779167 0.223958 0.029167
0.796875 0.223958 0.014583
0.344792 0.225000 0.007292
0.384375 0.225000 0.007292
0.590625 0.225000 0.007292
0.600000 0.225000 0.007292
0.648958 0.225000 0.005208
0.658333 0.225000 0.006250
0.682292 0.225000 0.007292
0.691667 0.225000 0.005208
0.719792 0.225000 0.011458
0.740625 0.225000 0.017708
0.755208 0.225000 0.007292
0.764583 0.225000 0.019792
0.060417 0.226042 0.011458
0.320833 0.226042 0.006250
0.394792 0.226042 0.017708
0.539583 0.226042 0.007292
0.577083 0.226042 0.009375
0.620833 0.226042 0.007292
0.629167 0.226042 0.016667
0.328125 0.227083 0.005208
0.336458 0.227083 0.004167
0.355208 0.227083 0.007292
0.523958 0.227083 0.021875
0.562500 0.227083 0.009375
0.079167 0.228125 0.007292
0.089583 0.228125 0.007292
0.097917 0.228125 0.006250
0.108333 0.228125 0.007292
0.122917 0.228125 0.007292
0.550000 0.228125 0.006250
0.136458 0.229167 0.007292
0.146875 0.229167 0.008333
0.159375 0.230208 0.007292
0.169792 0.230208 0.007292
0.183333 0.230208 0.009375
0.057292 0.243750 0.005208
0.092708 0.243750 0.008333
0.109375 0.243750 0.009375
0.067708 0.244792 0.008333
0.082292 0.244792 0.007292
0.121875 0.244792 0.007292
0.132292 0.244792 0.007292
0.138542 0.244792 0.007292
0.148958 0.244792 0.007292
0.160417 0.244792 0.009375
0.172917 0.244792 0.009375
0.183333 0.245833 0.009375
0.265625 0.257292 0.014583
0.328125 0.257292 0.013542
0.345833 0.257292 0.014583
0.058333 0.258333 0.010417
0.066667 0.258333 0.009375
0.220833 0.258333 0.007292
0.279167 0.258333 0.007292
0.289583 0.258333 0.005208
0.297917 0.258333 0.006250
0.082292 0.259375 0.009375
0.130208 0.259375 0.011458
0.137500 0.259375 0.009375
0.211458 0.259375 0.018750
0.234375 0.259375 0.007292
0.309375 0.259375 0.009375
0.382292 0.259375 0.009375
0.088542 0.260417 0.004167
0.095833 0.260417 0.007292
0.110417 0.260417 0.008333
0.122917 0.260417 0.010417
0.245833 0.260417 0.017708
0.366667 0.260417 0.011458
0.715625 0.260417 0.019792
0.789583 0.260417 0.004167
0.148958 0.261458 0.008333
0.162500 0.261458 0.009375
0.175000 0.261458 0.008333
0.394792 0.261458 0.020833
0.547917 0.261458 0.016667
0.567708 0.261458 0.015625
0.635417 0.261458 0.011458
0.685417 0.261458 0.009375
0.698958 0.261458 0.011458
0.742708 0.261458 0.013542
0.782292 0.261458 0.004167
0.796875 0.261458 0.019792
0.186458 0.262500 0.009375
0.523958 0.262500 0.016667
0.592708 0.262500 0.011458
0.619792 0.262500 0.006250
0.651042 0.262500 0.011458
0.671875 0.262500 0.017708
0.725000 0.262500 0.007292
0.770833 0.262500 0.021875
0.609375 0.263542 0.011458
0.758333 0.263542 0.010417
0.092708 0.273958 0.007292
0.058333 0.275000 0.008333
0.070833 0.275000 0.007292
0.081250 0.275000 0.007292
0.105208 0.275000 0.008333
0.117708 0.275000 0.007292
0.129167 0.276042 0.008333
0.141667 0.276042 0.007292
0.152083 0.277083 0.007292
0.161458 0.277083 0.007292
0.183333 0.277083 0.007292
0.173958 0.278125 0.007292
0.055208 0.290625 0.010417
0.071875 0.290625 0.007292
0.081250 0.290625 0.007292
0.090625 0.290625 0.007292
0.101042 0.291667 0.004167
0.107292 0.291667 0.009375
0.132292 0.291667 0.007292
0.259375 0.291667 0.014583
0.316667 0.291667 0.007292
0.115625 0.292708 0.011458
0.122917 0.292708 0.007292
0.139583 0.292708 0.007292
0.215625 0.292708 0.017708
0.151042 0.293750 0.007292
0.164583 0.293750 0.006250
0.172917 0.293750 0.004167
0.181250 0.293750 0.007292
0.238542 0.293750 0.014583
0.272917 0.293750 0.007292
0.286458 0.293750 0.007292
0.296875 0.293750 0.005208
0.305208 0.293750 0.006250
0.373958 0.293750 0.009375
0.721875 0.293750 0.004167
0.788542 0.293750 0.007292
0.188542 0.294792 0.010417
0.326042 0.294792 0.006250
0.336458 0.294792 0.007292
0.348958 0.294792 0.009375
0.363542 0.294792 0.009375
0.552083 0.294792 0.019792
0.654167 0.294792 0.007292
0.704167 0.294792 0.006250
0.713542 0.294792 0.006250
0.798958 0.294792 0.017708
0.405208 0.295833 0.014583
0.444792 0.295833 0.011458
0.457292 0.295833 0.007292
0.485417 0.295833 0.011458
0.521875 0.295833 0.007292
0.532292 0.295833 0.007292
0.565625 0.295833 0.007292
0.601042 0.295833 0.006250
0.626042 0.295833 0.009375
0.639583 0.295833 0.009375
0.691667 0.295833 0.009375
0.732292 0.295833 0.007292
0.742708 0.295833 0.007292
0.781250 0.295833 0.014583
0.387500 0.296875 0.007292
0.397917 0.296875 0.017708
0.427083 0.296875 0.015625
0.469792 0.296875 0.011458
0.507292 0.296875 0.014583
0.590625 0.296875 0.007292
0.614583 0.296875 0.018750
0.676042 0.296875 0.009375
0.753125 0.296875 0.007292
0.765625 0.296875 0.018750
0.579167 0.297917 0.008333
0.664583 0.297917 0.006250
0.055208 0.306250 0.009375
0.081250 0.306250 0.005208
0.088542 0.306250 0.007292
0.062500 0.307292 0.010417
0.073958 0.307292 0.010417
0.100000 0.307292 0.007292
0.110417 0.307292 0.006250
0.120833 0.307292 0.007292
0.141667 0.307292 0.007292
0.154167 0.307292 0.011458
0.162500 0.307292 0.007292
0.130208 0.308333 0.007292
0.172917 0.308333 0.007292
0.181250 0.308333 0.014583
0.188542 0.309375 0.010417
0.067708 0.321875 0.010417
0.081250 0.321875 0.011458
0.091667 0.321875 0.011458
0.097917 0.321875 0.004167
0.055208 0.322917 0.009375
0.110417 0.322917 0.009375
0.121875 0.323958 0.007292
0.133333 0.323958 0.009375
0.147917 0.323958 0.007292
0.762500 0.325000 0.007292
0.229167 0.326042 0.014583
0.269792 0.326042 0.016667
0.290625 0.326042 0.014583
0.740625 0.326042 0.009375
0.785417 0.326042 0.011458
0.452083 0.327083 0.011458
0.770833 0.327083 0.006250
0.797917 0.327083 0.022917
0.210417 0.328125 0.026042
0.242708 0.328125 0.023958
0.250000 0.328125 0.007292
0.259375 0.328125 0.006250
0.345833 0.328125 0.011458
0.362500 0.328125 0.009375
0.373958 0.328125 0.007292
0.384375 0.328125 0.020833
0.397917 0.328125 0.018750
0.418750 0.328125 0.014583
0.436458 0.328125 0.011458
0.498958 0.328125 0.009375
0.516667 0.328125 0.012500
0.564583 0.328125 0.011458
0.626042 0.328125 0.009375
0.696875 0.328125 0.011458
0.719792 0.328125 0.007292
0.730208 0.328125 0.006250
0.754167 0.328125 0.021875
0.313542 0.329167 0.025000
0.330208 0.329167 0.011458
0.408333 0.329167 0.004167
0.467708 0.329167 0.011458
0.484375 0.329167 0.010417
0.534375 0.329167 0.011458
0.550000 0.329167 0.007292
0.577083 0.329167 0.007292
0.600000 0.329167 0.008333
0.639583 0.329167 0.011458
0.654167 0.329167 0.011458
0.669792 0.329167 0.011458
0.708333 0.329167 0.007292
0.585417 0.330208 0.021875
0.609375 0.330208 0.004167
0.614583 0.330208 0.009375
0.682292 0.331250 0.007292
0.841667 0.409375 0.007292
0.832292 0.410417 0.007292
0.851042 0.410417 0.004167
0.821875 0.411458 0.014583
