0.358333 0.053125 0.050000
0.686458 0.053125 0.021875
0.734375 0.053125 0.017708
0.764583 0.054167 0.014583
0.783333 0.054167 0.014583
0.710417 0.055208 0.014583
0.088542 0.056250 0.039583
0.808333 0.056250 0.014583
0.884375 0.056250 0.034375
0.904167 0.056250 0.035417
0.846875 0.057292 0.030208
0.140625 0.058333 0.013542
0.157292 0.058333 0.014583
0.259375 0.058333 0.011458
0.323958 0.058333 0.020833
0.552083 0.058333 0.035417
0.601042 0.058333 0.021875
0.862500 0.058333 0.011458
0.181250 0.059375 0.014583
0.229167 0.059375 0.021875
0.297917 0.059375 0.014583
0.573958 0.059375 0.021875
0.631250 0.059375 0.017708
0.656250 0.059375 0.014583
0.276042 0.060417 0.011458
0.827083 0.060417 0.014583
0.115625 0.062500 0.032292
0.204167 0.062500 0.014583
0.401042 0.062500 0.026042
0.187500 0.108333 0.011458
0.209375 0.108333 0.016667
0.247917 0.108333 0.011458
0.537500 0.108333 0.034375
0.589583 0.108333 0.025000
0.625000 0.108333 0.029167
0.681250 0.108333 0.032292
0.664583 0.109375 0.030208
0.857292 0.109375 0.029167
0.121875 0.110417 0.011458
0.268750 0.110417 0.017708
0.294792 0.110417 0.017708
0.821875 0.110417 0.029167
0.083333 0.111458 0.032292
0.108333 0.111458 0.029167
0.143750 0.111458 0.014583
0.320833 0.111458 0.021875
0.338542 0.111458 0.031250
0.705208 0.111458 0.014583
0.722917 0.111458 0.011458
0.790625 0.111458 0.010417
0.808333 0.111458 0.027083
0.880208 0.111458 0.017708
0.898958 0.111458 0.032292
0.232292 0.112500 0.014583
0.557292 0.112500 0.032292
0.743750 0.112500 0.017708
0.770833 0.112500 0.017708
0.846875 0.112500 0.021875
0.167708 0.113542 0.014583
0.380208 0.113542 0.029167
0.405208 0.113542 0.029167
0.558333 0.158333 0.011458
0.212500 0.160417 0.011458
0.237500 0.160417 0.017708
0.386458 0.160417 0.014583
0.406250 0.160417 0.029167
0.848958 0.160417 0.011458
0.540625 0.161458 0.028125
0.728125 0.161458 0.017708
0.125000 0.162500 0.017708
0.196875 0.162500 0.011458
0.263542 0.162500 0.021875
0.328125 0.162500 0.029167
0.355208 0.162500 0.025000
0.601042 0.162500 0.021875
0.689583 0.162500 0.017708
0.707292 0.162500 0.011458
0.868750 0.162500 0.014583
0.101042 0.163542 0.013542
0.147917 0.163542 0.014583
0.575000 0.163542 0.029167
0.627083 0.163542 0.017708
0.656250 0.163542 0.023958
0.756250 0.163542 0.017708
0.781250 0.163542 0.017708
0.828125 0.163542 0.014583
0.892708 0.163542 0.032292
0.081250 0.164583 0.029167
0.170833 0.164583 0.020833
0.314583 0.164583 0.029167
0.807292 0.164583 0.014583
0.907292 0.165625 0.028125
0.290625 0.166667 0.014583
0.092708 0.212500 0.029167
0.855208 0.212500 0.014583
0.188542 0.213542 0.011458
0.392708 0.213542 0.011458
0.127083 0.214583 0.017708
0.167708 0.214583 0.017708
0.541667 0.214583 0.029167
0.568750 0.214583 0.009375
0.738542 0.214583 0.014583
0.212500 0.215625 0.032292
0.325000 0.215625 0.021875
0.357292 0.215625 0.014583
0.583333 0.215625 0.032292
0.672917 0.215625 0.028125
0.876042 0.215625 0.014583
0.908333 0.215625 0.025000
0.244792 0.216667 0.028125
0.607292 0.216667 0.017708
0.763542 0.216667 0.020833
0.793750 0.216667 0.021875
0.826042 0.216667 0.021875
0.148958 0.217708 0.011458
0.262500 0.217708 0.011458
0.297917 0.217708 0.029167
0.380208 0.217708 0.037500
0.407292 0.217708 0.038542
0.714583 0.217708 0.032292
0.901042 0.217708 0.035417
0.284375 0.218750 0.029167
0.658333 0.218750 0.037500
0.632292 0.219792 0.017708
0.688542 0.221875 0.009375
0.861458 0.264583 0.017708
0.534375 0.265625 0.023958
0.547917 0.265625 0.009375
0.794792 0.265625 0.021875
0.838542 0.265625 0.014583
0.902083 0.265625 0.028125
0.718750 0.266667 0.025000
0.816667 0.266667 0.014583
0.887500 0.266667 0.038542
0.082292 0.267708 0.030208
0.172917 0.267708 0.017708
0.197917 0.267708 0.014583
0.221875 0.267708 0.020833
0.300000 0.267708 0.017708
0.564583 0.267708 0.025000
0.654167 0.267708 0.018750
0.101042 0.268750 0.017708
0.152083 0.268750 0.017708
0.260417 0.268750 0.026042
0.628125 0.268750 0.011458
0.682292 0.268750 0.021875
0.762500 0.268750 0.021875
0.127083 0.269792 0.017708
0.346875 0.269792 0.017708
0.591667 0.269792 0.017708
0.319792 0.270833 0.014583
0.365625 0.270833 0.011458
0.613542 0.270833 0.028125
0.384375 0.271875 0.014583
0.405208 0.275000 0.032292
0.830208 0.314583 0.025000
0.905208 0.314583 0.039583
0.773958 0.315625 0.014583
0.856250 0.315625 0.017708
0.862500 0.315625 0.029167
0.173958 0.316667 0.025000
0.716667 0.316667 0.021875
0.800000 0.316667 0.021875
0.879167 0.316667 0.042708
0.088542 0.317708 0.025000
0.211458 0.317708 0.027083
0.306250 0.317708 0.029167
0.577083 0.317708 0.025000
0.604167 0.317708 0.025000
0.643750 0.317708 0.021875
0.684375 0.317708 0.025000
0.751042 0.317708 0.021875
0.117708 0.318750 0.011458
0.168750 0.318750 0.021875
0.291667 0.318750 0.029167
0.542708 0.318750 0.028125
0.140625 0.319792 0.017708
0.248958 0.319792 0.032292
0.360417 0.319792 0.017708
0.267708 0.320833 0.034375
0.336458 0.320833 0.021875
0.389583 0.322917 0.039583
