344.000000 51.000000 48.000000
659.000000 51.000000 21.000000
705.000000 51.000000 17.000000
734.000000 52.000000 14.000000
752.000000 52.000000 14.000000
682.000000 53.000000 14.000000
85.000000 54.000000 38.000000
776.000000 54.000000 14.000000
849.000000 54.000000 33.000000
868.000000 54.000000 34.000000
813.000000 55.000000 29.000000
135.000000 56.000000 13.000000
151.000000 56.000000 14.000000
249.000000 56.000000 11.000000
311.000000 56.000000 20.000000
530.000000 56.000000 34.000000
577.000000 56.000000 21.000000
828.000000 56.000000 11.000000
174.000000 57.000000 14.000000
220.000000 57.000000 21.000000
286.000000 57.000000 14.000000
551.000000 57.000000 21.000000
606.000000 57.000000 17.000000
630.000000 57.000000 14.000000
265.000000 58.000000 11.000000
794.000000 58.000000 14.000000
111.000000 60.000000 31.000000
196.000000 60.000000 14.000000
385.000000 60.000000 25.000000
180.000000 104.000000 11.000000
201.000000 104.000000 16.000000
238.000000 104.000000 11.000000
516.000000 104.000000 33.000000
566.000000 104.000000 24.000000
600.000000 104.000000 28.000000
654.000000 104.000000 31.000000
638.000000 105.000000 29.000000
823.000000 105.000000 28.000000
117.000000 106.000000 11.000000
258.000000 106.000000 17.000000
283.000000 106.000000 17.000000
789.000000 106.000000 28.000000
80.000000 107.000000 31.000000
104.000000 107.000000 28.000000
138.000000 107.000000 14.000000
308.000000 107.000000 21.000000
325.000000 107.000000 30.000000
677.000000 107.000000 14.000000
694.000000 107.000000 11.000000
759.000000 107.000000 10.000000
776.000000 107.000000 26.000000
845.000000 107.000000 17.000000
863.000000 107.000000 31.000000
223.000000 108.000000 14.000000
535.000000 108.000000 31.000000
714.000000 108.000000 17.000000
740.000000 108.000000 17.000000
813.000000 108.000000 21.000000
161.000000 109.000000 14.000000
365.000000 109.000000 28.000000
389.000000 109.000000 28.000000
536.000000 152.000000 11.000000
204.000000 154.000000 11.000000
228.000000 154.000000 17.000000
371.000000 154.000000 14.000000
390.000000 154.000000 28.000000
815.000000 154.000000 11.000000
519.000000 155.000000 27.000000
699.000000 155.000000 17.000000
120.000000 156.000000 17.000000
189.000000 156.000000 11.000000
253.000000 156.000000 21.000000
315.000000 156.000000 28.000000
341.000000 156.000000 24.000000
577.000000 156.000000 21.000000
662.000000 156.000000 17.000000
679.000000 156.000000 11.000000
834.000000 156.000000 14.000000
97.000000 157.000000 13.000000
142.000000 157.000000 14.000000
552.000000 157.000000 28.000000
602.000000 157.000000 17.000000
630.000000 157.000000 23.000000
726.000000 157.000000 17.000000
750.000000 157.000000 17.000000
795.000000 157.000000 14.000000
857.000000 157.000000 31.000000
78.000000 158.000000 28.000000
164.000000 158.000000 20.000000
302.000000 158.000000 28.000000
775.000000 158.000000 14.000000
871.000000 159.000000 27.000000
279.000000 160.000000 14.000000
89.000000 204.000000 28.000000
821.000000 204.000000 14.000000
181.000000 205.000000 11.000000
377.000000 205.000000 11.000000
122.000000 206.000000 17.000000
161.000000 206.000000 17.000000
520.000000 206.000000 28.000000
546.000000 206.000000 9.000000
709.000000 206.000000 14.000000
204.000000 207.000000 31.000000
312.000000 207.000000 21.000000
343.000000 207.000000 14.000000
560.000000 207.000000 31.000000
646.000000 207.000000 27.000000
841.000000 207.000000 14.000000
872.000000 207.000000 24.000000
235.000000 208.000000 27.000000
583.000000 208.000000 17.000000
733.000000 208.000000 20.000000
762.000000 208.000000 21.000000
793.000000 208.000000 21.000000
143.000000 209.000000 11.000000
252.000000 209.000000 11.000000
286.000000 209.000000 28.000000
365.000000 209.000000 36.000000
391.000000 209.000000 37.000000
686.000000 209.000000 31.000000
865.000000 209.000000 34.000000
273.000000 210.000000 28.000000
632.000000 210.000000 36.000000
607.000000 211.000000 17.000000
661.000000 213.000000 9.000000
827.000000 254.000000 17.000000
513.000000 255.000000 23.000000
526.000000 255.000000 9.000000
763.000000 255.000000 21.000000
805.000000 255.000000 14.000000
866.000000 255.000000 27.000000
690.000000 256.000000 24.000000
784.000000 256.000000 14.000000
852.000000 256.000000 37.000000
79.000000 257.000000 29.000000
166.000000 257.000000 17.000000
190.000000 257.000000 14.000000
213.000000 257.000000 20.000000
288.000000 257.000000 17.000000
542.000000 257.000000 24.000000
628.000000 257.000000 18.000000
97.000000 258.000000 17.000000
146.000000 258.000000 17.000000
250.000000 258.000000 25.000000
603.000000 258.000000 11.000000
655.000000 258.000000 21.000000
732.000000 258.000000 21.000000
122.000000 259.000000 17.000000
333.000000 259.000000 17.000000
568.000000 259.000000 17.000000
307.000000 260.000000 14.000000
351.000000 260.000000 11.000000
589.000000 260.000000 27.000000
369.000000 261.000000 14.000000
389.000000 264.000000 31.000000
797.000000 302.000000 24.000000
869.000000 302.000000 38.000000
743.000000 303.000000 14.000000
822.000000 303.000000 17.000000
828.000000 303.000000 28.000000
167.000000 304.000000 24.000000
688.000000 304.000000 21.000000
768.000000 304.000000 21.000000
844.000000 304.000000 41.000000
85.000000 305.000000 24.000000
203.000000 305.000000 26.000000
294.000000 305.000000 28.000000
554.000000 305.000000 24.000000
580.000000 305.000000 24.000000
618.000000 305.000000 21.000000
657.000000 305.000000 24.000000
721.000000 305.000000 21.000000
113.000000 306.000000 11.000000
162.000000 306.000000 21.000000
280.000000 306.000000 28.000000
521.000000 306.000000 27.000000
135.000000 307.000000 17.000000
239.000000 307.000000 31.000000
346.000000 307.000000 17.000000
257.000000 308.000000 33.000000
323.000000 308.000000 21.000000
374.000000 310.000000 38.000000
