0.189412 0.049412 0.006471
0.337059 0.050000 0.004118
0.350000 0.050000 0.005882
0.379412 0.050000 0.004118
0.385882 0.050000 0.004118
0.401176 0.050000 0.006471
0.142941 0.050588 0.010000
0.156471 0.050588 0.008235
0.166471 0.050588 0.006471
0.174706 0.050588 0.004118
0.282353 0.050588 0.006471
0.308235 0.050588 0.008235
0.318824 0.050588 0.010000
0.330000 0.050588 0.010000
0.342941 0.050588 0.004118
0.358235 0.050588 0.004118
0.364706 0.050588 0.004118
0.372941 0.050588 0.011176
0.392353 0.050588 0.005294
0.410588 0.050588 0.005294
0.418235 0.050588 0.011176
0.131176 0.051176 0.008235
0.181176 0.051176 0.006471
0.200000 0.051176 0.007059
0.229412 0.051176 0.010000
0.265294 0.051176 0.008235
0.274706 0.051176 0.004118
0.294706 0.051176 0.008235
0.324706 0.051176 0.004118
0.117647 0.051765 0.010000
0.210000 0.051765 0.006471
0.243529 0.051765 0.008235
0.253529 0.051765 0.006471
0.513529 0.051765 0.010000
0.216471 0.052353 0.004118
0.525294 0.052353 0.006471
0.532941 0.052353 0.004118
0.541176 0.052941 0.011765
0.558824 0.053529 0.011176
0.547059 0.054118 0.010588
0.565294 0.054118 0.004118
0.575882 0.054118 0.008235
0.604706 0.054118 0.005882
0.620588 0.054118 0.006471
0.645294 0.054118 0.008235
0.657647 0.054118 0.008235
0.688824 0.054118 0.008235
0.700000 0.054118 0.008235
0.588235 0.054706 0.008235
0.597059 0.054706 0.005294
0.612941 0.054706 0.004118
0.632353 0.054706 0.008235
0.670000 0.054706 0.010000
0.674706 0.054706 0.011176
0.721176 0.054706 0.006471
0.709412 0.055294 0.010000
0.728824 0.055882 0.004118
0.750588 0.055882 0.006471
0.734118 0.056471 0.003529
0.741176 0.056471 0.005294
0.758824 0.057059 0.012353
0.765882 0.057059 0.005294
0.773529 0.057647 0.006471
0.784118 0.057647 0.008235
0.797059 0.058235 0.009412
0.813529 0.058235 0.009412
0.826471 0.058235 0.008235
0.839412 0.058824 0.010000
0.853529 0.059412 0.010000
0.115882 0.067647 0.009412
0.214118 0.067647 0.010000
0.306471 0.067647 0.008235
0.319412 0.067647 0.008824
0.155882 0.068235 0.008235
0.201176 0.068235 0.008235
0.231176 0.068235 0.008235
0.258824 0.068235 0.008235
0.272353 0.068235 0.008235
0.293529 0.068235 0.007647
0.332941 0.068235 0.008235
0.345294 0.068235 0.008235
0.392941 0.068235 0.008235
0.510000 0.068235 0.010000
0.126471 0.068824 0.004118
0.135882 0.068824 0.008235
0.145294 0.068824 0.006471
0.170000 0.068824 0.008824
0.183529 0.068824 0.008235
0.244706 0.068824 0.008235
0.355294 0.068824 0.007059
0.380588 0.068824 0.006471
0.405294 0.068824 0.010000
0.411765 0.068824 0.004118
0.419412 0.068824 0.010000
0.191765 0.069412 0.005294
0.282941 0.069412 0.006471
0.359412 0.069412 0.002941
0.364706 0.069412 0.004118
0.371765 0.069412 0.005294
0.517647 0.069412 0.010000
0.530000 0.070000 0.007647
0.541176 0.070000 0.007647
0.572941 0.070000 0.008824
0.555294 0.070588 0.010000
0.621176 0.071176 0.010000
0.627647 0.071176 0.004118
0.588824 0.071765 0.010000
0.634706 0.071765 0.004118
0.642941 0.071765 0.007059
0.682353 0.071765 0.007647
0.655882 0.072353 0.008235
0.693529 0.072353 0.009412
0.597059 0.072941 0.002941
0.605882 0.072941 0.010588
0.669412 0.072941 0.008235
0.700000 0.073529 0.003529
0.704706 0.073529 0.004118
0.712353 0.073529 0.005882
0.717059 0.073529 0.008824
0.727059 0.073529 0.006471
0.736471 0.073529 0.006471
0.751765 0.074118 0.006471
0.769412 0.074118 0.007059
0.744706 0.074706 0.004118
0.759412 0.074706 0.006471
0.783529 0.075294 0.008235
0.796471 0.075294 0.008235
0.811176 0.075882 0.010000
0.827647 0.076471 0.008235
0.838235 0.076471 0.006471
0.848824 0.076471 0.010000
0.400588 0.085294 0.008235
0.512353 0.085294 0.009412
0.118235 0.085882 0.009412
0.132353 0.085882 0.009412
0.155294 0.085882 0.006471
0.180588 0.085882 0.008235
0.192941 0.085882 0.008235
0.201176 0.085882 0.004118
0.214118 0.085882 0.008235
0.288824 0.085882 0.009412
0.307059 0.085882 0.011176
0.356471 0.085882 0.008235
0.365294 0.085882 0.004118
0.386471 0.085882 0.008235
0.414706 0.085882 0.010000
0.166471 0.086471 0.008235
0.226471 0.086471 0.007647
0.235294 0.086471 0.004118
0.244118 0.086471 0.006471
0.260588 0.086471 0.006471
0.324118 0.086471 0.010000
0.372941 0.086471 0.010000
0.527059 0.086471 0.008824
0.252353 0.087059 0.005294
0.272941 0.087059 0.008235
0.342941 0.087059 0.008824
0.145882 0.087647 0.006471
0.559412 0.087647 0.008235
0.542353 0.088235 0.010000
0.548824 0.088235 0.006471
0.572353 0.088235 0.008235
0.586471 0.088235 0.008824
0.597059 0.089412 0.004118
0.602941 0.089412 0.010000
0.068235 0.090000 0.023529
0.610588 0.090000 0.004118
0.617059 0.090000 0.010000
0.653529 0.090000 0.008824
0.681176 0.090000 0.011176
0.694118 0.090000 0.008235
0.705294 0.090000 0.010000
0.626471 0.090588 0.006471
0.637647 0.090588 0.008235
0.665294 0.090588 0.008235
0.673529 0.090588 0.004118
0.725294 0.091176 0.008235
0.751176 0.091176 0.010000
0.738235 0.091765 0.008235
0.765882 0.091765 0.005294
0.772941 0.092353 0.004118
0.780588 0.092353 0.006471
0.792353 0.092353 0.008235
0.808235 0.092941 0.009412
0.821176 0.092941 0.008235
0.832353 0.092941 0.008235
0.843529 0.093529 0.006471
0.851765 0.094706 0.011176
0.115294 0.101765 0.009412
0.393529 0.102941 0.008235
0.415294 0.102941 0.010000
0.127059 0.103529 0.008235
0.186471 0.103529 0.008235
0.334706 0.103529 0.004118
0.357647 0.103529 0.008824
0.402353 0.103529 0.004118
0.408824 0.103529 0.004118
0.140000 0.104118 0.008235
0.159412 0.104118 0.009412
0.174118 0.104118 0.008235
0.220588 0.104118 0.004118
0.278824 0.104118 0.008235
0.312353 0.104118 0.008235
0.325882 0.104118 0.008235
0.343529 0.104118 0.008235
0.374706 0.104118 0.011176
0.509412 0.104118 0.008235
0.532353 0.104118 0.007647
0.542353 0.104118 0.005882
0.212353 0.104706 0.006471
0.230000 0.104706 0.006471
0.247647 0.104706 0.006471
0.383529 0.104706 0.005882
0.521176 0.104706 0.007059
0.549412 0.104706 0.010000
0.198235 0.105294 0.008235
0.202941 0.105294 0.010000
0.240588 0.105294 0.006471
0.261765 0.105294 0.010588
0.268824 0.105294 0.006471
0.292941 0.105294 0.010000
0.301765 0.105882 0.005882
0.565882 0.105882 0.010000
0.583529 0.106471 0.009412
0.595882 0.106471 0.008235
0.608235 0.107059 0.008235
0.625294 0.107647 0.010000
0.641176 0.108235 0.009412
0.654118 0.108235 0.008235
0.665882 0.108824 0.007647
0.737647 0.108824 0.008235
0.678235 0.109412 0.008235
0.705882 0.109412 0.006471
0.723529 0.109412 0.006471
0.749412 0.109412 0.008235
0.693529 0.110000 0.009412
0.715294 0.110000 0.005882
0.757059 0.110588 0.011765
0.773529 0.110588 0.010000
0.815882 0.110588 0.009412
0.905882 0.110588 0.024118
0.827647 0.111176 0.006471
0.788824 0.111765 0.009412
0.801176 0.111765 0.008235
0.848235 0.111765 0.009412
0.835294 0.112353 0.010000
0.176471 0.120000 0.006471
0.114706 0.120588 0.010000
0.157647 0.120588 0.007647
0.168235 0.120588 0.005882
0.510000 0.120588 0.010588
0.130000 0.121176 0.010000
0.145294 0.121176 0.008235
0.189412 0.121176 0.008235
0.200588 0.121176 0.008235
0.381176 0.121176 0.008235
0.525882 0.121176 0.008824
0.065294 0.121765 0.020000
0.392941 0.121765 0.010000
0.400000 0.121765 0.003529
0.414118 0.121765 0.011765
0.540588 0.121765 0.009412
0.558235 0.121765 0.009412
0.232353 0.122353 0.008235
0.270588 0.122353 0.006471
0.308824 0.122353 0.006471
0.316471 0.122353 0.011176
0.364118 0.122353 0.011765
0.405294 0.122353 0.004118
0.569412 0.122353 0.008235
0.573529 0.122353 0.010000
0.060588 0.122941 0.021176
0.214706 0.122941 0.010000
0.243529 0.122941 0.008235
0.254706 0.122941 0.006471
0.262941 0.122941 0.004118
0.287059 0.122941 0.010000
0.329412 0.122941 0.008824
0.345294 0.122941 0.010000
0.354706 0.122941 0.010000
0.371765 0.122941 0.005294
0.581176 0.122941 0.005882
0.591765 0.122941 0.007059
0.280000 0.123529 0.005294
0.299412 0.123529 0.008235
0.615882 0.123529 0.008824
0.603529 0.124118 0.007647
0.632941 0.124706 0.008824
0.645882 0.125294 0.010000
0.660588 0.125882 0.006471
0.668824 0.125882 0.004118
0.685294 0.125882 0.006471
0.698235 0.125882 0.008824
0.711176 0.125882 0.007647
0.675294 0.126471 0.010000
0.731176 0.127059 0.006471
0.740588 0.127059 0.005294
0.061765 0.127647 0.023529
0.721176 0.127647 0.006471
0.747647 0.127647 0.010000
0.760000 0.128235 0.008235
0.813529 0.128824 0.008235
0.827059 0.128824 0.010000
0.834706 0.128824 0.004118
0.844706 0.128824 0.007647
0.774118 0.129412 0.008235
0.785294 0.129412 0.006471
0.792941 0.130000 0.005294
0.802941 0.130000 0.006471
0.855294 0.130000 0.008235
0.117647 0.138824 0.010588
0.510588 0.138824 0.010000
0.134118 0.139412 0.006471
0.142941 0.140000 0.006471
0.186471 0.140000 0.010000
0.201176 0.140000 0.009412
0.254706 0.140000 0.011176
0.368235 0.140000 0.006471
0.521765 0.140000 0.008235
0.535294 0.140000 0.008235
0.550588 0.140000 0.010000
0.162941 0.140588 0.004118
0.171765 0.140588 0.006471
0.180000 0.140588 0.004118
0.214706 0.140588 0.008235
0.238235 0.140588 0.008235
0.352353 0.140588 0.005294
0.359412 0.140588 0.004118
0.381765 0.140588 0.008824
0.154706 0.141176 0.006471
0.226471 0.141176 0.007647
0.247059 0.141176 0.004118
0.299412 0.141176 0.007059
0.311176 0.141176 0.008235
0.322941 0.141176 0.008235
0.333529 0.141176 0.006471
0.343529 0.141176 0.006471
0.394706 0.141176 0.008235
0.407059 0.141176 0.010000
0.591176 0.141176 0.008235
0.270588 0.141765 0.010588
0.274706 0.141765 0.010000
0.287647 0.141765 0.008235
0.412941 0.141765 0.012353
0.565882 0.141765 0.008235
0.578824 0.141765 0.008235
0.602941 0.141765 0.008235
0.615294 0.142353 0.008235
0.627059 0.142941 0.008235
0.640588 0.143529 0.009412
0.652941 0.143529 0.004118
0.660000 0.143529 0.006471
0.668824 0.144118 0.005294
0.678235 0.144706 0.008235
0.691765 0.144706 0.008235
0.707647 0.144706 0.010000
0.732353 0.144706 0.006471
0.722353 0.145294 0.008235
0.741176 0.145882 0.012353
0.755882 0.145882 0.011176
0.762353 0.145882 0.010000
0.773529 0.146471 0.008235
0.784118 0.147059 0.006471
0.813529 0.147059 0.005294
0.822941 0.147059 0.007647
0.791765 0.147647 0.011765
0.804706 0.147647 0.008235
0.835882 0.147647 0.008235
0.846471 0.147647 0.012353
0.852353 0.148824 0.011176
0.109412 0.155882 0.015882
0.118824 0.156471 0.008235
0.131176 0.157059 0.008235
0.158824 0.157059 0.008235
0.171765 0.157059 0.006471
0.180588 0.157059 0.008824
0.505294 0.157059 0.011765
0.144118 0.157647 0.008235
0.185294 0.157647 0.004118
0.192941 0.157647 0.006471
0.511176 0.157647 0.016471
0.201765 0.158235 0.006471
0.412941 0.158235 0.011176
0.522353 0.158235 0.006471
0.215294 0.158824 0.009412
0.230000 0.158824 0.009412
0.244706 0.158824 0.011176
0.539412 0.158824 0.006471
0.251176 0.159412 0.014118
0.262353 0.159412 0.008235
0.357647 0.159412 0.009412
0.371176 0.159412 0.008235
0.384118 0.159412 0.008235
0.397647 0.159412 0.008235
0.531176 0.159412 0.005294
0.547647 0.159412 0.006471
0.274706 0.160000 0.008235
0.319412 0.160588 0.011765
0.342353 0.160588 0.011765
0.570588 0.160588 0.006471
0.586471 0.160588 0.011765
0.287647 0.161176 0.008235
0.301176 0.161176 0.009412
0.558824 0.161176 0.008235
0.594118 0.161176 0.004118
0.602353 0.161176 0.014118
0.610588 0.161176 0.012353
0.625294 0.161176 0.009412
0.578235 0.161765 0.004118
0.640000 0.161765 0.010000
0.657059 0.162353 0.010000
0.674118 0.163529 0.006471
0.666471 0.164118 0.004118
0.682941 0.164118 0.005882
0.692941 0.164118 0.008235
0.702941 0.164118 0.006471
0.714118 0.164706 0.012353
0.731176 0.164706 0.008235
0.721176 0.165294 0.005294
0.771765 0.165882 0.005294
0.744706 0.166471 0.009412
0.757059 0.166471 0.011176
0.763529 0.166471 0.005294
0.780000 0.167059 0.012941
0.790000 0.167059 0.004118
0.796471 0.167059 0.011176
0.808235 0.167647 0.007647
0.817059 0.167647 0.006471
0.827059 0.168235 0.006471
0.835882 0.168235 0.004118
0.843529 0.168235 0.006471
0.854118 0.169412 0.015294
