322.000000 84.000000 11.000000
573.000000 85.000000 7.000000
595.000000 85.000000 10.000000
645.000000 85.000000 7.000000
656.000000 85.000000 7.000000
682.000000 85.000000 11.000000
243.000000 86.000000 17.000000
266.000000 86.000000 14.000000
283.000000 86.000000 11.000000
297.000000 86.000000 7.000000
480.000000 86.000000 11.000000
524.000000 86.000000 14.000000
542.000000 86.000000 17.000000
561.000000 86.000000 17.000000
583.000000 86.000000 7.000000
609.000000 86.000000 7.000000
620.000000 86.000000 7.000000
634.000000 86.000000 19.000000
667.000000 86.000000 9.000000
698.000000 86.000000 9.000000
711.000000 86.000000 19.000000
223.000000 87.000000 14.000000
308.000000 87.000000 11.000000
340.000000 87.000000 12.000000
390.000000 87.000000 17.000000
451.000000 87.000000 14.000000
467.000000 87.000000 7.000000
501.000000 87.000000 14.000000
552.000000 87.000000 7.000000
200.000000 88.000000 17.000000
357.000000 88.000000 11.000000
414.000000 88.000000 14.000000
431.000000 88.000000 11.000000
873.000000 88.000000 17.000000
368.000000 89.000000 7.000000
893.000000 89.000000 11.000000
906.000000 89.000000 7.000000
920.000000 90.000000 20.000000
950.000000 91.000000 19.000000
930.000000 92.000000 18.000000
961.000000 92.000000 7.000000
979.000000 92.000000 14.000000
1028.000000 92.000000 10.000000
1055.000000 92.000000 11.000000
1097.000000 92.000000 14.000000
1118.000000 92.000000 14.000000
1171.000000 92.000000 14.000000
1190.000000 92.000000 14.000000
1000.000000 93.000000 14.000000
1015.000000 93.000000 9.000000
1042.000000 93.000000 7.000000
1075.000000 93.000000 14.000000
1139.000000 93.000000 17.000000
1147.000000 93.000000 19.000000
1226.000000 93.000000 11.000000
1206.000000 94.000000 17.000000
1239.000000 95.000000 7.000000
1276.000000 95.000000 11.000000
1248.000000 96.000000 6.000000
1260.000000 96.000000 9.000000
1290.000000 97.000000 21.000000
1302.000000 97.000000 9.000000
1315.000000 98.000000 11.000000
1333.000000 98.000000 14.000000
1355.000000 99.000000 16.000000
1383.000000 99.000000 16.000000
1405.000000 99.000000 14.000000
1427.000000 100.000000 17.000000
1451.000000 101.000000 17.000000
197.000000 115.000000 16.000000
364.000000 115.000000 17.000000
521.000000 115.000000 14.000000
543.000000 115.000000 15.000000
265.000000 116.000000 14.000000
342.000000 116.000000 14.000000
393.000000 116.000000 14.000000
440.000000 116.000000 14.000000
463.000000 116.000000 14.000000
499.000000 116.000000 13.000000
566.000000 116.000000 14.000000
587.000000 116.000000 14.000000
668.000000 116.000000 14.000000
867.000000 116.000000 17.000000
215.000000 117.000000 7.000000
231.000000 117.000000 14.000000
247.000000 117.000000 11.000000
289.000000 117.000000 15.000000
312.000000 117.000000 14.000000
416.000000 117.000000 14.000000
604.000000 117.000000 12.000000
647.000000 117.000000 11.000000
689.000000 117.000000 17.000000
700.000000 117.000000 7.000000
713.000000 117.000000 17.000000
326.000000 118.000000 9.000000
481.000000 118.000000 11.000000
611.000000 118.000000 5.000000
620.000000 118.000000 7.000000
632.000000 118.000000 9.000000
880.000000 118.000000 17.000000
901.000000 119.000000 13.000000
920.000000 119.000000 13.000000
974.000000 119.000000 15.000000
944.000000 120.000000 17.000000
1056.000000 121.000000 17.000000
1067.000000 121.000000 7.000000
1001.000000 122.000000 17.000000
1079.000000 122.000000 7.000000
1093.000000 122.000000 12.000000
1160.000000 122.000000 13.000000
1115.000000 123.000000 14.000000
1179.000000 123.000000 16.000000
1015.000000 124.000000 5.000000
1030.000000 124.000000 18.000000
1138.000000 124.000000 14.000000
1190.000000 125.000000 6.000000
1198.000000 125.000000 7.000000
1211.000000 125.000000 10.000000
1219.000000 125.000000 15.000000
1236.000000 125.000000 11.000000
1252.000000 125.000000 11.000000
1278.000000 126.000000 11.000000
1308.000000 126.000000 12.000000
1266.000000 127.000000 7.000000
1291.000000 127.000000 11.000000
1332.000000 128.000000 14.000000
1354.000000 128.000000 14.000000
1379.000000 129.000000 17.000000
1407.000000 130.000000 14.000000
1425.000000 130.000000 11.000000
1443.000000 130.000000 17.000000
681.000000 145.000000 14.000000
871.000000 145.000000 16.000000
201.000000 146.000000 16.000000
225.000000 146.000000 16.000000
264.000000 146.000000 11.000000
307.000000 146.000000 14.000000
328.000000 146.000000 14.000000
342.000000 146.000000 7.000000
364.000000 146.000000 14.000000
491.000000 146.000000 16.000000
522.000000 146.000000 19.000000
606.000000 146.000000 14.000000
621.000000 146.000000 7.000000
657.000000 146.000000 14.000000
705.000000 146.000000 17.000000
283.000000 147.000000 14.000000
385.000000 147.000000 13.000000
400.000000 147.000000 7.000000
415.000000 147.000000 11.000000
443.000000 147.000000 11.000000
551.000000 147.000000 17.000000
634.000000 147.000000 17.000000
896.000000 147.000000 15.000000
429.000000 148.000000 9.000000
464.000000 148.000000 14.000000
583.000000 148.000000 15.000000
248.000000 149.000000 11.000000
951.000000 149.000000 14.000000
922.000000 150.000000 17.000000
933.000000 150.000000 11.000000
973.000000 150.000000 14.000000
997.000000 150.000000 15.000000
1015.000000 152.000000 7.000000
1025.000000 152.000000 17.000000
116.000000 153.000000 40.000000
1038.000000 153.000000 7.000000
1049.000000 153.000000 17.000000
1111.000000 153.000000 15.000000
1158.000000 153.000000 19.000000
1180.000000 153.000000 14.000000
1199.000000 153.000000 17.000000
1065.000000 154.000000 11.000000
1084.000000 154.000000 14.000000
1131.000000 154.000000 14.000000
1145.000000 154.000000 7.000000
1233.000000 155.000000 14.000000
1277.000000 155.000000 17.000000
1255.000000 156.000000 14.000000
1302.000000 156.000000 9.000000
1314.000000 157.000000 7.000000
1327.000000 157.000000 11.000000
1347.000000 157.000000 14.000000
1374.000000 158.000000 16.000000
1396.000000 158.000000 14.000000
1415.000000 158.000000 14.000000
1434.000000 159.000000 11.000000
1448.000000 161.000000 19.000000
196.000000 173.000000 16.000000
669.000000 175.000000 14.000000
706.000000 175.000000 17.000000
216.000000 176.000000 14.000000
317.000000 176.000000 14.000000
569.000000 176.000000 7.000000
608.000000 176.000000 15.000000
684.000000 176.000000 7.000000
695.000000 176.000000 7.000000
238.000000 177.000000 14.000000
271.000000 177.000000 16.000000
296.000000 177.000000 14.000000
375.000000 177.000000 7.000000
474.000000 177.000000 14.000000
531.000000 177.000000 14.000000
554.000000 177.000000 14.000000
584.000000 177.000000 14.000000
637.000000 177.000000 19.000000
866.000000 177.000000 14.000000
905.000000 177.000000 13.000000
922.000000 177.000000 10.000000
361.000000 178.000000 11.000000
391.000000 178.000000 11.000000
421.000000 178.000000 11.000000
652.000000 178.000000 10.000000
886.000000 178.000000 12.000000
934.000000 178.000000 17.000000
337.000000 179.000000 14.000000
345.000000 179.000000 17.000000
409.000000 179.000000 11.000000
445.000000 179.000000 18.000000
457.000000 179.000000 11.000000
498.000000 179.000000 17.000000
513.000000 180.000000 10.000000
962.000000 180.000000 17.000000
992.000000 181.000000 16.000000
1013.000000 181.000000 14.000000
1034.000000 182.000000 14.000000
1063.000000 183.000000 17.000000
1090.000000 184.000000 16.000000
1112.000000 184.000000 14.000000
1132.000000 185.000000 13.000000
1254.000000 185.000000 14.000000
1153.000000 186.000000 14.000000
1200.000000 186.000000 11.000000
1230.000000 186.000000 11.000000
1274.000000 186.000000 14.000000
1179.000000 187.000000 16.000000
1216.000000 187.000000 10.000000
1287.000000 188.000000 20.000000
1315.000000 188.000000 17.000000
1387.000000 188.000000 16.000000
1540.000000 188.000000 41.000000
1407.000000 189.000000 11.000000
1341.000000 190.000000 16.000000
1362.000000 190.000000 14.000000
1442.000000 190.000000 16.000000
1420.000000 191.000000 17.000000
300.000000 204.000000 11.000000
195.000000 205.000000 17.000000
268.000000 205.000000 13.000000
286.000000 205.000000 10.000000
867.000000 205.000000 18.000000
221.000000 206.000000 17.000000
247.000000 206.000000 14.000000
322.000000 206.000000 14.000000
341.000000 206.000000 14.000000
648.000000 206.000000 14.000000
894.000000 206.000000 15.000000
111.000000 207.000000 34.000000
668.000000 207.000000 17.000000
680.000000 207.000000 6.000000
704.000000 207.000000 20.000000
919.000000 207.000000 16.000000
949.000000 207.000000 16.000000
395.000000 208.000000 14.000000
460.000000 208.000000 11.000000
525.000000 208.000000 11.000000
538.000000 208.000000 19.000000
619.000000 208.000000 20.000000
689.000000 208.000000 7.000000
968.000000 208.000000 14.000000
975.000000 208.000000 17.000000
103.000000 209.000000 36.000000
365.000000 209.000000 17.000000
414.000000 209.000000 14.000000
433.000000 209.000000 11.000000
447.000000 209.000000 7.000000
488.000000 209.000000 17.000000
560.000000 209.000000 15.000000
587.000000 209.000000 17.000000
603.000000 209.000000 17.000000
632.000000 209.000000 9.000000
988.000000 209.000000 10.000000
1006.000000 209.000000 12.000000
476.000000 210.000000 9.000000
509.000000 210.000000 14.000000
1047.000000 210.000000 15.000000
1026.000000 211.000000 13.000000
1076.000000 212.000000 15.000000
1098.000000 213.000000 17.000000
1123.000000 214.000000 11.000000
1137.000000 214.000000 7.000000
1165.000000 214.000000 11.000000
1187.000000 214.000000 15.000000
1209.000000 214.000000 13.000000
1148.000000 215.000000 17.000000
1243.000000 216.000000 11.000000
1259.000000 216.000000 9.000000
105.000000 217.000000 40.000000
1226.000000 217.000000 11.000000
1271.000000 217.000000 17.000000
1292.000000 218.000000 14.000000
1383.000000 219.000000 14.000000
1406.000000 219.000000 17.000000
1419.000000 219.000000 7.000000
1436.000000 219.000000 13.000000
1316.000000 220.000000 14.000000
1335.000000 220.000000 11.000000
1348.000000 221.000000 9.000000
1365.000000 221.000000 11.000000
1454.000000 221.000000 14.000000
200.000000 236.000000 18.000000
868.000000 236.000000 17.000000
228.000000 237.000000 11.000000
243.000000 238.000000 11.000000
317.000000 238.000000 17.000000
342.000000 238.000000 16.000000
433.000000 238.000000 19.000000
626.000000 238.000000 11.000000
887.000000 238.000000 14.000000
910.000000 238.000000 14.000000
936.000000 238.000000 17.000000
277.000000 239.000000 7.000000
292.000000 239.000000 11.000000
306.000000 239.000000 7.000000
365.000000 239.000000 14.000000
405.000000 239.000000 14.000000
599.000000 239.000000 9.000000
611.000000 239.000000 7.000000
649.000000 239.000000 15.000000
263.000000 240.000000 11.000000
385.000000 240.000000 13.000000
420.000000 240.000000 7.000000
509.000000 240.000000 12.000000
529.000000 240.000000 14.000000
549.000000 240.000000 14.000000
567.000000 240.000000 11.000000
584.000000 240.000000 11.000000
671.000000 240.000000 14.000000
692.000000 240.000000 17.000000
1005.000000 240.000000 14.000000
460.000000 241.000000 18.000000
467.000000 241.000000 17.000000
489.000000 241.000000 14.000000
702.000000 241.000000 21.000000
962.000000 241.000000 14.000000
984.000000 241.000000 14.000000
1025.000000 241.000000 14.000000
1046.000000 242.000000 14.000000
1066.000000 243.000000 14.000000
1089.000000 244.000000 16.000000
1110.000000 244.000000 7.000000
1122.000000 244.000000 11.000000
1137.000000 245.000000 9.000000
1153.000000 246.000000 14.000000
1176.000000 246.000000 14.000000
1203.000000 246.000000 17.000000
1245.000000 246.000000 11.000000
1228.000000 247.000000 14.000000
1260.000000 248.000000 21.000000
1285.000000 248.000000 19.000000
1296.000000 248.000000 17.000000
1315.000000 249.000000 14.000000
1333.000000 250.000000 11.000000
1383.000000 250.000000 9.000000
1399.000000 250.000000 13.000000
1346.000000 251.000000 20.000000
1368.000000 251.000000 14.000000
1421.000000 251.000000 14.000000
1439.000000 251.000000 21.000000
1449.000000 253.000000 19.000000
186.000000 265.000000 27.000000
202.000000 266.000000 14.000000
223.000000 267.000000 14.000000
270.000000 267.000000 14.000000
292.000000 267.000000 11.000000
307.000000 267.000000 15.000000
859.000000 267.000000 20.000000
245.000000 268.000000 14.000000
315.000000 268.000000 7.000000
328.000000 268.000000 11.000000
869.000000 268.000000 28.000000
343.000000 269.000000 11.000000
702.000000 269.000000 19.000000
888.000000 269.000000 11.000000
366.000000 270.000000 16.000000
391.000000 270.000000 16.000000
416.000000 270.000000 19.000000
917.000000 270.000000 11.000000
427.000000 271.000000 24.000000
446.000000 271.000000 14.000000
608.000000 271.000000 16.000000
631.000000 271.000000 14.000000
653.000000 271.000000 14.000000
676.000000 271.000000 14.000000
903.000000 271.000000 9.000000
931.000000 271.000000 11.000000
467.000000 272.000000 14.000000
543.000000 273.000000 20.000000
582.000000 273.000000 20.000000
970.000000 273.000000 11.000000
997.000000 273.000000 20.000000
489.000000 274.000000 14.000000
512.000000 274.000000 16.000000
950.000000 274.000000 14.000000
1010.000000 274.000000 7.000000
1024.000000 274.000000 24.000000
1038.000000 274.000000 21.000000
1063.000000 274.000000 16.000000
983.000000 275.000000 7.000000
1088.000000 275.000000 17.000000
1117.000000 276.000000 17.000000
1146.000000 278.000000 11.000000
1133.000000 279.000000 7.000000
1161.000000 279.000000 10.000000
1178.000000 279.000000 14.000000
1195.000000 279.000000 11.000000
1214.000000 280.000000 21.000000
1243.000000 280.000000 14.000000
1226.000000 281.000000 9.000000
1312.000000 282.000000 9.000000
1266.000000 283.000000 16.000000
1287.000000 283.000000 19.000000
1298.000000 283.000000 9.000000
1326.000000 284.000000 22.000000
1343.000000 284.000000 7.000000
1354.000000 284.000000 19.000000
1374.000000 285.000000 13.000000
1389.000000 285.000000 11.000000
1406.000000 286.000000 11.000000
1421.000000 286.000000 7.000000
1434.000000 286.000000 11.000000
1452.000000 288.000000 26.000000
